8.945233583450317383e+00
8.381186246871948242e+00
8.527929544448852539e+00
8.288669109344482422e+00
8.287474870681762695e+00
8.231201171875000000e+00
8.286149263381958008e+00
8.102508068084716797e+00
8.193761348724365234e+00
8.191228389739990234e+00
8.273122787475585938e+00
8.225667476654052734e+00
8.286623477935791016e+00
8.270302772521972656e+00
8.397099256515502930e+00
8.293168783187866211e+00
8.151748180389404297e+00
8.301664590835571289e+00
8.317544221878051758e+00
8.341642618179321289e+00
