9.629145145416259766e+00
8.747497320175170898e+00
8.423825025558471680e+00
8.157366752624511719e+00
8.254052162170410156e+00
8.246828556060791016e+00
8.500677347183227539e+00
8.376030206680297852e+00
8.480036020278930664e+00
8.271678447723388672e+00
8.163732528686523438e+00
8.096659660339355469e+00
8.040403366088867188e+00
7.935071945190429688e+00
8.141062498092651367e+00
8.573675870895385742e+00
8.207416296005249023e+00
8.374829530715942383e+00
8.461617708206176758e+00
8.374051094055175781e+00
