9.940907478332519531e+00
9.305829048156738281e+00
9.425750255584716797e+00
9.318475008010864258e+00
9.216202020645141602e+00
9.178484439849853516e+00
9.200800895690917969e+00
9.163326501846313477e+00
9.172646045684814453e+00
9.174549102783203125e+00
9.152412652969360352e+00
9.122992277145385742e+00
9.201560497283935547e+00
9.133436441421508789e+00
9.154471874237060547e+00
9.199279785156250000e+00
9.140294075012207031e+00
9.174177885055541992e+00
9.231767177581787109e+00
9.196987628936767578e+00
