8.646849393844604492e+00
8.213400840759277344e+00
8.169455051422119141e+00
8.193709373474121094e+00
8.109675645828247070e+00
8.114694356918334961e+00
8.116138935089111328e+00
8.110171794891357422e+00
8.075236797332763672e+00
8.096569776535034180e+00
8.100928068161010742e+00
8.095149278640747070e+00
8.112676382064819336e+00
8.103610277175903320e+00
8.170205831527709961e+00
8.123398065567016602e+00
8.118819236755371094e+00
8.121844053268432617e+00
8.101394176483154297e+00
8.117548942565917969e+00
