9.547906398773193359e+00
8.896763801574707031e+00
9.054098129272460938e+00
8.849191188812255859e+00
8.925275325775146484e+00
8.967258453369140625e+00
8.980058431625366211e+00
8.657165050506591797e+00
8.885425329208374023e+00
8.912968158721923828e+00
8.866273641586303711e+00
8.700072765350341797e+00
8.853905677795410156e+00
8.809696674346923828e+00
8.817838191986083984e+00
8.789245605468750000e+00
8.400696516036987305e+00
8.639497280120849609e+00
8.551874637603759766e+00
8.606485605239868164e+00
