9.840407848358154297e+00
9.509997129440307617e+00
9.523911237716674805e+00
9.563075780868530273e+00
9.479002952575683594e+00
9.696018695831298828e+00
9.511039018630981445e+00
9.458819866180419922e+00
9.556239843368530273e+00
9.512172698974609375e+00
9.461352109909057617e+00
9.496558189392089844e+00
9.536162614822387695e+00
9.472174167633056641e+00
9.495349407196044922e+00
9.490307807922363281e+00
9.512156963348388672e+00
9.479853391647338867e+00
9.486124515533447266e+00
9.515798091888427734e+00
