8.974305629730224609e+00
8.871784687042236328e+00
8.569566726684570312e+00
8.525250196456909180e+00
8.573190689086914062e+00
8.594984292984008789e+00
8.610028266906738281e+00
8.592544078826904297e+00
8.626443862915039062e+00
8.589068412780761719e+00
8.577713966369628906e+00
8.679220199584960938e+00
8.518742322921752930e+00
8.572362661361694336e+00
8.658184766769409180e+00
8.646902084350585938e+00
8.546598672866821289e+00
8.628130912780761719e+00
8.655619144439697266e+00
8.694345951080322266e+00
