1.101164221763610840e+01
1.058535432815551758e+01
1.053371357917785645e+01
1.061718177795410156e+01
1.059069800376892090e+01
1.057459211349487305e+01
1.061522078514099121e+01
1.058844780921936035e+01
1.055001163482666016e+01
1.051165151596069336e+01
1.052172708511352539e+01
1.053604888916015625e+01
1.051324343681335449e+01
1.050819897651672363e+01
1.052907085418701172e+01
1.054115080833435059e+01
1.048825120925903320e+01
1.051793146133422852e+01
1.057070374488830566e+01
1.053641700744628906e+01
