9.408898591995239258e+00
8.882160902023315430e+00
8.750931262969970703e+00
8.715031862258911133e+00
8.556318521499633789e+00
8.406002044677734375e+00
8.309342145919799805e+00
8.299119710922241211e+00
8.275125980377197266e+00
8.351756095886230469e+00
8.498588323593139648e+00
8.384707450866699219e+00
8.463329792022705078e+00
8.403584003448486328e+00
8.395714044570922852e+00
8.365062713623046875e+00
8.347623109817504883e+00
8.384854316711425781e+00
8.418070316314697266e+00
8.350269079208374023e+00
