8.933090925216674805e+00
8.618326187133789062e+00
8.667323112487792969e+00
8.594455480575561523e+00
8.666215419769287109e+00
8.672580242156982422e+00
8.628643751144409180e+00
8.591151237487792969e+00
8.596690654754638672e+00
8.578119277954101562e+00
8.611478805541992188e+00
8.593406438827514648e+00
8.642587423324584961e+00
8.589975833892822266e+00
8.551559925079345703e+00
8.614510536193847656e+00
8.627520322799682617e+00
8.604567766189575195e+00
8.599204063415527344e+00
8.580031871795654297e+00
