9.109820604324340820e+00
8.622669935226440430e+00
8.712138414382934570e+00
8.468247175216674805e+00
8.449142694473266602e+00
8.493453025817871094e+00
8.435551881790161133e+00
8.461766004562377930e+00
8.490809917449951172e+00
8.482038021087646484e+00
8.514645576477050781e+00
8.468815803527832031e+00
8.499843835830688477e+00
8.491389036178588867e+00
8.483499765396118164e+00
8.451498508453369141e+00
8.460175991058349609e+00
8.445378780364990234e+00
8.288576126098632812e+00
8.490953922271728516e+00
