9.086622953414916992e+00
8.148720264434814453e+00
8.015985965728759766e+00
7.999899148941040039e+00
7.978126525878906250e+00
7.953642129898071289e+00
7.959433794021606445e+00
8.031873703002929688e+00
7.956175327301025391e+00
8.017495155334472656e+00
7.961298942565917969e+00
7.972501516342163086e+00
7.934469461441040039e+00
7.973311662673950195e+00
7.967072963714599609e+00
8.010558605194091797e+00
7.953422069549560547e+00
7.976586103439331055e+00
7.960467576980590820e+00
7.992549896240234375e+00
