1.054500055313110352e+01
1.015720891952514648e+01
1.013277983665466309e+01
1.022753381729125977e+01
1.011443829536437988e+01
1.007268357276916504e+01
1.005820584297180176e+01
1.006138920783996582e+01
1.009934711456298828e+01
1.010410070419311523e+01
1.021816158294677734e+01
1.003153848648071289e+01
1.006758117675781250e+01
1.004309010505676270e+01
1.006887125968933105e+01
9.988497018814086914e+00
1.013765645027160645e+01
1.021374917030334473e+01
1.006327748298645020e+01
1.016215467453002930e+01
1.007255125045776367e+01
1.004303836822509766e+01
1.007810473442077637e+01
1.012715888023376465e+01
1.010886049270629883e+01
1.002957797050476074e+01
1.007862639427185059e+01
1.000565290451049805e+01
1.012151336669921875e+01
1.010956621170043945e+01
