2.832583904266357422e+00
2.337574958801269531e+00
2.341370344161987305e+00
2.403503179550170898e+00
2.430179595947265625e+00
2.761652708053588867e+00
2.403492927551269531e+00
2.306946754455566406e+00
2.238523244857788086e+00
2.198148488998413086e+00
2.338811159133911133e+00
2.504220962524414062e+00
2.362774372100830078e+00
2.317788124084472656e+00
2.189358472824096680e+00
2.150074243545532227e+00
2.175084352493286133e+00
2.315187454223632812e+00
2.292001247406005859e+00
2.136380910873413086e+00
2.332659721374511719e+00
2.288239240646362305e+00
2.266269207000732422e+00
2.274470329284667969e+00
2.163721561431884766e+00
2.215191841125488281e+00
2.192928791046142578e+00
2.161208391189575195e+00
2.271698951721191406e+00
2.127662897109985352e+00
