1.072886228561401367e+00
1.063990354537963867e+00
8.910975456237792969e-01
1.008107900619506836e+00
8.479480743408203125e-01
8.415451049804687500e-01
8.271636962890625000e-01
9.109623432159423828e-01
8.450040817260742188e-01
7.557423114776611328e-01
9.163649082183837891e-01
9.871509075164794922e-01
8.707773685455322266e-01
7.327454090118408203e-01
8.184208869934082031e-01
8.826320171356201172e-01
7.873711585998535156e-01
8.504855632781982422e-01
9.172129631042480469e-01
7.181894779205322266e-01
7.329983711242675781e-01
6.934652328491210938e-01
7.143163681030273438e-01
6.837232112884521484e-01
7.139706611633300781e-01
6.720402240753173828e-01
7.585768699645996094e-01
7.042179107666015625e-01
7.822597026824951172e-01
7.916316986083984375e-01
