1.232705593109130859e+00
8.285717964172363281e-01
9.716339111328125000e-01
8.924968242645263672e-01
8.346908092498779297e-01
8.427360057830810547e-01
7.832777500152587891e-01
8.353209495544433594e-01
8.500523567199707031e-01
7.969839572906494141e-01
8.544967174530029297e-01
7.847161293029785156e-01
8.006162643432617188e-01
8.659064769744873047e-01
9.185211658477783203e-01
7.773740291595458984e-01
8.336029052734375000e-01
7.733266353607177734e-01
8.008260726928710938e-01
8.105256557464599609e-01
7.627360820770263672e-01
8.081531524658203125e-01
7.742457389831542969e-01
7.626781463623046875e-01
7.601315975189208984e-01
7.889809608459472656e-01
7.610704898834228516e-01
8.628511428833007812e-01
8.135387897491455078e-01
7.937402725219726562e-01
