1.488302946090698242e+00
1.159998178482055664e+00
1.095600128173828125e+00
1.148013353347778320e+00
1.164927482604980469e+00
1.153701066970825195e+00
1.250464200973510742e+00
1.101794958114624023e+00
1.073319673538208008e+00
1.043925046920776367e+00
1.279476881027221680e+00
1.100795507431030273e+00
1.125088453292846680e+00
1.129529476165771484e+00
1.112360715866088867e+00
1.089573383331298828e+00
1.163628578186035156e+00
1.123772859573364258e+00
1.143130302429199219e+00
1.129682779312133789e+00
1.152703285217285156e+00
1.086759328842163086e+00
1.082617521286010742e+00
1.165803670883178711e+00
1.244492530822753906e+00
1.125707387924194336e+00
1.148457765579223633e+00
1.194729566574096680e+00
1.256928920745849609e+00
1.205697536468505859e+00
