2.185633182525634766e+00
1.675617218017578125e+00
1.750064611434936523e+00
1.665166854858398438e+00
1.704360485076904297e+00
2.123324155807495117e+00
1.709447860717773438e+00
1.807972908020019531e+00
1.798478364944458008e+00
1.917330503463745117e+00
1.731523275375366211e+00
1.674729108810424805e+00
1.728955268859863281e+00
1.828899383544921875e+00
1.906220197677612305e+00
1.582323312759399414e+00
1.560394763946533203e+00
1.567246913909912109e+00
1.595674991607666016e+00
1.491890668869018555e+00
1.553824901580810547e+00
1.646566867828369141e+00
1.583453416824340820e+00
1.630124330520629883e+00
1.633486747741699219e+00
1.675034523010253906e+00
1.906609058380126953e+00
1.872358083724975586e+00
1.816748380661010742e+00
1.775577783584594727e+00
