4.101196289062500000e+00
3.419393062591552734e+00
3.792429685592651367e+00
3.525329828262329102e+00
3.434603929519653320e+00
3.497388601303100586e+00
3.535141229629516602e+00
3.467550754547119141e+00
3.428225994110107422e+00
3.563597917556762695e+00
3.521461963653564453e+00
3.570292234420776367e+00
3.512447357177734375e+00
3.519703865051269531e+00
3.413380384445190430e+00
3.461607694625854492e+00
3.414980411529541016e+00
3.483336448669433594e+00
3.414040327072143555e+00
3.443622112274169922e+00
3.441675901412963867e+00
3.472601413726806641e+00
3.470191717147827148e+00
3.404240131378173828e+00
3.516384363174438477e+00
3.461203575134277344e+00
3.425641775131225586e+00
3.403111934661865234e+00
3.403911352157592773e+00
3.405430555343627930e+00
