6.556662559509277344e+00
6.326252222061157227e+00
6.230798959732055664e+00
6.220742464065551758e+00
6.176890134811401367e+00
6.262826442718505859e+00
6.184154510498046875e+00
6.134027242660522461e+00
6.110596656799316406e+00
6.147237062454223633e+00
6.217810869216918945e+00
6.170933485031127930e+00
6.136791229248046875e+00
6.193373441696166992e+00
6.157072782516479492e+00
6.137699365615844727e+00
6.153562068939208984e+00
6.173387765884399414e+00
6.128867626190185547e+00
6.192955255508422852e+00
6.149364709854125977e+00
6.125026941299438477e+00
6.159666538238525391e+00
6.158437013626098633e+00
6.179171562194824219e+00
6.196877241134643555e+00
6.156160593032836914e+00
6.182717800140380859e+00
6.150993108749389648e+00
6.118106842041015625e+00
