2.328682184219360352e+00
1.970421552658081055e+00
1.943420648574829102e+00
1.993795156478881836e+00
1.959392070770263672e+00
1.943597316741943359e+00
1.897700786590576172e+00
1.867612838745117188e+00
1.964961051940917969e+00
1.944270133972167969e+00
1.885369777679443359e+00
1.863647699356079102e+00
1.960304975509643555e+00
1.925462245941162109e+00
1.897289991378784180e+00
1.864479303359985352e+00
1.913201332092285156e+00
1.807496547698974609e+00
1.856587171554565430e+00
2.030462741851806641e+00
1.935137033462524414e+00
1.903144836425781250e+00
1.906727075576782227e+00
1.944745302200317383e+00
1.912998437881469727e+00
1.892632246017456055e+00
2.030914068222045898e+00
1.836075067520141602e+00
1.889454603195190430e+00
1.862002134323120117e+00
