1.189302444458007812e+00
8.053343296051025391e-01
8.402266502380371094e-01
8.602874279022216797e-01
8.725085258483886719e-01
8.170917034149169922e-01
8.906044960021972656e-01
8.424594402313232422e-01
8.223810195922851562e-01
9.355945587158203125e-01
9.069979190826416016e-01
9.147844314575195312e-01
9.865374565124511719e-01
8.700621128082275391e-01
8.513545989990234375e-01
9.863996505737304688e-01
8.582265377044677734e-01
8.984124660491943359e-01
9.847545623779296875e-01
9.599916934967041016e-01
9.195659160614013672e-01
9.116096496582031250e-01
9.749825000762939453e-01
9.300131797790527344e-01
9.748184680938720703e-01
9.076681137084960938e-01
9.047896862030029297e-01
9.926476478576660156e-01
8.949141502380371094e-01
8.774309158325195312e-01
