1.532743692398071289e+00
1.238013982772827148e+00
1.218217611312866211e+00
1.058896064758300781e+00
1.089395284652709961e+00
1.061142444610595703e+00
1.228341579437255859e+00
1.179407835006713867e+00
1.100042819976806641e+00
1.239105701446533203e+00
1.202687740325927734e+00
1.044358730316162109e+00
1.089297533035278320e+00
1.085720062255859375e+00
1.199542284011840820e+00
1.096697330474853516e+00
1.027084112167358398e+00
1.038041830062866211e+00
1.051450967788696289e+00
1.108830213546752930e+00
9.983446598052978516e-01
9.949495792388916016e-01
1.080626010894775391e+00
1.070773124694824219e+00
1.050235271453857422e+00
1.024145364761352539e+00
1.004424095153808594e+00
1.031577110290527344e+00
9.603888988494873047e-01
1.103175401687622070e+00
