1.466706991195678711e+00
1.171984434127807617e+00
1.159741401672363281e+00
1.210362911224365234e+00
1.081909894943237305e+00
1.129302024841308594e+00
1.264641523361206055e+00
1.227356195449829102e+00
1.268510818481445312e+00
1.081562280654907227e+00
1.130331516265869141e+00
1.139410495758056641e+00
1.116039276123046875e+00
1.089185714721679688e+00
1.263241767883300781e+00
1.115035533905029297e+00
1.116952657699584961e+00
1.130209684371948242e+00
1.128831863403320312e+00
1.066428422927856445e+00
1.052333116531372070e+00
1.079702138900756836e+00
1.215479373931884766e+00
1.147372007369995117e+00
1.117244005203247070e+00
1.169933557510375977e+00
1.184289932250976562e+00
1.168813467025756836e+00
1.182266950607299805e+00
1.196843624114990234e+00
