1.627902030944824219e+00
1.291568756103515625e+00
1.364511966705322266e+00
1.324662685394287109e+00
1.281929016113281250e+00
1.282538175582885742e+00
1.276304960250854492e+00
1.363940715789794922e+00
1.284097909927368164e+00
1.312180280685424805e+00
1.280482053756713867e+00
1.277772665023803711e+00
1.417865514755249023e+00
1.346980810165405273e+00
1.395859479904174805e+00
1.364948034286499023e+00
1.363306283950805664e+00
1.404593467712402344e+00
1.438814878463745117e+00
1.350605487823486328e+00
1.343550443649291992e+00
1.395382404327392578e+00
1.334478855133056641e+00
1.354558229446411133e+00
1.408389329910278320e+00
1.348417043685913086e+00
1.306882381439208984e+00
1.328655719757080078e+00
1.308408021926879883e+00
1.323441028594970703e+00
