1.334397792816162109e+00
9.816496372222900391e-01
1.157588243484497070e+00
9.489021301269531250e-01
9.281508922576904297e-01
1.149103403091430664e+00
1.047690629959106445e+00
1.050196409225463867e+00
9.905517101287841797e-01
9.624991416931152344e-01
1.028424739837646484e+00
1.010020971298217773e+00
9.820766448974609375e-01
9.982650279998779297e-01
9.834785461425781250e-01
9.967224597930908203e-01
9.802622795104980469e-01
1.054186105728149414e+00
9.987142086029052734e-01
1.000602483749389648e+00
9.855077266693115234e-01
1.002522945404052734e+00
1.031039476394653320e+00
9.730234146118164062e-01
9.549608230590820312e-01
1.045059204101562500e+00
9.645400047302246094e-01
9.593915939331054688e-01
9.709672927856445312e-01
9.490702152252197266e-01
