9.162034988403320312e-01
7.401802539825439453e-01
6.923291683197021484e-01
8.177840709686279297e-01
7.083535194396972656e-01
7.914986610412597656e-01
7.852423191070556641e-01
7.487046718597412109e-01
7.641284465789794922e-01
7.847914695739746094e-01
7.472200393676757812e-01
7.200195789337158203e-01
7.654778957366943359e-01
8.158435821533203125e-01
8.345336914062500000e-01
7.656300067901611328e-01
7.663724422454833984e-01
6.992015838623046875e-01
7.123372554779052734e-01
8.625729084014892578e-01
7.724566459655761719e-01
7.517600059509277344e-01
7.166776657104492188e-01
7.237281799316406250e-01
7.179238796234130859e-01
7.382371425628662109e-01
7.508578300476074219e-01
7.199854850769042969e-01
7.161006927490234375e-01
7.844004631042480469e-01
