1.586015939712524414e+00
1.274462461471557617e+00
1.412401676177978516e+00
1.171851396560668945e+00
1.274394512176513672e+00
1.198293447494506836e+00
1.329803943634033203e+00
1.168897628784179688e+00
1.190777778625488281e+00
1.142101764678955078e+00
1.257896661758422852e+00
1.161570310592651367e+00
1.212224960327148438e+00
1.237396955490112305e+00
1.212949514389038086e+00
1.202099800109863281e+00
1.155648469924926758e+00
1.134150743484497070e+00
1.141415596008300781e+00
1.269329547882080078e+00
1.227929592132568359e+00
1.260679721832275391e+00
1.074953794479370117e+00
1.122297525405883789e+00
1.232269287109375000e+00
1.120891571044921875e+00
1.139854669570922852e+00
1.070901870727539062e+00
1.180088043212890625e+00
1.132734298706054688e+00
