1.671221041679382324e+01
1.637233805656433105e+01
1.745721459388732910e+01
1.703997349739074707e+01
1.593130421638488770e+01
1.639614987373352051e+01
1.552846479415893555e+01
1.514638066291809082e+01
1.329101753234863281e+01
1.659989786148071289e+01
3.308612585067749023e+01
1.704341936111450195e+01
1.696512103080749512e+01
1.656972193717956543e+01
1.726299309730529785e+01
1.672334814071655273e+01
1.557169389724731445e+01
1.247195076942443848e+01
1.549084234237670898e+01
1.643598198890686035e+01
1.664363861083984375e+01
1.712514019012451172e+01
1.674342751502990723e+01
1.731770372390747070e+01
1.676044058799743652e+01
1.670737385749816895e+01
1.569963049888610840e+01
1.373393821716308594e+01
1.619588375091552734e+01
1.660402274131774902e+01
