1.675835204124450684e+01
1.541581535339355469e+01
1.562574577331542969e+01
1.571543192863464355e+01
1.600472092628479004e+01
1.566363763809204102e+01
1.245574235916137695e+01
1.492313170433044434e+01
1.673727416992187500e+01
1.574776649475097656e+01
1.593087291717529297e+01
1.707601356506347656e+01
1.666344523429870605e+01
1.554335951805114746e+01
1.593524789810180664e+01
1.606506896018981934e+01
1.391765308380126953e+01
1.420529866218566895e+01
1.556033182144165039e+01
1.693884110450744629e+01
1.561017990112304688e+01
1.638220167160034180e+01
1.596162843704223633e+01
1.620135593414306641e+01
1.690488958358764648e+01
1.649463319778442383e+01
1.311811017990112305e+01
1.504354023933410645e+01
1.658435130119323730e+01
1.705154776573181152e+01
