7.989074707031250000e+00
7.907372951507568359e+00
7.810604810714721680e+00
7.887271881103515625e+00
7.825126409530639648e+00
7.984570980072021484e+00
7.855391263961791992e+00
7.757233142852783203e+00
7.908556699752807617e+00
7.779759645462036133e+00
7.749848365783691406e+00
7.739077329635620117e+00
7.640266180038452148e+00
7.168248653411865234e+00
5.946990728378295898e+00
6.162924766540527344e+00
6.963789463043212891e+00
7.250037670135498047e+00
7.771900892257690430e+00
7.776242494583129883e+00
7.730864048004150391e+00
7.743131160736083984e+00
7.790606737136840820e+00
7.862076997756958008e+00
7.805099010467529297e+00
7.798133611679077148e+00
7.777810573577880859e+00
7.810235261917114258e+00
7.779814243316650391e+00
7.875607967376708984e+00
