5.200202465057373047e-01
2.024884223937988281e-01
2.045285701751708984e-01
2.768876552581787109e-01
2.292695045471191406e-01
2.001645565032958984e-01
2.177107334136962891e-01
2.156085968017578125e-01
2.127501964569091797e-01
2.192904949188232422e-01
2.031924724578857422e-01
1.972112655639648438e-01
2.219202518463134766e-01
2.300062179565429688e-01
2.003643512725830078e-01
1.991577148437500000e-01
2.236754894256591797e-01
2.112226486206054688e-01
2.000222206115722656e-01
2.161419391632080078e-01
2.001917362213134766e-01
2.055559158325195312e-01
2.205238342285156250e-01
2.135634422302246094e-01
2.120518684387207031e-01
2.265002727508544922e-01
2.421965599060058594e-01
2.078597545623779297e-01
2.159514427185058594e-01
2.461040019989013672e-01
2.219536304473876953e-01
2.051820755004882812e-01
2.129640579223632812e-01
2.074377536773681641e-01
2.228012084960937500e-01
2.228422164916992188e-01
2.059705257415771484e-01
2.169828414916992188e-01
2.172930240631103516e-01
2.091894149780273438e-01
2.145960330963134766e-01
2.168624401092529297e-01
2.038245201110839844e-01
2.149558067321777344e-01
2.134351730346679688e-01
