4.453900814056396484e+00
4.115593194961547852e+00
4.107491254806518555e+00
4.118595123291015625e+00
4.114141941070556641e+00
4.077849388122558594e+00
4.062463521957397461e+00
3.536356687545776367e+00
3.186261177062988281e+00
3.192237377166748047e+00
3.197527408599853516e+00
3.266391038894653320e+00
3.463592767715454102e+00
3.449466943740844727e+00
3.446750402450561523e+00
3.642895221710205078e+00
4.050602436065673828e+00
4.056961297988891602e+00
4.048487901687622070e+00
4.051685810089111328e+00
4.050927639007568359e+00
4.052124500274658203e+00
4.047418832778930664e+00
4.056506633758544922e+00
4.074776172637939453e+00
4.083408117294311523e+00
4.088916301727294922e+00
4.081560611724853516e+00
4.071350336074829102e+00
4.080220699310302734e+00
4.106293678283691406e+00
4.071533918380737305e+00
4.075070858001708984e+00
4.077025890350341797e+00
4.083563089370727539e+00
4.091859340667724609e+00
4.087568044662475586e+00
4.079399585723876953e+00
4.084169149398803711e+00
4.077588081359863281e+00
4.077099323272705078e+00
4.083532810211181641e+00
4.076059341430664062e+00
4.076450586318969727e+00
4.075554609298706055e+00
4.057106733322143555e+00
4.062881469726562500e+00
3.619254112243652344e+00
3.212386131286621094e+00
3.211116552352905273e+00
