5.006182193756103516e-01
1.990456581115722656e-01
2.259740829467773438e-01
2.202014923095703125e-01
2.138462066650390625e-01
2.129883766174316406e-01
2.086753845214843750e-01
2.227623462677001953e-01
2.232594490051269531e-01
2.187581062316894531e-01
1.913683414459228516e-01
1.962549686431884766e-01
2.018976211547851562e-01
2.103717327117919922e-01
2.167849540710449219e-01
2.000432014465332031e-01
1.979026794433593750e-01
2.183983325958251953e-01
2.221257686614990234e-01
2.056164741516113281e-01
1.865162849426269531e-01
2.021663188934326172e-01
2.275993824005126953e-01
2.097284793853759766e-01
1.957361698150634766e-01
2.002022266387939453e-01
2.122170925140380859e-01
2.212591171264648438e-01
2.092754840850830078e-01
1.963346004486083984e-01
2.194316387176513672e-01
2.207798957824707031e-01
1.991682052612304688e-01
1.908211708068847656e-01
2.024590969085693359e-01
2.180571556091308594e-01
3.337967395782470703e-01
2.051181793212890625e-01
2.166941165924072266e-01
2.177186012268066406e-01
2.290027141571044922e-01
2.111542224884033203e-01
2.121210098266601562e-01
2.796025276184082031e-01
2.071216106414794922e-01
