1.698330807685852051e+01
1.645950627326965332e+01
1.639761352539062500e+01
1.620474028587341309e+01
1.619257044792175293e+01
1.630377221107482910e+01
1.626978445053100586e+01
1.621588540077209473e+01
1.607447528839111328e+01
1.606029462814331055e+01
1.613189625740051270e+01
1.612538337707519531e+01
1.616990613937377930e+01
1.610254526138305664e+01
1.608298158645629883e+01
1.608187007904052734e+01
1.606469011306762695e+01
1.606667923927307129e+01
1.606331634521484375e+01
1.606290388107299805e+01
1.614155125617980957e+01
1.626082706451416016e+01
1.625103759765625000e+01
1.623700881004333496e+01
1.622645616531372070e+01
1.624071407318115234e+01
1.609847283363342285e+01
1.637456536293029785e+01
1.685063171386718750e+01
1.620537424087524414e+01
1.617824792861938477e+01
1.622250127792358398e+01
1.604918146133422852e+01
1.629960751533508301e+01
1.626225781440734863e+01
1.617114901542663574e+01
1.625799942016601562e+01
1.606884121894836426e+01
1.604202151298522949e+01
1.601083207130432129e+01
1.610170245170593262e+01
1.619274210929870605e+01
1.615180826187133789e+01
1.618860626220703125e+01
1.639933109283447266e+01
