6.175506114959716797e-01
2.114148139953613281e-01
2.144000530242919922e-01
2.108147144317626953e-01
2.096652984619140625e-01
2.054507732391357422e-01
2.060966491699218750e-01
2.074155807495117188e-01
2.121810913085937500e-01
2.122800350189208984e-01
2.049434185028076172e-01
2.187089920043945312e-01
2.177622318267822266e-01
2.077813148498535156e-01
2.252082824707031250e-01
2.271928787231445312e-01
2.123034000396728516e-01
2.637164592742919922e-01
2.257463932037353516e-01
2.005746364593505859e-01
1.942305564880371094e-01
2.594120502471923828e-01
1.961784362792968750e-01
1.886148452758789062e-01
2.201077938079833984e-01
2.039959430694580078e-01
2.283382415771484375e-01
2.160618305206298828e-01
1.959702968597412109e-01
2.062149047851562500e-01
2.199358940124511719e-01
2.025911808013916016e-01
2.122347354888916016e-01
2.251260280609130859e-01
2.352113723754882812e-01
2.121284008026123047e-01
2.193014621734619141e-01
2.549705505371093750e-01
2.367515563964843750e-01
2.159035205841064453e-01
2.009692192077636719e-01
3.165719509124755859e-01
2.042944431304931641e-01
2.161650657653808594e-01
2.095272541046142578e-01
