4.628741741180419922e-01
1.474702358245849609e-01
1.475377082824707031e-01
1.477255821228027344e-01
1.491651535034179688e-01
1.514651775360107422e-01
1.446368694305419922e-01
1.581482887268066406e-01
1.534478664398193359e-01
1.656825542449951172e-01
1.665389537811279297e-01
1.448922157287597656e-01
1.405906677246093750e-01
1.382181644439697266e-01
1.383268833160400391e-01
1.367788314819335938e-01
1.480162143707275391e-01
1.665565967559814453e-01
1.489276885986328125e-01
1.354768276214599609e-01
1.355047225952148438e-01
1.394500732421875000e-01
1.606609821319580078e-01
1.662089824676513672e-01
1.397514343261718750e-01
1.422488689422607422e-01
1.399409770965576172e-01
1.511731147766113281e-01
1.680517196655273438e-01
1.615753173828125000e-01
1.424911022186279297e-01
1.438996791839599609e-01
1.420466899871826172e-01
1.527035236358642578e-01
1.539459228515625000e-01
1.471383571624755859e-01
1.394097805023193359e-01
1.364891529083251953e-01
1.359694004058837891e-01
1.360633373260498047e-01
1.682960987091064453e-01
1.765387058258056641e-01
1.468174457550048828e-01
1.412446498870849609e-01
1.425065994262695312e-01
