7.472195625305175781e-01
2.331283092498779297e-01
2.744097709655761719e-01
2.429754734039306641e-01
2.332653999328613281e-01
2.085840702056884766e-01
2.176473140716552734e-01
2.326009273529052734e-01
2.374045848846435547e-01
2.334115505218505859e-01
2.000203132629394531e-01
2.511184215545654297e-01
2.712359428405761719e-01
2.152354717254638672e-01
2.038044929504394531e-01
2.510404586791992188e-01
2.359235286712646484e-01
1.973531246185302734e-01
1.984565258026123047e-01
2.162795066833496094e-01
2.226586341857910156e-01
2.033143043518066406e-01
2.128806114196777344e-01
2.421061992645263672e-01
2.606832981109619141e-01
2.293927669525146484e-01
2.153670787811279297e-01
2.355549335479736328e-01
2.305040359497070312e-01
2.134547233581542969e-01
2.164273262023925781e-01
2.263286113739013672e-01
3.163468837738037109e-01
1.994929313659667969e-01
1.908044815063476562e-01
2.260763645172119141e-01
2.438852787017822266e-01
1.917560100555419922e-01
2.242670059204101562e-01
2.124762535095214844e-01
2.296826839447021484e-01
1.959471702575683594e-01
1.950011253356933594e-01
2.837364673614501953e-01
2.370913028717041016e-01
