1.583648681640625000e+00
1.297420740127563477e+00
1.289119482040405273e+00
1.289062976837158203e+00
1.291878461837768555e+00
1.288610458374023438e+00
1.289955139160156250e+00
1.305023670196533203e+00
1.291184902191162109e+00
1.307117223739624023e+00
1.289669513702392578e+00
1.306645154953002930e+00
1.290220975875854492e+00
1.289325714111328125e+00
1.290931224822998047e+00
1.289088964462280273e+00
1.290462493896484375e+00
1.305468797683715820e+00
1.288665771484375000e+00
1.334524154663085938e+00
1.289886951446533203e+00
1.289474487304687500e+00
1.288390636444091797e+00
1.288769006729125977e+00
1.292004823684692383e+00
1.289569854736328125e+00
1.288654565811157227e+00
1.307585716247558594e+00
1.290228605270385742e+00
1.309403181076049805e+00
1.290862083435058594e+00
1.292431831359863281e+00
1.290636539459228516e+00
1.289655923843383789e+00
1.289967298507690430e+00
1.289777278900146484e+00
1.288745880126953125e+00
1.306682348251342773e+00
1.289337158203125000e+00
1.307453632354736328e+00
1.289860963821411133e+00
1.290065526962280273e+00
1.291965246200561523e+00
1.290467977523803711e+00
1.291780710220336914e+00
