3.694401502609252930e+00
3.223978281021118164e+00
3.159265041351318359e+00
3.475749492645263672e+00
3.204575300216674805e+00
3.148062944412231445e+00
3.085959672927856445e+00
3.208578348159790039e+00
2.949647188186645508e+00
3.266240596771240234e+00
3.261955976486206055e+00
3.074010133743286133e+00
2.947771787643432617e+00
3.016291141510009766e+00
3.442081451416015625e+00
3.616032123565673828e+00
2.988845586776733398e+00
3.633250713348388672e+00
3.055476188659667969e+00
2.835280895233154297e+00
3.003548622131347656e+00
3.288809061050415039e+00
3.109816789627075195e+00
3.472225189208984375e+00
3.255365848541259766e+00
3.532547235488891602e+00
3.592626810073852539e+00
3.575051546096801758e+00
3.521759986877441406e+00
2.943530082702636719e+00
