7.709810733795166016e+00
6.864164113998413086e+00
7.115697622299194336e+00
7.845839738845825195e+00
7.244773626327514648e+00
6.336643218994140625e+00
6.901570081710815430e+00
6.856633663177490234e+00
6.399843215942382812e+00
6.929568767547607422e+00
7.256221532821655273e+00
7.724312305450439453e+00
7.010532379150390625e+00
6.614945411682128906e+00
7.325894832611083984e+00
6.611863136291503906e+00
7.602616071701049805e+00
7.197031974792480469e+00
6.856079101562500000e+00
6.652032375335693359e+00
7.658965349197387695e+00
6.841737270355224609e+00
6.438945531845092773e+00
6.799339771270751953e+00
6.356614112854003906e+00
6.659377336502075195e+00
6.814219951629638672e+00
7.228831291198730469e+00
6.587990760803222656e+00
6.435942411422729492e+00
