7.915337324142456055e+00
7.750086784362792969e+00
7.693148851394653320e+00
7.658244848251342773e+00
7.668415546417236328e+00
7.617374181747436523e+00
7.559165716171264648e+00
7.519128561019897461e+00
7.556588649749755859e+00
7.551074743270874023e+00
7.550518751144409180e+00
7.518112421035766602e+00
7.536283731460571289e+00
7.534525156021118164e+00
7.551838874816894531e+00
7.556125164031982422e+00
7.537986040115356445e+00
7.528740882873535156e+00
7.529816865921020508e+00
7.530784606933593750e+00
7.539361953735351562e+00
7.529739379882812500e+00
7.522127151489257812e+00
7.513777732849121094e+00
7.546229600906372070e+00
7.529689311981201172e+00
7.532205104827880859e+00
7.513263702392578125e+00
7.517421245574951172e+00
7.516833066940307617e+00
