4.314962387084960938e+00
3.757858514785766602e+00
3.676866531372070312e+00
3.672461748123168945e+00
3.652482986450195312e+00
3.649510145187377930e+00
3.614905595779418945e+00
3.582474231719970703e+00
3.831630229949951172e+00
3.689800500869750977e+00
3.658997774124145508e+00
3.811743021011352539e+00
4.140388488769531250e+00
4.031718254089355469e+00
3.927621603012084961e+00
3.727913856506347656e+00
3.840661048889160156e+00
3.811809062957763672e+00
3.814168691635131836e+00
3.644418954849243164e+00
3.796783685684204102e+00
3.744972944259643555e+00
3.735670566558837891e+00
3.594302892684936523e+00
3.970929145812988281e+00
3.972095251083374023e+00
3.824006795883178711e+00
3.869875669479370117e+00
3.743074178695678711e+00
3.846988439559936523e+00
