4.389298200607299805e+00
4.460733890533447266e+00
2.609980583190917969e+00
2.179160356521606445e+00
2.968369960784912109e+00
3.959969282150268555e+00
3.936980009078979492e+00
3.813081502914428711e+00
3.949021339416503906e+00
3.990282773971557617e+00
3.930466651916503906e+00
3.964023113250732422e+00
3.997263431549072266e+00
3.989703655242919922e+00
3.996654033660888672e+00
3.914927721023559570e+00
4.017686367034912109e+00
3.926770687103271484e+00
3.977081298828125000e+00
3.985279321670532227e+00
4.013581037521362305e+00
3.968024492263793945e+00
3.944333314895629883e+00
3.883213520050048828e+00
3.998296976089477539e+00
3.984052896499633789e+00
4.015381097793579102e+00
3.909669637680053711e+00
3.894463062286376953e+00
3.859856605529785156e+00
