1.439923286437988281e+01
1.400252127647399902e+01
1.400039076805114746e+01
1.398324775695800781e+01
1.398028469085693359e+01
1.393782591819763184e+01
1.398194813728332520e+01
1.393396377563476562e+01
1.393989872932434082e+01
1.393570518493652344e+01
1.393329954147338867e+01
1.391239333152770996e+01
1.396308135986328125e+01
1.397281765937805176e+01
1.397181367874145508e+01
1.397404551506042480e+01
1.396724939346313477e+01
1.397578167915344238e+01
1.398402667045593262e+01
1.401784348487854004e+01
1.398994374275207520e+01
1.396322011947631836e+01
1.392033505439758301e+01
1.392875790596008301e+01
1.391044044494628906e+01
1.392018818855285645e+01
1.390910005569458008e+01
1.391452288627624512e+01
1.392574572563171387e+01
1.391258835792541504e+01
