3.642857313156127930e+00
3.144860506057739258e+00
3.326746225357055664e+00
3.443635463714599609e+00
3.272027969360351562e+00
3.348022222518920898e+00
3.213999032974243164e+00
3.260086297988891602e+00
3.575490236282348633e+00
3.219823837280273438e+00
3.255786180496215820e+00
3.613716602325439453e+00
3.416687488555908203e+00
3.323398351669311523e+00
3.052211523056030273e+00
3.119890928268432617e+00
3.562198400497436523e+00
3.562071323394775391e+00
3.209280252456665039e+00
3.147136688232421875e+00
3.012079715728759766e+00
3.284696817398071289e+00
3.133092641830444336e+00
3.184057712554931641e+00
3.227062940597534180e+00
3.403461694717407227e+00
3.448380231857299805e+00
3.677303552627563477e+00
3.112907886505126953e+00
3.024137258529663086e+00
