3.906908750534057617e+00
3.287244796752929688e+00
3.555877685546875000e+00
3.303612709045410156e+00
3.561641454696655273e+00
3.299913167953491211e+00
3.555026054382324219e+00
3.342433691024780273e+00
3.643734931945800781e+00
3.578229427337646484e+00
3.365888357162475586e+00
3.560527324676513672e+00
3.508871316909790039e+00
3.267529964447021484e+00
3.581517696380615234e+00
3.171049118041992188e+00
3.211284399032592773e+00
3.311650753021240234e+00
3.424869537353515625e+00
3.393698930740356445e+00
3.533979892730712891e+00
3.565739154815673828e+00
3.489968299865722656e+00
3.655554294586181641e+00
3.525922775268554688e+00
3.603440999984741211e+00
3.633984088897705078e+00
3.369262456893920898e+00
3.539995908737182617e+00
3.110507011413574219e+00
