2.453667879104614258e+00
2.444935083389282227e+00
2.214403867721557617e+00
2.277773857116699219e+00
2.216034173965454102e+00
2.133105039596557617e+00
2.103761672973632812e+00
2.334613084793090820e+00
2.598769426345825195e+00
3.110490560531616211e+00
2.905911922454833984e+00
2.934839963912963867e+00
2.766439437866210938e+00
2.772159337997436523e+00
3.038872003555297852e+00
2.676383972167968750e+00
2.715556859970092773e+00
3.058012008666992188e+00
2.691303968429565430e+00
2.568076372146606445e+00
2.648203372955322266e+00
2.803894996643066406e+00
2.595862865447998047e+00
2.682497262954711914e+00
2.679024219512939453e+00
2.693248271942138672e+00
2.655309438705444336e+00
2.561650991439819336e+00
2.473842859268188477e+00
2.534532070159912109e+00
