6.859406232833862305e+00
6.468227624893188477e+00
6.596897840499877930e+00
6.514359951019287109e+00
6.416542291641235352e+00
6.446515321731567383e+00
6.418672800064086914e+00
6.244853019714355469e+00
6.405940532684326172e+00
6.663648843765258789e+00
6.858158349990844727e+00
6.684045314788818359e+00
6.588594198226928711e+00
6.451687812805175781e+00
6.552045822143554688e+00
6.400101184844970703e+00
6.433852910995483398e+00
6.361299037933349609e+00
6.405912876129150391e+00
6.434973001480102539e+00
6.415720701217651367e+00
6.496387004852294922e+00
6.464953422546386719e+00
6.160193204879760742e+00
6.227681398391723633e+00
6.185072660446166992e+00
6.150103569030761719e+00
6.171860218048095703e+00
6.232273340225219727e+00
6.069257497787475586e+00
