4.361047744750976562e+00
4.237988948822021484e+00
4.060545682907104492e+00
4.138405799865722656e+00
4.049206018447875977e+00
3.824614763259887695e+00
3.883789062500000000e+00
3.913896560668945312e+00
3.942691802978515625e+00
4.013095855712890625e+00
3.928166151046752930e+00
4.038686990737915039e+00
3.947305440902709961e+00
3.906592130661010742e+00
3.864309787750244141e+00
3.944814920425415039e+00
3.909317493438720703e+00
3.888997793197631836e+00
3.892950534820556641e+00
3.814080238342285156e+00
3.958343505859375000e+00
4.073317527770996094e+00
4.063962697982788086e+00
4.099904537200927734e+00
4.175194501876831055e+00
4.054625034332275391e+00
4.011461257934570312e+00
3.869585275650024414e+00
3.928891897201538086e+00
4.072520732879638672e+00
