6.737793684005737305e+00
6.411421537399291992e+00
6.469446182250976562e+00
6.292743444442749023e+00
6.237446546554565430e+00
6.197073221206665039e+00
6.131759643554687500e+00
6.206847429275512695e+00
6.181494951248168945e+00
6.151364803314208984e+00
6.144522190093994141e+00
6.272351264953613281e+00
6.083194971084594727e+00
6.216459512710571289e+00
6.329757213592529297e+00
6.230377435684204102e+00
6.227600336074829102e+00
6.091744422912597656e+00
6.211259841918945312e+00
6.220696210861206055e+00
6.208873033523559570e+00
6.255091905593872070e+00
6.185548305511474609e+00
6.232436180114746094e+00
6.270500898361206055e+00
6.208364486694335938e+00
6.194644212722778320e+00
6.143151760101318359e+00
6.104498147964477539e+00
6.165396690368652344e+00
