4.401484489440917969e+00
3.636684179306030273e+00
3.977166175842285156e+00
3.805019140243530273e+00
3.915649414062500000e+00
3.863977193832397461e+00
3.770871400833129883e+00
3.869199037551879883e+00
3.894471406936645508e+00
3.619282722473144531e+00
3.817829847335815430e+00
4.049927234649658203e+00
4.170647621154785156e+00
3.924866676330566406e+00
4.216233491897583008e+00
3.975115060806274414e+00
4.140025138854980469e+00
3.981912136077880859e+00
3.902354001998901367e+00
3.856728076934814453e+00
3.825947999954223633e+00
3.866244792938232422e+00
3.756155490875244141e+00
4.106936693191528320e+00
4.183063507080078125e+00
4.078568220138549805e+00
4.058974027633666992e+00
3.969773769378662109e+00
4.107409954071044922e+00
4.106549978256225586e+00
3.922476291656494141e+00
3.770323991775512695e+00
3.761357784271240234e+00
3.607261896133422852e+00
3.716778755187988281e+00
3.758134126663208008e+00
3.787084102630615234e+00
3.769187927246093750e+00
3.700440406799316406e+00
3.688121080398559570e+00
3.705606937408447266e+00
3.630212306976318359e+00
3.463394641876220703e+00
3.403320074081420898e+00
3.464905500411987305e+00
