4.242543220520019531e+00
3.748779773712158203e+00
3.801518917083740234e+00
3.597019195556640625e+00
3.740569114685058594e+00
3.720400810241699219e+00
3.619853496551513672e+00
3.967064142227172852e+00
3.839441299438476562e+00
3.685005903244018555e+00
3.987362861633300781e+00
4.126738548278808594e+00
3.626536607742309570e+00
3.493254661560058594e+00
3.536662578582763672e+00
3.718632936477661133e+00
3.776703357696533203e+00
3.682944774627685547e+00
3.553569316864013672e+00
3.484983921051025391e+00
4.075137615203857422e+00
3.800180435180664062e+00
3.739099979400634766e+00
3.650260925292968750e+00
3.795748472213745117e+00
3.611840963363647461e+00
3.810478687286376953e+00
4.033771276473999023e+00
4.045173168182373047e+00
3.696996212005615234e+00
4.085288286209106445e+00
3.541709899902343750e+00
3.453747510910034180e+00
3.763164997100830078e+00
3.833350658416748047e+00
3.422369241714477539e+00
3.391842842102050781e+00
3.433781385421752930e+00
3.442444801330566406e+00
3.400630235671997070e+00
3.375306129455566406e+00
3.560132503509521484e+00
3.746445417404174805e+00
3.266628980636596680e+00
3.317502498626708984e+00
