5.069144725799560547e+00
4.616121053695678711e+00
4.638180494308471680e+00
4.640215396881103516e+00
4.488274574279785156e+00
4.534402132034301758e+00
4.635464191436767578e+00
4.277657270431518555e+00
4.387615442276000977e+00
4.390652418136596680e+00
4.263170242309570312e+00
4.501875877380371094e+00
4.343691825866699219e+00
4.385564088821411133e+00
4.296920299530029297e+00
4.136341094970703125e+00
4.387671947479248047e+00
4.174951076507568359e+00
4.243436336517333984e+00
4.097999811172485352e+00
4.356729507446289062e+00
4.256685972213745117e+00
4.233339548110961914e+00
4.152154207229614258e+00
4.156334161758422852e+00
4.115490436553955078e+00
4.216903209686279297e+00
4.372347116470336914e+00
4.114955663681030273e+00
4.226278305053710938e+00
