4.787448406219482422e+00
4.321420669555664062e+00
4.228883028030395508e+00
4.274263143539428711e+00
4.324987411499023438e+00
4.330970764160156250e+00
4.191877841949462891e+00
4.257157325744628906e+00
4.302060127258300781e+00
4.137097835540771484e+00
4.144172668457031250e+00
4.190209388732910156e+00
4.222086191177368164e+00
4.151211023330688477e+00
4.224867820739746094e+00
4.105217218399047852e+00
4.196002006530761719e+00
4.156207084655761719e+00
4.108787536621093750e+00
4.292145967483520508e+00
4.277484416961669922e+00
4.535409927368164062e+00
4.271054029464721680e+00
4.462483644485473633e+00
4.389137268066406250e+00
4.444374799728393555e+00
4.237584829330444336e+00
4.118663549423217773e+00
4.155515432357788086e+00
4.292753696441650391e+00
