4.472023725509643555e+00
4.226484298706054688e+00
4.166697025299072266e+00
4.203026056289672852e+00
4.092268705368041992e+00
4.125105142593383789e+00
4.100384950637817383e+00
4.159293174743652344e+00
4.112422227859497070e+00
4.167268037796020508e+00
4.103583812713623047e+00
4.124651670455932617e+00
4.089355468750000000e+00
4.168511867523193359e+00
4.124979496002197266e+00
4.110101699829101562e+00
4.145767688751220703e+00
4.163299322128295898e+00
4.163041353225708008e+00
4.133411407470703125e+00
4.148977041244506836e+00
4.128363370895385742e+00
4.140160322189331055e+00
4.066888332366943359e+00
4.084483861923217773e+00
4.080719232559204102e+00
4.143621206283569336e+00
4.144428968429565430e+00
4.164234876632690430e+00
4.117016315460205078e+00
4.115069866180419922e+00
4.143503427505493164e+00
4.152203321456909180e+00
4.189954996109008789e+00
4.061117172241210938e+00
4.086222171783447266e+00
4.009788036346435547e+00
4.120681762695312500e+00
4.110722780227661133e+00
4.060230731964111328e+00
4.062656641006469727e+00
4.066125154495239258e+00
4.053505420684814453e+00
4.047403812408447266e+00
4.050192117691040039e+00
