4.533695220947265625e+00
3.973956823348999023e+00
4.179356813430786133e+00
3.849422454833984375e+00
4.021916389465332031e+00
4.068770408630371094e+00
3.952203512191772461e+00
4.313367843627929688e+00
4.179292440414428711e+00
4.055159807205200195e+00
4.134866714477539062e+00
4.002686500549316406e+00
3.981473922729492188e+00
4.018060445785522461e+00
4.044944286346435547e+00
3.964823007583618164e+00
4.069880247116088867e+00
4.006527900695800781e+00
3.969483852386474609e+00
4.044435501098632812e+00
3.966157913208007812e+00
3.900903463363647461e+00
3.980101823806762695e+00
4.062256813049316406e+00
4.065634727478027344e+00
4.071990728378295898e+00
4.003436088562011719e+00
4.129941940307617188e+00
4.011497259140014648e+00
4.057787895202636719e+00
