4.325718164443969727e+00
3.976463317871093750e+00
3.996540069580078125e+00
3.832269191741943359e+00
3.912506341934204102e+00
3.797987937927246094e+00
3.868905544281005859e+00
3.947453975677490234e+00
4.030924081802368164e+00
4.010086536407470703e+00
3.931060791015625000e+00
3.974674463272094727e+00
3.951957464218139648e+00
3.791836261749267578e+00
3.783287048339843750e+00
3.790760755538940430e+00
3.774595022201538086e+00
3.883386373519897461e+00
3.998012542724609375e+00
3.797268390655517578e+00
3.944811820983886719e+00
3.921985149383544922e+00
3.863621234893798828e+00
3.919803380966186523e+00
3.854727983474731445e+00
3.828715562820434570e+00
4.003823757171630859e+00
3.875295400619506836e+00
3.844700813293457031e+00
3.794385910034179688e+00
