3.178612470626831055e+00
2.779780626296997070e+00
2.890123128890991211e+00
2.854016304016113281e+00
2.828359127044677734e+00
2.864274024963378906e+00
2.780399799346923828e+00
2.765382051467895508e+00
2.908384084701538086e+00
2.782541751861572266e+00
2.787460803985595703e+00
2.802365541458129883e+00
2.724494457244873047e+00
2.712646484375000000e+00
2.744510889053344727e+00
2.740921735763549805e+00
2.776366710662841797e+00
2.784093379974365234e+00
2.690983533859252930e+00
2.764925003051757812e+00
2.686485290527343750e+00
2.698390483856201172e+00
2.683987140655517578e+00
2.689519166946411133e+00
2.695394277572631836e+00
2.718268632888793945e+00
2.735213756561279297e+00
2.703345060348510742e+00
2.678962230682373047e+00
2.735389232635498047e+00
