7.339129185676574707e+01
7.466604518890380859e+01
7.475016427040100098e+01
7.463696455955505371e+01
7.449827194213867188e+01
7.432692050933837891e+01
7.447419166564941406e+01
7.466988849639892578e+01
7.450443768501281738e+01
7.446717524528503418e+01
7.445507478713989258e+01
7.435793948173522949e+01
7.433661127090454102e+01
7.447580790519714355e+01
7.444825863838195801e+01
7.485783839225769043e+01
7.477239990234375000e+01
7.453866934776306152e+01
7.491298818588256836e+01
7.479874515533447266e+01
7.454967069625854492e+01
7.487704753875732422e+01
7.507923984527587891e+01
7.509932422637939453e+01
7.495184016227722168e+01
7.471932959556579590e+01
7.492629456520080566e+01
7.510727667808532715e+01
7.514187979698181152e+01
7.470182728767395020e+01
