3.058516502380371094e+00
2.819416046142578125e+00
2.731447935104370117e+00
2.638805389404296875e+00
2.777172803878784180e+00
2.672358274459838867e+00
2.575422286987304688e+00
2.683618307113647461e+00
2.875552654266357422e+00
2.512236356735229492e+00
2.618847131729125977e+00
2.463586091995239258e+00
2.650509834289550781e+00
2.629666805267333984e+00
2.650114536285400391e+00
2.621508359909057617e+00
2.572448730468750000e+00
2.460165977478027344e+00
2.497416257858276367e+00
2.645141601562500000e+00
2.499366521835327148e+00
2.527124643325805664e+00
2.594275474548339844e+00
2.022866010665893555e+00
2.094404935836791992e+00
2.073292732238769531e+00
2.040865182876586914e+00
2.022599697113037109e+00
2.073001623153686523e+00
1.968610763549804688e+00
