5.191482543945312500e+00
4.741034269332885742e+00
4.625878572463989258e+00
4.625238180160522461e+00
4.541412115097045898e+00
4.544716119766235352e+00
4.579389095306396484e+00
4.603209733963012695e+00
4.572135686874389648e+00
4.669810771942138672e+00
4.608417510986328125e+00
4.965041160583496094e+00
5.170382261276245117e+00
4.827730655670166016e+00
5.094780445098876953e+00
5.174155473709106445e+00
5.001124620437622070e+00
4.504560708999633789e+00
4.909044504165649414e+00
5.105474472045898438e+00
5.135785818099975586e+00
5.077090740203857422e+00
5.065486192703247070e+00
5.173895120620727539e+00
5.083038091659545898e+00
5.126223087310791016e+00
5.141552448272705078e+00
4.765230655670166016e+00
4.548032283782958984e+00
4.864272117614746094e+00
