4.438558816909790039e+00
4.079977512359619141e+00
4.119507551193237305e+00
3.801513433456420898e+00
4.105958461761474609e+00
3.864574670791625977e+00
3.964875459671020508e+00
4.008477210998535156e+00
4.230081796646118164e+00
3.889655590057373047e+00
4.270920276641845703e+00
3.889084577560424805e+00
3.919866323471069336e+00
3.582264423370361328e+00
3.982340097427368164e+00
4.214035511016845703e+00
4.067211866378784180e+00
4.143328666687011719e+00
3.975691318511962891e+00
4.038712263107299805e+00
3.977776527404785156e+00
3.845077037811279297e+00
3.926018238067626953e+00
4.227260828018188477e+00
3.842022657394409180e+00
3.862350225448608398e+00
3.895132541656494141e+00
3.864696025848388672e+00
3.756705522537231445e+00
3.796448945999145508e+00
