4.941006422042846680e+00
4.448849439620971680e+00
4.708452701568603516e+00
4.607815504074096680e+00
4.447108268737792969e+00
4.559279680252075195e+00
4.463238716125488281e+00
4.491699695587158203e+00
4.439942359924316406e+00
4.423376083374023438e+00
4.225106477737426758e+00
4.430396318435668945e+00
4.366746425628662109e+00
4.331520080566406250e+00
4.369722843170166016e+00
4.233397960662841797e+00
4.207338094711303711e+00
4.273307323455810547e+00
4.288300037384033203e+00
4.320643901824951172e+00
4.392381429672241211e+00
4.321169137954711914e+00
4.342182159423828125e+00
4.526553869247436523e+00
4.475980520248413086e+00
4.421820402145385742e+00
4.492603302001953125e+00
4.435125589370727539e+00
4.324113368988037109e+00
4.250599384307861328e+00
