6.789371490478515625e+00
6.426140308380126953e+00
6.439617872238159180e+00
6.328051090240478516e+00
6.571527004241943359e+00
6.491766691207885742e+00
6.341233730316162109e+00
6.216053247451782227e+00
6.284285545349121094e+00
6.190383434295654297e+00
6.211173534393310547e+00
6.223424434661865234e+00
6.117675304412841797e+00
6.202586650848388672e+00
6.195760488510131836e+00
6.149663448333740234e+00
6.155050754547119141e+00
6.168303728103637695e+00
6.206280469894409180e+00
6.115115404129028320e+00
6.214201211929321289e+00
6.150487184524536133e+00
6.199084997177124023e+00
6.127057552337646484e+00
6.216005325317382812e+00
6.202758550643920898e+00
6.089307308197021484e+00
6.153127431869506836e+00
6.158408641815185547e+00
6.168331623077392578e+00
6.105679512023925781e+00
6.114752769470214844e+00
6.119137525558471680e+00
6.138313770294189453e+00
6.130343914031982422e+00
6.153785467147827148e+00
6.171414852142333984e+00
6.122597455978393555e+00
6.125227451324462891e+00
6.123542070388793945e+00
6.128117799758911133e+00
6.173811197280883789e+00
6.190506219863891602e+00
6.219249486923217773e+00
6.136986017227172852e+00
