1.514026117324829102e+01
1.474407172203063965e+01
1.474700975418090820e+01
1.474898171424865723e+01
1.473729968070983887e+01
1.474705862998962402e+01
1.474378299713134766e+01
1.473837208747863770e+01
1.472386527061462402e+01
1.476667547225952148e+01
1.474563837051391602e+01
1.476264762878417969e+01
1.477220439910888672e+01
1.475257658958435059e+01
1.473354244232177734e+01
1.478610587120056152e+01
1.476971006393432617e+01
1.477607488632202148e+01
1.476251435279846191e+01
1.473981189727783203e+01
1.473548936843872070e+01
1.474786043167114258e+01
1.472774553298950195e+01
1.474615693092346191e+01
1.473956012725830078e+01
1.475354480743408203e+01
1.474600243568420410e+01
1.475732731819152832e+01
1.474854898452758789e+01
1.477038407325744629e+01
1.478939604759216309e+01
1.476004910469055176e+01
1.476095533370971680e+01
1.473934841156005859e+01
1.472884392738342285e+01
1.475504374504089355e+01
1.475581407546997070e+01
1.476473784446716309e+01
1.477887368202209473e+01
1.476221561431884766e+01
1.479153227806091309e+01
1.478522801399230957e+01
1.477674937248229980e+01
1.476244473457336426e+01
1.477947664260864258e+01
