5.208706855773925781e-01
2.112815380096435547e-01
2.185876369476318359e-01
2.199871540069580078e-01
2.047691345214843750e-01
1.985383033752441406e-01
2.038774490356445312e-01
2.039740085601806641e-01
2.372269630432128906e-01
2.306256294250488281e-01
2.230601310729980469e-01
2.083811759948730469e-01
2.280642986297607422e-01
2.206089496612548828e-01
2.225224971771240234e-01
2.073805332183837891e-01
2.288842201232910156e-01
2.034552097320556641e-01
2.044196128845214844e-01
2.260639667510986328e-01
2.070858478546142578e-01
2.221479415893554688e-01
2.084438800811767578e-01
2.073917388916015625e-01
2.069377899169921875e-01
2.224895954132080078e-01
2.317879199981689453e-01
2.060956954956054688e-01
2.069866657257080078e-01
2.199733257293701172e-01
2.286181449890136719e-01
1.977958679199218750e-01
2.128221988677978516e-01
2.057998180389404297e-01
2.169713973999023438e-01
2.140541076660156250e-01
2.102406024932861328e-01
2.169945240020751953e-01
2.714884281158447266e-01
2.197988033294677734e-01
2.112429141998291016e-01
2.066705226898193359e-01
2.386212348937988281e-01
2.129077911376953125e-01
2.128050327301025391e-01
