5.674660205841064453e-01
2.162997722625732422e-01
2.376897335052490234e-01
2.498676776885986328e-01
2.581593990325927734e-01
2.281174659729003906e-01
2.097749710083007812e-01
2.555110454559326172e-01
2.818572521209716797e-01
2.071106433868408203e-01
2.127702236175537109e-01
2.276287078857421875e-01
2.408113479614257812e-01
2.154371738433837891e-01
2.085340023040771484e-01
2.385473251342773438e-01
2.310442924499511719e-01
2.119641304016113281e-01
2.057275772094726562e-01
2.238736152648925781e-01
2.200164794921875000e-01
2.132167816162109375e-01
2.323510646820068359e-01
2.353763580322265625e-01
2.044367790222167969e-01
2.102656364440917969e-01
2.215833663940429688e-01
2.432668209075927734e-01
2.120518684387207031e-01
2.195141315460205078e-01
2.282850742340087891e-01
2.252852916717529297e-01
2.127735614776611328e-01
2.084696292877197266e-01
2.323279380798339844e-01
2.159473896026611328e-01
2.108354568481445312e-01
2.206869125366210938e-01
2.482492923736572266e-01
2.087390422821044922e-01
2.072112560272216797e-01
2.252206802368164062e-01
2.328369617462158203e-01
2.051880359649658203e-01
2.014193534851074219e-01
