4.066455364227294922e-01
1.486363410949707031e-01
1.533181667327880859e-01
1.534476280212402344e-01
1.550669670104980469e-01
1.406846046447753906e-01
1.538050174713134766e-01
1.466789245605468750e-01
1.505727767944335938e-01
1.472833156585693359e-01
1.775207519531250000e-01
1.623296737670898438e-01
1.582243442535400391e-01
1.624162197113037109e-01
1.658985614776611328e-01
1.445560455322265625e-01
1.516344547271728516e-01
1.723978519439697266e-01
1.697320938110351562e-01
1.478893756866455078e-01
1.382451057434082031e-01
1.384136676788330078e-01
1.724464893341064453e-01
1.719293594360351562e-01
1.462609767913818359e-01
1.456129550933837891e-01
1.458966732025146484e-01
1.591308116912841797e-01
1.492130756378173828e-01
1.392433643341064453e-01
1.405718326568603516e-01
1.440021991729736328e-01
1.466131210327148438e-01
1.459903717041015625e-01
1.514852046966552734e-01
1.557080745697021484e-01
1.700911521911621094e-01
1.624622344970703125e-01
1.515996456146240234e-01
1.518609523773193359e-01
2.309038639068603516e-01
1.408026218414306641e-01
1.452784538269042969e-01
1.450753211975097656e-01
1.501545906066894531e-01
