1.494990324974060059e+01
1.461024427413940430e+01
1.461692070960998535e+01
1.461599445343017578e+01
1.459879589080810547e+01
1.460295605659484863e+01
1.458782601356506348e+01
1.457035517692565918e+01
1.458931183815002441e+01
1.457945203781127930e+01
1.458788657188415527e+01
1.459602332115173340e+01
1.457524657249450684e+01
1.457633352279663086e+01
1.457445669174194336e+01
1.458437204360961914e+01
1.456719470024108887e+01
1.458624243736267090e+01
1.457675385475158691e+01
1.458929228782653809e+01
1.459487819671630859e+01
1.460963582992553711e+01
1.457610774040222168e+01
1.457512974739074707e+01
1.454906010627746582e+01
1.454748487472534180e+01
1.453206062316894531e+01
1.454664778709411621e+01
1.453383111953735352e+01
1.454604339599609375e+01
1.453034090995788574e+01
1.454327917098999023e+01
1.454725551605224609e+01
1.453741312026977539e+01
1.453602552413940430e+01
1.452579903602600098e+01
1.454102444648742676e+01
1.456484246253967285e+01
1.452078747749328613e+01
1.455749893188476562e+01
1.456693315505981445e+01
1.458600044250488281e+01
1.453993964195251465e+01
1.458941483497619629e+01
1.454553413391113281e+01
