3.664273977279663086e+00
3.178528070449829102e+00
3.167411088943481445e+00
3.160731077194213867e+00
3.140349864959716797e+00
3.141882658004760742e+00
3.141624450683593750e+00
3.143939256668090820e+00
3.137652873992919922e+00
3.190524339675903320e+00
3.155989885330200195e+00
3.183178901672363281e+00
3.134006261825561523e+00
3.138870239257812500e+00
3.156021356582641602e+00
3.142530441284179688e+00
3.134307622909545898e+00
3.165560007095336914e+00
3.138211727142333984e+00
3.140792608261108398e+00
3.139737129211425781e+00
3.138870000839233398e+00
3.141519546508789062e+00
3.189542531967163086e+00
3.138894081115722656e+00
3.149675846099853516e+00
3.139278411865234375e+00
3.135846376419067383e+00
3.137799263000488281e+00
3.137775182723999023e+00
3.139924764633178711e+00
3.158657789230346680e+00
3.135718107223510742e+00
3.177238225936889648e+00
3.138315439224243164e+00
3.138154029846191406e+00
3.137102603912353516e+00
3.137461185455322266e+00
3.155539751052856445e+00
3.126198768615722656e+00
3.129628181457519531e+00
3.127174377441406250e+00
3.123497009277343750e+00
3.122410297393798828e+00
3.126208305358886719e+00
