3.548999999999999932e-01
3.855199999999999738e-01
3.796200000000000130e-01
3.734000000000000097e-01
3.683199999999999807e-01
3.714399999999999924e-01
3.770399999999999863e-01
3.847200000000000064e-01
3.872200000000000086e-01
3.922599999999999976e-01
3.952399999999999802e-01
3.983999999999999764e-01
3.999599999999999822e-01
4.036199999999999788e-01
4.061400000000000010e-01
4.059599999999999875e-01
4.059200000000000030e-01
4.115599999999999814e-01
4.180400000000000227e-01
4.277199999999999891e-01
