1.659599999999999964e-01
2.196400000000000019e-01
2.394999999999999907e-01
2.612200000000000077e-01
2.552599999999999869e-01
2.626399999999999846e-01
2.746000000000000107e-01
2.795799999999999952e-01
2.792999999999999927e-01
2.830799999999999983e-01
2.883800000000000252e-01
2.852600000000000136e-01
2.917600000000000193e-01
2.921599999999999753e-01
2.873600000000000043e-01
3.006800000000000028e-01
2.964399999999999813e-01
2.981800000000000006e-01
3.073600000000000221e-01
3.034000000000000030e-01
