3.678400000000000003e-01
4.831599999999999784e-01
5.113799999999999457e-01
5.249000000000000332e-01
5.331000000000000183e-01
5.419199999999999573e-01
5.455400000000000249e-01
5.506400000000000183e-01
5.533200000000000340e-01
5.570000000000000506e-01
5.599199999999999733e-01
5.596799999999999553e-01
5.625200000000000200e-01
5.647999999999999687e-01
5.672599999999999865e-01
5.705200000000000271e-01
5.699800000000000422e-01
5.719600000000000239e-01
5.723799999999999999e-01
5.726999999999999869e-01
