1.677200000000000080e-01
2.179399999999999948e-01
2.369999999999999885e-01
2.555000000000000049e-01
2.537800000000000056e-01
2.749400000000000177e-01
2.728800000000000114e-01
2.767200000000000215e-01
2.800400000000000111e-01
2.778599999999999959e-01
2.863200000000000189e-01
2.909999999999999809e-01
2.919200000000000128e-01
2.884800000000000142e-01
2.926799999999999957e-01
3.018600000000000172e-01
3.035800000000000165e-01
3.003799999999999804e-01
3.005200000000000093e-01
3.070200000000000151e-01
