4.123999999999999888e-01
5.135800000000000365e-01
5.411599999999999744e-01
5.575799999999999645e-01
5.661599999999999966e-01
5.737999999999999767e-01
5.794000000000000261e-01
5.856599999999999584e-01
5.836000000000000076e-01
5.889199999999999990e-01
5.919999999999999707e-01
5.926000000000000156e-01
5.944000000000000394e-01
5.961400000000000032e-01
5.972800000000000331e-01
6.005399999999999627e-01
6.016200000000000436e-01
6.028000000000000025e-01
6.032999999999999474e-01
6.055199999999999472e-01
