1.029199999999999976e-01
1.094200000000000034e-01
1.097000000000000058e-01
1.153200000000000058e-01
1.198800000000000004e-01
1.207600000000000062e-01
1.284599999999999909e-01
1.256799999999999862e-01
1.305600000000000094e-01
1.329799999999999871e-01
1.318799999999999972e-01
1.403600000000000125e-01
1.388999999999999957e-01
1.390800000000000092e-01
1.444400000000000128e-01
1.434400000000000119e-01
1.433000000000000107e-01
1.462400000000000089e-01
1.575799999999999979e-01
1.476800000000000057e-01
