3.987999999999999878e-01
4.914000000000000035e-01
5.191200000000000259e-01
5.349199999999999511e-01
5.432200000000000362e-01
5.517800000000000482e-01
5.559600000000000097e-01
5.598600000000000243e-01
5.613000000000000211e-01
5.659600000000000186e-01
5.696600000000000552e-01
5.709600000000000231e-01
5.723000000000000309e-01
5.733800000000000008e-01
5.755599999999999605e-01
5.769600000000000284e-01
5.767600000000000504e-01
5.770800000000000374e-01
5.773599999999999843e-01
5.800600000000000200e-01
