3.178400000000000114e-01
4.249399999999999844e-01
4.542800000000000171e-01
4.762000000000000122e-01
4.943000000000000171e-01
5.028000000000000247e-01
5.083600000000000341e-01
5.095399999999999929e-01
5.138200000000000545e-01
5.151599999999999513e-01
5.149000000000000243e-01
5.165600000000000191e-01
5.147800000000000153e-01
5.156600000000000072e-01
5.128800000000000026e-01
5.094800000000000439e-01
5.092799999999999550e-01
5.081200000000000161e-01
5.040599999999999525e-01
5.034399999999999986e-01
