1.656400000000000095e-01
2.174800000000000066e-01
2.439399999999999902e-01
2.449199999999999988e-01
2.580200000000000271e-01
2.648400000000000198e-01
2.727399999999999824e-01
2.822200000000000264e-01
2.788800000000000168e-01
2.797399999999999887e-01
2.914999999999999813e-01
2.880400000000000182e-01
2.908200000000000229e-01
2.893999999999999906e-01
2.999399999999999844e-01
2.959200000000000164e-01
2.980800000000000116e-01
3.081599999999999895e-01
2.977000000000000202e-01
3.081400000000000250e-01
