4.016000000000000125e-01
4.743999999999999884e-01
5.037199999999999456e-01
5.210000000000000187e-01
5.350599999999999801e-01
5.433000000000000052e-01
5.536999999999999700e-01
5.601399999999999713e-01
5.658999999999999586e-01
5.687799999999999523e-01
5.723200000000000509e-01
5.745200000000000307e-01
5.792199999999999571e-01
5.803599999999999870e-01
5.807400000000000340e-01
5.819999999999999618e-01
5.843199999999999505e-01
5.851800000000000335e-01
5.852399999999999824e-01
5.855799999999999894e-01
