4.111199999999999855e-01
5.051200000000000134e-01
5.358000000000000540e-01
5.504000000000000004e-01
5.618600000000000261e-01
5.688999999999999613e-01
5.743800000000000017e-01
5.800600000000000200e-01
5.790399999999999991e-01
5.844399999999999595e-01
5.864800000000000013e-01
5.911600000000000188e-01
5.909400000000000208e-01
5.926599999999999646e-01
5.946200000000000374e-01
5.964199999999999502e-01
5.963399999999999812e-01
5.999999999999999778e-01
5.992800000000000349e-01
6.005200000000000538e-01
