3.773400000000000087e-01
4.669599999999999862e-01
5.019400000000000528e-01
5.253200000000000092e-01
5.402000000000000135e-01
5.505600000000000493e-01
5.585400000000000365e-01
5.668600000000000305e-01
5.724599999999999689e-01
5.792399999999999771e-01
5.813000000000000389e-01
5.854800000000000004e-01
5.864599999999999813e-01
5.885399999999999521e-01
5.914199999999999458e-01
5.940999999999999615e-01
5.921800000000000397e-01
5.973000000000000531e-01
5.961999999999999522e-01
5.982199999999999740e-01
