3.704000000000000070e-01
4.603800000000000114e-01
4.923199999999999799e-01
5.153799999999999493e-01
5.356800000000000450e-01
5.447999999999999510e-01
5.550599999999999978e-01
5.622200000000000530e-01
5.707200000000000051e-01
5.709400000000000031e-01
5.782800000000000162e-01
5.809800000000000519e-01
5.816000000000000059e-01
5.851399999999999935e-01
5.866400000000000503e-01
5.884800000000000031e-01
5.898400000000000309e-01
5.905200000000000449e-01
5.919999999999999707e-01
5.911399999999999988e-01
