4.269800000000000262e-01
5.126199999999999646e-01
5.409000000000000474e-01
5.532399999999999540e-01
5.646400000000000308e-01
5.703000000000000291e-01
5.771399999999999864e-01
5.799600000000000311e-01
5.839600000000000346e-01
5.844200000000000506e-01
5.886400000000000521e-01
5.881600000000000161e-01
5.912199999999999678e-01
5.948799999999999644e-01
5.943800000000000194e-01
5.950999999999999623e-01
5.970400000000000151e-01
5.978400000000000380e-01
5.991199999999999859e-01
6.011199999999999877e-01
