4.160599999999999854e-01
5.024399999999999977e-01
5.344600000000000461e-01
5.518399999999999972e-01
5.632599999999999829e-01
5.694399999999999462e-01
5.726799999999999669e-01
5.771399999999999864e-01
5.817600000000000549e-01
5.846999999999999975e-01
5.874200000000000532e-01
5.904800000000000049e-01
5.917999999999999927e-01
5.937799999999999745e-01
5.930400000000000116e-01
5.959600000000000453e-01
5.970199999999999951e-01
6.001999999999999558e-01
5.990999999999999659e-01
6.000400000000000178e-01
