3.860799999999999788e-01
4.651399999999999979e-01
5.013400000000000079e-01
5.207399999999999807e-01
5.370000000000000329e-01
5.477999999999999536e-01
5.600800000000000223e-01
5.681399999999999784e-01
5.705000000000000071e-01
5.755599999999999605e-01
5.769199999999999884e-01
5.828200000000000047e-01
5.851399999999999935e-01
5.861199999999999743e-01
5.901399999999999979e-01
5.910199999999999898e-01
5.939600000000000435e-01
5.944399999999999684e-01
5.927999999999999936e-01
5.944000000000000394e-01
