3.834199999999999831e-01
4.870999999999999774e-01
5.203200000000000047e-01
5.422400000000000553e-01
5.557999999999999607e-01
5.673599999999999755e-01
5.761199999999999655e-01
5.823199999999999488e-01
5.897200000000000220e-01
5.913599999999999968e-01
5.965000000000000302e-01
5.997799999999999798e-01
6.028400000000000425e-01
6.042999999999999483e-01
6.070200000000000040e-01
6.079799999999999649e-01
6.089799999999999658e-01
6.104399999999999826e-01
6.129200000000000204e-01
6.119400000000000395e-01
