3.732199999999999962e-01
4.689400000000000235e-01
5.008200000000000429e-01
5.224400000000000155e-01
5.388399999999999856e-01
5.490199999999999525e-01
5.554000000000000048e-01
5.610199999999999632e-01
5.653799999999999937e-01
5.702199999999999491e-01
5.745599999999999596e-01
5.771199999999999664e-01
5.793199999999999461e-01
5.838600000000000456e-01
5.855399999999999494e-01
5.849600000000000355e-01
5.846999999999999975e-01
5.866400000000000503e-01
5.901600000000000179e-01
5.901800000000000379e-01
