2.303800000000000014e-01
3.657599999999999740e-01
4.086400000000000032e-01
4.405000000000000027e-01
4.660000000000000253e-01
4.898199999999999776e-01
5.083199999999999941e-01
5.230200000000000404e-01
5.381799999999999917e-01
5.441799999999999971e-01
5.548199999999999799e-01
5.615200000000000191e-01
5.678800000000000514e-01
5.721399999999999819e-01
5.737200000000000077e-01
5.785599999999999632e-01
5.804599999999999760e-01
5.806000000000000050e-01
5.840999999999999526e-01
5.858200000000000074e-01
