3.762800000000000034e-01
4.912400000000000100e-01
5.222799999999999665e-01
5.385400000000000187e-01
5.482599999999999696e-01
5.529600000000000071e-01
5.580800000000000205e-01
5.635200000000000209e-01
5.671800000000000175e-01
5.682599999999999874e-01
5.707600000000000451e-01
5.737200000000000077e-01
5.763399999999999634e-01
5.776200000000000223e-01
5.775000000000000133e-01
5.793399999999999661e-01
5.807999999999999829e-01
5.825000000000000178e-01
5.838799999999999546e-01
5.848999999999999755e-01
