3.296999999999999931e-01
3.841399999999999815e-01
3.882200000000000095e-01
3.917800000000000171e-01
3.912999999999999812e-01
3.950799999999999867e-01
3.949599999999999778e-01
3.948800000000000088e-01
3.947999999999999843e-01
3.941399999999999904e-01
3.965600000000000236e-01
3.997999999999999887e-01
3.962200000000000166e-01
3.955000000000000182e-01
3.963200000000000056e-01
3.975000000000000200e-01
3.990600000000000258e-01
3.986999999999999988e-01
3.971000000000000085e-01
3.955000000000000182e-01
