1.837972779408135304e+00
1.544924501567850328e+00
1.454758100192565129e+00
1.401862399352481026e+00
1.364861609380873197e+00
1.339419538102796237e+00
1.322759392621267072e+00
1.306683961082907297e+00
1.299502357192661384e+00
1.285523721629091565e+00
1.278519849033306954e+00
1.270765757926589634e+00
1.267258379313037198e+00
1.258224845694763783e+00
1.256838733735291758e+00
1.250811805200698679e+00
1.249182391044733720e+00
1.239728749713019607e+00
1.238690732385191451e+00
1.235268165235934079e+00
