1.670390474943496573e+00
1.423537737863791008e+00
1.334266911868168037e+00
1.285358691697611633e+00
1.254055816689720437e+00
1.230163458258370923e+00
1.213833680686057459e+00
1.203566973890794811e+00
1.191678507420260491e+00
1.184696751968253858e+00
1.175566947435402909e+00
1.169677386084176041e+00
1.164853364705582095e+00
1.159767249403783396e+00
1.154460168688955735e+00
1.149592645294830850e+00
1.147066519426567677e+00
1.144298214560655724e+00
1.140166266161538822e+00
1.138165192740500098e+00
