1.658055850064091397e+00
1.421021706817666930e+00
1.336837230307404978e+00
1.287672080928483620e+00
1.255984516733366529e+00
1.233550226025264207e+00
1.220839291191695652e+00
1.206578602094936947e+00
1.195958284723103171e+00
1.188214493281853468e+00
1.182455643458896866e+00
1.176692956148663427e+00
1.169578547282215775e+00
1.167588483389762288e+00
1.162918480089329742e+00
1.158843002756080987e+00
1.154963295849616545e+00
1.150825003595532081e+00
1.149113424208081824e+00
1.145738593871941102e+00
