1.654615963878267149e+00
1.416169268157704719e+00
1.334611745155833251e+00
1.290517431590944231e+00
1.260818288487660865e+00
1.236682210065176646e+00
1.223248612126121238e+00
1.208848677022987594e+00
1.197872149222113602e+00
1.190656326511098317e+00
1.180785924729788716e+00
1.177094063376221911e+00
1.170471366323397211e+00
1.164322558742807434e+00
1.161023426905769762e+00
1.156291126356938870e+00
1.153139079013443924e+00
1.149514255611716607e+00
1.147298737178982897e+00
1.143488157740639277e+00
