1.734115948152664011e+00
1.562689030566788650e+00
1.502076167584685207e+00
1.461875431982757600e+00
1.430903804881493491e+00
1.401994293912902201e+00
1.385287900714923026e+00
1.363762243629416560e+00
1.351020958112633785e+00
1.334771752967249148e+00
1.321589627534227374e+00
1.311607291936264685e+00
1.302138580385681310e+00
1.293643902024954384e+00
1.282883073972619137e+00
1.276009955217161540e+00
1.268478351175937435e+00
1.261268550020349544e+00
1.254799899237844851e+00
1.248929181062351956e+00
