4.130515581811062211e+20
5.736827051711141642e+20
7.046031895293519462e+20
7.191945479366334218e+20
7.191910721935129969e+20
7.191874391319946199e+20
7.191843693690139443e+20
7.191809546277961073e+20
7.472782543981645660e+20
7.472990711884572262e+20
7.472958629074172641e+20
7.472918762297554371e+20
7.472881306561856143e+20
7.472838583477115290e+20
7.472797940834416722e+20
7.472759808744553185e+20
7.472720930211914056e+20
7.472682463998556242e+20
7.472646185451364024e+20
7.472609259790421197e+20
