6.829521374537711143e+08
3.437836893091213107e+08
3.809058897144613415e+07
4.298131191149800085e+06
8.555326334003084898e+07
3.526163115469975770e+07
1.158087836036347412e+07
9.693019420047074556e+06
8.229720118037104607e+06
4.143519979356401414e+07
6.316968510504215956e+08
3.645178257668475062e+07
8.781484766580018401e+07
8.292057398244664073e+07
8.712169657320508361e+07
9.290777867551617324e+07
4.744000449745095335e+06
3.222652867139787413e+06
1.837273908346837852e+06
1.088104805875411723e+06
