2.443230508843346360e+00
2.278751386096105502e+00
2.231432182404696096e+00
2.179997074024756731e+00
2.250465712583888056e+00
2.117400235837072930e+00
2.159843230491404142e+00
2.123455732374849969e+00
2.142435619898159338e+00
2.165679729808017040e+00
2.117098108276991741e+00
2.096703678140859672e+00
2.091861513569531983e+00
2.128281716190640438e+00
2.098329944074001308e+00
2.069489141864239823e+00
2.084589321899902092e+00
2.096706033362756738e+00
2.090370478532503462e+00
2.051403444136500109e+00
