6.617885301290538436e+25
6.558945640714708313e+29
1.611622117338362666e+30
1.611622147718490860e+30
1.611622147721661676e+30
1.611622147720626129e+30
1.611622147720731120e+30
1.611622156652352373e+30
1.611622668359894652e+30
1.611622668385227681e+30
1.611622668141539031e+30
1.611622668370588731e+30
1.611622668370913834e+30
2.126596638585648617e+30
2.126596638585648617e+30
2.126596638585650024e+30
2.126600775881791480e+30
2.126600775882052407e+30
2.126600775882053815e+30
2.126600775882337823e+30
