1.833399978392493024e+00
1.619350268669864645e+00
1.508363646486073906e+00
1.438131847411699082e+00
1.386344813686959832e+00
1.344922947247162437e+00
1.315292985600126308e+00
1.283543534386340834e+00
1.260996909626304729e+00
1.242622621795710369e+00
1.226610714917445222e+00
1.213216768944507473e+00
1.202562123537063599e+00
1.192689908873242111e+00
1.186875930699088588e+00
1.178633967990917908e+00
1.171872377910120111e+00
1.165070189501318465e+00
1.163976193846339102e+00
1.158565542162836692e+00
