2.674481467670187129e+00
2.006203929700738797e+00
1.829206529280642313e+00
1.746548927910721138e+00
1.692809416424206681e+00
1.637023834621205154e+00
1.573939155815812230e+00
1.511622856606912757e+00
1.460842458107282527e+00
1.414455448212983413e+00
1.380504302394664595e+00
1.347682144769164925e+00
1.319614810025905305e+00
1.297511322037948167e+00
1.275696379468416630e+00
1.260414243316101635e+00
1.247335904318353395e+00
1.234927310091455288e+00
1.227144222925691031e+00
1.218006936752277891e+00
