1.885013355928308876e+00
1.456469213261323725e+00
1.377967623188672386e+00
1.337999147222475038e+00
1.308448193018393768e+00
1.288417016148872163e+00
1.270555567710905720e+00
1.258429180325754571e+00
1.249756663199276030e+00
1.239208243996895886e+00
1.230021324913824987e+00
1.224784326522856404e+00
1.215093055039720538e+00
1.213037044953202415e+00
1.209081501607089937e+00
1.203351549937597076e+00
1.197534757806821837e+00
1.196611610062591868e+00
1.192066941267389213e+00
1.190417782120082757e+00
