1.540712252101096347e+01
1.041933368505133473e+01
1.053820526740892483e+01
2.039960053046722344e+00
2.602372154993626729e+00
1.589819391136584104e+00
1.669601612688635273e+00
1.616222750100180905e+00
1.496513603145585236e+00
1.514308578360949564e+00
1.495796109166215526e+00
3.429873063931684563e+00
1.344723426539193634e+00
1.303801273617445577e+00
1.332434265805251261e+00
1.681372926258446254e+00
1.325587441406362865e+00
1.701216799914455846e+00
1.431606131565311690e+00
1.916946585116255264e+00
