1.744672131050578168e+00
1.614608028355766667e+00
1.592708084589380180e+00
1.582948447798219194e+00
1.574011913345902736e+00
1.564535711122595707e+00
1.550443615145085774e+00
1.533634940681555037e+00
1.514653764112526169e+00
1.503384030383566161e+00
1.493305923078980912e+00
1.480740595351704547e+00
1.470955714545286508e+00
1.464362791737022329e+00
1.456028081267081165e+00
1.450393068820924114e+00
1.442570593046105465e+00
1.438002905272461884e+00
1.432853998430549725e+00
1.426249730617493938e+00
