7.342447047531549931e+08
8.775063907711549997e+08
3.628897538721129298e+08
1.847394014330566227e+08
1.220154240278659761e+08
3.212441053740939498e+08
3.329284392576569319e+08
2.305062138823541403e+08
1.369645921503044665e+08
5.167123496310048550e+07
1.886106591219795346e+08
2.255301589178589731e+07
4.007132137288910896e+07
2.493438168587988019e+08
9.324713852046996355e+08
2.447273012631658912e+08
4.608353562219942361e+07
1.236102071983865947e+08
6.172070389717192948e+07
4.143865024892916679e+09
