1.778085916148274714e+00
1.471883585838519970e+00
1.389062373944179418e+00
1.341559597455403319e+00
1.313109710717292655e+00
1.294471705289524266e+00
1.278546837513404144e+00
1.266123547521241122e+00
1.254638755193832944e+00
1.246905844287036880e+00
1.239683021031453558e+00
1.233147804084641308e+00
1.225298864190535797e+00
1.219671574776129974e+00
1.215470101207952069e+00
1.211897672251667224e+00
1.206872238041571066e+00
1.204247548518811994e+00
1.198961740574034929e+00
1.199227208095362096e+00
