1.888129785371101210e+00
1.567665229892105661e+00
1.466659124111732826e+00
1.405392042911418615e+00
1.360917433667594434e+00
1.322214397208769876e+00
1.296616409326453390e+00
1.276602278565964088e+00
1.258044360696202402e+00
1.244246813323339307e+00
1.231388463750672235e+00
1.222967882309575760e+00
1.217438528338051773e+00
1.209024476521002978e+00
1.203401678549054443e+00
1.202176651895960902e+00
1.194834291896856637e+00
1.193451372825581114e+00
1.190096069765670173e+00
1.189470068534926650e+00
