1.859045590400276504e+00
1.565217819474542305e+00
1.463620624302522044e+00
1.396299042255448652e+00
1.350462523053216790e+00
1.312130350124119493e+00
1.285404228169442442e+00
1.265388449468195065e+00
1.250180839444212877e+00
1.235106387816350404e+00
1.220050927337325675e+00
1.214625204482194354e+00
1.201079060821353295e+00
1.199316486525718428e+00
1.192863934447088603e+00
1.185984870261700852e+00
1.186313943179976960e+00
1.177464349819418610e+00
1.174310825574580885e+00
1.171777101981517966e+00
