1.737533581531261140e+00
1.439999344098903400e+00
1.354792868694685959e+00
1.307877426866985049e+00
1.273668985232672801e+00
1.251719320674076652e+00
1.234670131407735294e+00
1.218993812570791313e+00
1.206072415537236653e+00
1.200058721520406824e+00
1.190933479829822339e+00
1.184084306592526614e+00
1.176386239126210320e+00
1.170188402885671053e+00
1.164653307336675603e+00
1.161749017360570235e+00
1.157211209349620074e+00
1.156060964555081894e+00
1.149640602681337942e+00
1.144589534348539051e+00
