2.349253253349293023e+06
1.460964179037687369e+06
1.076302387707458984e+05
3.556907222307735588e+06
2.986711760812530760e+06
1.165944198104012059e+06
6.044038620309695398e+04
2.533224372283119737e+04
8.621690670597279677e+03
7.794091766337299305e+03
3.660039652375156584e+04
4.757453747994931415e+06
5.855375068163109245e+04
2.137622109037470000e+04
9.867532304563857615e+05
2.308930008352686855e+04
7.064144408095798281e+04
1.187438652948997769e+05
9.029591196687446791e+04
8.970927613108389778e+04
