1.852546050067981565e+00
1.775243664989271775e+00
1.780478873173408472e+00
1.791702631899081855e+00
1.799595410366306769e+00
1.793876223166084971e+00
1.783850559636073863e+00
1.766887628775842600e+00
1.761628830386206657e+00
1.753765441186706964e+00
1.745368821722695918e+00
1.736698001299215477e+00
1.731063542373078246e+00
1.727569748964303598e+00
1.722258716197613060e+00
1.718156532815579007e+00
1.715666565429562196e+00
1.706753096736186359e+00
1.688927666429439700e+00
1.650173841573088440e+00
