1.973395935166865289e+00
1.617499406704359988e+00
1.510574104478749513e+00
1.442486352380127013e+00
1.391795556420636570e+00
1.350892266777851347e+00
1.317388496435511813e+00
1.296248648725354835e+00
1.271521420753977782e+00
1.255934458959590438e+00
1.243257914376838080e+00
1.230160241027165036e+00
1.223419050902814220e+00
1.215875621208601931e+00
1.207914244831370665e+00
1.203223269061206802e+00
1.202781182135005178e+00
1.196474800253158444e+00
1.193807414978208969e+00
1.192416056914402667e+00
