1.924000671381116634e+00
1.595641984182702977e+00
1.488460876752653483e+00
1.423032169890068310e+00
1.371357481078723461e+00
1.336196490985048335e+00
1.306272024579365310e+00
1.289302599818810124e+00
1.268490101732408837e+00
1.251628626376161790e+00
1.241058035579788665e+00
1.229974015480112204e+00
1.222904132607647743e+00
1.213895197071687582e+00
1.213453580808761423e+00
1.200889691519920088e+00
1.201138566941251540e+00
1.196631168046266014e+00
1.192538953193313267e+00
1.188450764855155661e+00
