2.763405947124256912e+00
1.497839085891118804e+00
1.440791458729892671e+00
1.416328975611635510e+00
1.407382771792009324e+00
1.400999200313597370e+00
1.401772409448843071e+00
1.394450390277921059e+00
1.393097254931164430e+00
1.384682871801468984e+00
1.380210616094681875e+00
1.378622782504771882e+00
1.376578303249290869e+00
1.375767808741011011e+00
1.371656054121149104e+00
1.367289560530191794e+00
1.365119637430781241e+00
1.368710754167698163e+00
1.371892076166694396e+00
1.363449486320281068e+00
