1.730402097067869516e+00
1.560695969540139894e+00
1.499161994365779904e+00
1.459950164455891874e+00
1.431297159560805943e+00
1.405681075647359002e+00
1.388691719230788379e+00
1.368468893458471225e+00
1.351668818832358454e+00
1.337402317225170778e+00
1.326247967112704540e+00
1.319537778644610526e+00
1.302417392620955017e+00
1.292532574490208086e+00
1.286627469465250861e+00
1.279730240097436189e+00
1.272380403393065018e+00
1.263520798872193929e+00
1.259492443803021278e+00
1.253403860132407566e+00
