2.609272918432874899e+00
1.522856195869348284e+00
1.460516686939522524e+00
1.433371364308135387e+00
1.423337673592140584e+00
1.413274951603101570e+00
1.402166519018695157e+00
1.399975924845546782e+00
1.404508431549267300e+00
1.388639058603350129e+00
1.391167155921916532e+00
1.390267767259836917e+00
1.382443897864397808e+00
1.382961981436785504e+00
1.377267150927687478e+00
1.383829176883258461e+00
1.382353620151119733e+00
1.376253010976649982e+00
1.374471379363018553e+00
1.380753216231265679e+00
