1.872374871595581913e+00
4.173716091397983163e-01
3.354905598199189876e-01
3.180258884803572883e-01
2.974029143354786076e-01
2.953826213950541679e-01
2.823598531199925099e-01
2.595473662241181145e-01
2.660539366416077023e-01
2.539195567591866487e-01
2.748493120296677805e-01
2.554244438658899163e-01
2.506986808421006740e-01
2.459907105164741425e-01
2.542498915275531179e-01
2.352406298936302875e-01
2.531424723009564892e-01
2.301058462306634633e-01
2.485663806769385364e-01
2.228580841822410674e-01
2.612642542194964501e-01
2.304066629552129486e-01
2.387446078791547188e-01
2.263971414583832442e-01
2.330517270226976634e-01
2.244356706516066613e-01
2.408803526145308627e-01
2.244293506020930140e-01
2.340850278735160939e-01
2.207144901823641647e-01
