2.731935967260332276e+00
7.099554325217631856e-01
5.402261832756782844e-01
4.704817915140692697e-01
4.334160827878695832e-01
3.913656218283211863e-01
3.724030829632460349e-01
3.542890779562850589e-01
3.496860606901681101e-01
3.344162034009819373e-01
3.403264284133911133e-01
3.150530578929986447e-01
3.156855443520332205e-01
3.231317199877838386e-01
3.160469899426645579e-01
2.994474104980924256e-01
3.049515205977568200e-01
3.217405916594747173e-01
2.951119296141525017e-01
3.014053767296805408e-01
3.010597338872169626e-01
2.907852875652597868e-01
3.103413625439601087e-01
2.870624671231454816e-01
2.994011878967285378e-01
2.828382620170935002e-01
2.919817109606159256e-01
2.916532229576537794e-01
2.886775555895335632e-01
2.858488049080122884e-01
