1.781572667491969639e+02
2.736869539787520011e+00
1.090166159886032826e+00
7.293278183510054635e-01
5.843312224345420525e-01
5.933732030996635709e-01
6.769388343860853752e-01
9.260378532890063408e-01
9.528270775702462059e-01
1.095299035488669581e+00
9.791774545142899466e-01
1.047899356439932150e+00
8.898521901066623885e-01
1.039608101880372448e+00
1.344001798220534782e+00
1.199370054255670670e+00
1.541679274146236622e+00
1.418719161624339087e+00
2.026968930372551103e+00
1.529248237787787623e+00
9.667522866334488096e-01
1.194277659992673435e+00
3.230610500698658960e+00
1.076297720866416840e+00
7.869711067249526293e-01
1.164216649621280242e+00
2.432919039744049883e+00
3.432875093417381063e+00
8.231277101075471503e-01
7.959450851625471390e-01
