2.228076394658480286e+00
4.425725476065678343e-01
3.358667480106006797e-01
2.818273589765625253e-01
2.685969297954840518e-01
2.489632254883424600e-01
2.607446714207085070e-01
2.086349815019030995e-01
2.272170567690436627e-01
2.311259568265792153e-01
2.193741316448396816e-01
2.047809229635480510e-01
2.115232222143616225e-01
2.108799419852334933e-01
2.011687312024965091e-01
1.966270832456092355e-01
2.055253856662493939e-01
2.044440034999331357e-01
1.901987789337759582e-01
2.055174154076558346e-01
2.037037249960338969e-01
1.914953696805594685e-01
1.858216471803277314e-01
1.901904547642638554e-01
1.933339114148003024e-01
1.841893306335628810e-01
1.932151373976202235e-01
1.860918022942409655e-01
2.017879544548801529e-01
1.699676104612759808e-01
