2.239714092905841447e+00
3.987732610818165435e-01
3.481331169049241558e-01
3.170277235278887717e-01
2.771556128261249419e-01
2.853540151254899682e-01
2.588358907279239007e-01
2.366707938820568347e-01
2.800522958832000753e-01
2.302486701687770088e-01
2.464603118876467769e-01
2.428170863983791228e-01
2.378488703616964406e-01
2.213613914409235384e-01
2.251273600579197787e-01
2.310087923572134716e-01
2.226070896235864682e-01
2.331015648125712436e-01
2.244647185637879683e-01
2.104405669801270862e-01
2.156145264686488427e-01
2.283199880438954166e-01
2.037588205299715460e-01
2.246118541028517268e-01
2.215753052494864039e-01
2.247512622110879321e-01
2.097562181805051884e-01
2.007755218657539809e-01
2.320611076401685735e-01
2.158958789517185506e-01
