2.163920787211730090e+00
4.147437392136276713e-01
3.282645735250257490e-01
2.922456435497794436e-01
2.690932482147394555e-01
2.374057798618589843e-01
2.434726349272723633e-01
2.414621634075223566e-01
2.460166706356094746e-01
2.303729204655583229e-01
2.152740108238449801e-01
2.133564641671394368e-01
2.135291982080731732e-01
2.111292725567942286e-01
2.321489325571638451e-01
2.122081446086070411e-01
2.057699077109347574e-01
2.199397467243582593e-01
2.075825108020608045e-01
2.034517324126478566e-01
2.083240466970783522e-01
2.006266753397770719e-01
2.092360601301735956e-01
1.992993244623292859e-01
2.015609690724913805e-01
2.110645949840545543e-01
2.002815213805036743e-01
2.013603447700169635e-01
2.066984285947991717e-01
2.020004217638008692e-01
