1.859178755613071665e+00
4.122798819428504236e-01
3.316066466216275876e-01
3.049850262395704115e-01
2.917632252700738116e-01
2.460719657950659334e-01
2.722217755614599333e-01
2.301144673725339929e-01
2.375229171185351262e-01
2.379428158694905926e-01
2.277006655041851346e-01
2.211401916206327811e-01
2.256645767240604283e-01
2.073824607252852115e-01
2.273711899573455930e-01
2.230256044097355950e-01
2.048403540848573734e-01
1.913204663780642967e-01
2.175332333058563605e-01
1.916143861335160015e-01
2.115855484700469857e-01
2.085360028266684262e-01
1.976842734406688284e-01
2.023350699763022120e-01
2.142805388947920942e-01
1.918157560139227280e-01
1.952057891400225120e-01
1.859421657537346506e-01
2.113654770568680341e-01
2.081046595947066424e-01
