2.123774045622393469e+00
4.359916103503375107e-01
3.584207671958564156e-01
2.918405953572312250e-01
2.885234647638984518e-01
2.678692537151388109e-01
2.729743957019118983e-01
2.488209479168724536e-01
2.403184993442759598e-01
2.591471724462375836e-01
2.355902916293090843e-01
2.292375756455446445e-01
2.534987798433250283e-01
2.291428635341685172e-01
2.391510022526134316e-01
2.304499319601637231e-01
2.281348751051657242e-01
2.331111416192864216e-01
2.547030773319637342e-01
2.099774219679521048e-01
2.397375369805898326e-01
2.253618595899263555e-01
2.246298438299502986e-01
2.203732026462901783e-01
2.343672087165846740e-01
2.102031113969078657e-01
2.111486906185746082e-01
2.305436508869057322e-01
2.159307520502983524e-01
2.473694625963915594e-01
