1.658396177032767760e+00
3.500569507868876995e-01
2.968408873443728058e-01
2.723329923240773720e-01
2.503874150507930385e-01
2.564778492883292849e-01
2.334605919002596952e-01
2.547648249777840213e-01
2.400206553346630467e-01
2.401356247768028362e-01
2.316809613480051988e-01
2.316030014083901578e-01
2.416790428835509374e-01
2.347652606110074702e-01
2.345270765027893112e-01
2.287912301051972519e-01
2.347390260769804948e-01
2.254995841532945744e-01
2.337421835414064397e-01
2.380705998682264013e-01
2.314589334624027051e-01
2.339775603320171649e-01
2.295879664705760548e-01
2.288915584002857717e-01
2.202799515826488475e-01
2.309466023053695916e-01
2.301078654158471293e-01
2.258737739675970302e-01
2.327835040861990779e-01
2.205655010722911147e-01
