1.391185618603407503e+00
2.329848080651084063e-01
1.437288800282264800e-01
1.099762951816195822e-01
9.684826342472389882e-02
9.401661021940743712e-02
8.609138974058094806e-02
7.645326515854294902e-02
7.449312446944748867e-02
6.828367884701756763e-02
7.099230831016355159e-02
6.579420040570088668e-02
5.579673477740430126e-02
5.756455231735955330e-02
5.663642863284296114e-02
5.203274526814026524e-02
5.054387640930823461e-02
4.801253719227527306e-02
4.815424976509009164e-02
4.107493808520818607e-02
4.661696677777304315e-02
4.362939031544461194e-02
4.258388230827317433e-02
3.674792333492147428e-02
4.676763250200605820e-02
3.973964224778004511e-02
4.028748954409983735e-02
3.863736870073115892e-02
3.919583112835439004e-02
3.899732837592487927e-02
