2.976519450011538126e+01
2.406509112471075085e+01
2.796491170507758195e+00
1.486684648981734913e+00
1.190940704407976725e+00
2.770890219264955601e+00
1.024214167614926119e+00
8.290313631963374119e-01
6.763250423901117081e-01
6.279983638493872311e-01
5.098572010702606683e-01
4.982396711498053854e-01
4.419675275127389336e-01
4.257974487687669618e-01
4.036425750869423457e-01
3.650630565499191627e-01
3.825273536090085802e-01
3.374959202455495855e-01
3.260123938099661611e-01
3.053122711493008179e-01
3.073453822687490788e-01
3.142872062970453184e-01
2.703421989316815988e-01
2.846604353400753462e-01
2.746895144568450298e-01
2.633122562861709426e-01
2.690135565044274868e-01
2.671869466831879869e-01
2.713722493054706586e-01
2.463885588543628657e-01
