2.004174179044454718e+00
7.731359399632731222e-01
7.231961252195621137e-01
7.233063847716174610e-01
7.333708421619080653e-01
7.265723163401013318e-01
7.213254632400487587e-01
7.213901487304203997e-01
7.240485720169632655e-01
7.230294093322843230e-01
7.302881271036257838e-01
7.204645163365709370e-01
7.303219474518477528e-01
7.205108796816264149e-01
7.327426480490769611e-01
7.220813067157322296e-01
7.299416129268817555e-01
7.304193952968761616e-01
7.278525445999494137e-01
7.252328757919482838e-01
7.320116941052586812e-01
7.249060680005532387e-01
7.271537108986235731e-01
7.382082049971195881e-01
7.221143839241408457e-01
7.284950322735664896e-01
7.297937130249703142e-01
7.231664755617949192e-01
7.355920390406651688e-01
7.280745861690436360e-01
