7.531104663219558597e+28
7.531104418700793213e+28
7.531105790632164741e+28
7.531104435249891048e+28
7.531104417183906092e+28
7.531104390272331619e+28
7.531104415352056388e+28
7.531104790644107386e+28
7.531107410909216962e+28
7.531104399750919656e+28
7.531104413640278632e+28
7.531104349020776962e+28
7.532136742824780922e+28
7.650899087681166435e+28
7.531104389409261610e+28
7.531104417409319170e+28
7.531104674871795800e+28
7.531106255353946600e+28
7.531104397095320238e+28
7.531104411530240172e+28
7.531104404230527060e+28
7.531104427673269011e+28
7.531104597426490112e+28
7.531104345330249471e+28
7.531104514902563086e+28
7.531104369080954074e+28
7.531104381506553451e+28
7.531104653653224254e+28
7.531107169928183018e+28
7.531104427329728802e+28
