4.640891454278751373e+10
4.906015162033578873e+09
2.119677711157966614e+10
9.130108571378000975e+08
2.989134473651930690e+08
1.584267408769020140e+08
1.365480865556151569e+08
7.666819335175293684e+07
5.337892328859373927e+08
1.782738547238008380e+08
4.712998717306736857e+07
3.298132737298751250e+06
1.313676005272493511e+07
2.579453234091817867e+06
1.279186546185307950e+07
7.342300138146459125e+06
8.059380867044380866e+06
2.209264595998114906e+06
9.592945082790521905e+06
1.549291033388710115e+06
1.439683716122169746e+06
3.860170176643410232e+06
4.319974330126857758e+08
7.935784590489481390e+07
9.202286664805646986e+06
2.772832255485830363e+06
3.183990113655021414e+06
1.647402540036148764e+07
6.623961455212049484e+08
1.267220210394102186e+08
