1.343727329769129994e+02
2.780553685464520797e+01
2.615460462445643230e+00
1.735089124539005212e+00
1.406744662627800180e+00
1.065432671679934495e+00
9.742612241809047724e-01
8.228159908483277940e-01
8.635949018063829863e-01
6.360783567457501952e-01
4.793405374206268776e-01
4.484042710165924150e-01
4.174971922342456954e-01
3.768088591354551431e-01
3.642630251152301768e-01
3.263555558926578559e-01
2.968484668200140342e-01
2.872227811602069414e-01
2.866676058008599814e-01
2.497582366717840396e-01
2.659259404875893851e-01
2.588111826232564749e-01
2.398721511461841538e-01
2.501159931352334165e-01
2.395471516107000598e-01
3.252872864423848043e-01
2.188823364953051687e-01
2.253256435047334694e-01
2.190931556440556260e-01
2.105166451477292755e-01
