1.942315538605647163e+01
1.340971432016856646e+01
9.302172989631767308e+00
6.432675261995685290e+00
4.539938355203884335e+00
3.334217339131369418e+00
2.629792547225952237e+00
2.209057203691397131e+00
1.957217946337230119e+00
1.811901266895123319e+00
1.708160082261953816e+00
1.602801592136496867e+00
1.555684526108983778e+00
1.457392302733748757e+00
1.423345973776347639e+00
1.377886204933052694e+00
1.318269676414888236e+00
1.274196832393532430e+00
1.245447264322594005e+00
1.226422775503414719e+00
1.172945950458298858e+00
1.156297582832734872e+00
1.119467454703886089e+00
1.103519385964123245e+00
1.087536897588132101e+00
1.055375413752313918e+00
1.052286845178746377e+00
1.020847193874530046e+00
1.000798837996240920e+00
9.885701111893155923e-01
