1.857496038396307725e+00
1.782863861702858044e+00
1.799178930039101454e+00
1.777176537412278101e+00
1.790763740843914986e+00
1.863982186672535457e+00
1.764771841941995767e+00
1.871271019286297799e+00
1.770230255228407934e+00
1.789203915190189509e+00
1.779087466128328909e+00
1.779866656090350885e+00
1.858521306768376791e+00
1.802210719661509808e+00
1.751248888512875190e+00
1.783184941778791721e+00
1.826196717455031981e+00
1.821424680821439157e+00
1.771772406202681616e+00
1.760989835921754176e+00
1.812955243790403292e+00
1.831657715300296196e+00
1.882518371368976373e+00
1.807140212109748401e+00
1.779972542473610364e+00
1.746952230625964164e+00
1.765135746052924670e+00
1.826465949099114638e+00
1.811660621394502346e+00
1.791354331564396052e+00
1.758085193786215195e+00
1.794599024539298204e+00
1.795234156415817628e+00
1.790438881579865749e+00
1.838532539124184462e+00
1.918890997450402480e+00
1.741434044026313854e+00
1.765491537591244331e+00
1.767109066247940063e+00
1.864677706297407811e+00
1.769658702485104929e+00
1.835553667646773413e+00
1.815962884020298151e+00
1.739979410425145590e+00
1.789029945718481285e+00
