1.369684246280751249e+05
3.957935819585272384e+03
1.077602021562292293e+03
4.396028374205244518e+02
2.182943092508518816e+02
1.207272859126963453e+02
7.212628254991896881e+01
4.539411780174742006e+01
2.965500405494202951e+01
2.007157493144907789e+01
1.391059337778294314e+01
9.878285032637576180e+00
7.162761307777242514e+00
5.324217743061958608e+00
4.040703786180374735e+00
3.151076472820119712e+00
2.478921897867892632e+00
2.003295725964485463e+00
1.641811351826850451e+00
1.362423047740408677e+00
1.149022298924466501e+00
9.778795197923132454e-01
8.374334700564121103e-01
7.263707461509298913e-01
6.312716764972564620e-01
5.562565035008369962e-01
4.980745477245209218e-01
4.423599195607165191e-01
3.990538025155980772e-01
3.658294137170974292e-01
3.463668338161833837e-01
3.198830399741517949e-01
3.312043606283817110e-01
2.858362278722701988e-01
2.631140291056734415e-01
2.834500239250507536e-01
3.222056338761715155e-01
2.277505701051113274e+00
9.338233207768582567e-01
1.936328512557009551e-01
1.865131804283629013e-01
2.249771529372702195e-01
1.693060165865624134e-01
2.041501529673312443e-01
5.944972971969462172e-01
