1.864739429443440510e+00
1.736295351322661107e+00
1.826914867188068170e+00
1.782183100568487388e+00
1.830330984389528348e+00
1.799614855583677953e+00
1.884660186919760116e+00
1.771112059025054197e+00
1.803762513272305856e+00
1.832941054029667560e+00
1.761831765479229928e+00
1.759508921744975529e+00
1.766297755723303942e+00
1.746772862495260092e+00
1.847643604938020045e+00
1.854428532275747665e+00
1.767262070102894489e+00
1.816870624714709281e+00
1.815275250597202961e+00
1.781113701931973825e+00
1.856922687368190106e+00
1.766921195578067927e+00
1.764174958492847223e+00
1.892903529583139566e+00
1.765248448290723360e+00
1.759294948679335668e+00
1.816656877385809166e+00
1.762685060501098633e+00
1.759265571198564970e+00
1.768281273385311714e+00
1.821719982522599146e+00
1.862685400120755563e+00
1.820537537970441377e+00
1.757520690877386826e+00
1.766696796772327938e+00
1.930213171116849313e+00
1.750488603368718588e+00
1.823367199999220922e+00
1.766777826116440187e+00
1.769069038807077554e+00
1.840135720181972356e+00
1.819575955259039146e+00
1.806584159110454779e+00
1.764265268406969511e+00
1.755437612533569336e+00
