1.386638543707259252e-01
2.069915077708502915e-01
1.108416089431402546e-01
8.353917534522553590e-02
2.092106551566022543e-01
2.337831790618439820e-01
1.000134920741015260e-01
8.417630730632771896e-02
1.524562504380307382e-01
1.979368600122471955e-01
1.355076814268497687e-01
1.144463460337608457e-01
1.432522244434407399e-01
9.044412345169706990e-02
1.733363330205704433e-01
1.384140658885874564e-01
2.306511138585653764e-01
1.328304610908665473e-01
8.761812647447940472e-02
9.044940012725109779e-02
1.081250693569792143e-01
2.383068084241228013e-01
1.620061276282401819e-01
1.479927938272978527e-01
1.153248824337695516e-01
1.351935041949469951e-01
1.369173796253001507e-01
1.342730893099561562e-01
1.323627154243753323e-01
1.616299467438712945e-01
1.535903914494717304e-01
1.072213342611459952e-01
1.191856939583382652e-01
1.430169097841419990e-01
2.334476007901607753e-01
1.387501605885460010e-01
9.344989326881601721e-02
1.345544921115357784e-01
1.328166004349576601e-01
2.097588126408926890e-01
1.436266963310698364e-01
7.490340636131610774e-02
1.386735983034397823e-01
2.282176730718384339e-01
1.270881007484933045e-01
