1.874460339387680752e-01
9.874158372428823438e-02
1.781274696534618507e-01
1.349967592098611502e-01
1.330749740863734210e-01
2.401825161452623147e-01
1.045994102320772501e-01
1.303812627621153686e-01
1.877040271350043921e-01
1.446542905920997490e-01
2.048804905424092548e-01
1.284558971987125597e-01
1.051093231728102290e-01
1.724593216117392136e-01
2.456693335020161684e-01
8.766540373734971192e-02
7.707400413903783831e-02
1.070068358106816137e-01
8.700296920823290259e-02
1.274778574625862471e-01
2.370635544128240346e-01
1.710428028823213487e-01
1.688122194894450812e-01
1.157028316817385050e-01
8.190842373098464191e-02
1.079184277419080185e-01
1.570260467681478811e-01
2.508728529148279152e-01
1.841339252175802910e-01
8.257447012719955348e-02
9.283926373625055184e-02
1.438273019850888068e-01
1.314506259687403533e-01
2.033063235910649025e-01
1.848908157107677919e-01
9.955492564179796444e-02
1.141607671421259046e-01
1.629896549151298724e-01
2.052541348211308625e-01
9.371418914103761544e-02
7.584486168591265953e-02
1.582368319021894565e-01
2.395106132360214912e-01
1.321272695873011993e-01
1.403210039072214366e-01
