2.727082878437638414e+00
1.190623545768856983e+00
1.048382367163896545e+00
9.928473632216453515e-01
9.157351530224084879e-01
8.290013914525509175e-01
7.673177388489246242e-01
7.308946560442447504e-01
6.949558727949857184e-01
6.646651127159595163e-01
6.482179112404584664e-01
6.295109758347272599e-01
6.094405846565962293e-01
6.023955090522765676e-01
5.896304366737603608e-01
5.836973122149705651e-01
5.679496179491281271e-01
5.603058508843183905e-01
5.560722916752099954e-01
5.486080889761447699e-01
5.407176346123218069e-01
5.320843593180180076e-01
5.253695338875055132e-01
5.265369996815919551e-01
5.160165901571511782e-01
5.105520747840404105e-01
5.134163458138704117e-01
5.072193131148815537e-01
5.086507316857575844e-01
4.910001630634069358e-01
