2.653898511099815227e+00
5.481713799461722658e-01
4.662431085839867650e-01
4.252961612388491686e-01
4.099514768347143900e-01
4.068129921235144053e-01
3.923246301464736185e-01
3.870795311808586381e-01
3.791123307816684496e-01
3.991123699098825250e-01
4.068389962300658080e-01
3.754368476331234050e-01
3.592101177178323446e-01
3.647499229602515491e-01
3.516153817363083522e-01
3.582347988098859570e-01
3.574852103859186281e-01
3.675193940542638149e-01
3.552346043452620505e-01
3.452390174128115441e-01
3.558810903966426742e-01
3.549479045279324008e-01
3.598248183555901036e-01
3.486427649341523605e-01
3.492176662929356024e-01
3.556520590685308125e-01
3.367651002235710345e-01
3.515809110365807899e-01
3.528211125403642456e-01
3.446278673633932921e-01
