7.068071026802062562e+00
4.625140406417846961e+00
4.153735143852234302e+00
3.882366454029083425e+00
3.722825362682342654e+00
3.611403243780136219e+00
3.507259014511108219e+00
3.446521615314483533e+00
3.368937606096267690e+00
3.309477791142463765e+00
3.270921817588805958e+00
3.233524023437500006e+00
3.189729377841949542e+00
3.168797230052947889e+00
3.134304766368865902e+00
3.103085210132598970e+00
3.063873799133300935e+00
3.044922645568847841e+00
3.025258929824829135e+00
3.002117239761352696e+00
2.986377653026580870e+00
2.965243012046813842e+00
2.951768646621704129e+00
2.930842145442962732e+00
2.916882432937621950e+00
2.894925203227996846e+00
2.897601622962951762e+00
2.873897521400451627e+00
2.868516439819336128e+00
2.842502871656417796e+00
