4.699068135680488749e+28
4.699068330843646108e+28
4.699068185462044938e+28
4.699068135636642864e+28
4.699068142248782977e+28
4.699068111224601368e+28
4.699068141753977235e+28
4.699068135310230407e+28
4.699068194473263127e+28
4.699068141964028816e+28
4.699068025856258871e+28
4.699068137030417228e+28
4.699068138266542736e+28
4.699068137854185414e+28
4.699068138433404621e+28
4.699068139178605223e+28
4.699068140840685934e+28
4.699068137348024796e+28
4.699068140604035847e+28
4.699068270025970654e+28
4.699068135486064307e+28
4.699068132738504376e+28
4.699068137354068591e+28
4.699068058471172561e+28
4.699068092088186427e+28
4.699068015405325203e+28
4.699068117805291050e+28
4.699068139812632007e+28
4.699068120876934232e+28
4.699068138612051511e+28
