6.865715782356262231e+00
4.777955430412292870e+00
4.712489035320282404e+00
4.601396321678161705e+00
4.672273102664947331e+00
4.587106962394714493e+00
4.750904425907134687e+00
4.534921064186096196e+00
4.603034754180908017e+00
4.300960182952881183e+00
4.534134544563293900e+00
4.631568307304382515e+00
4.416786068630218942e+00
4.682262225723266447e+00
4.459221246623992663e+00
4.642589973068237619e+00
4.636844805622100552e+00
4.442093468284606494e+00
4.654653351402282979e+00
4.407938305568695370e+00
4.526833573150634393e+00
4.488879001045226858e+00
4.501418096637725519e+00
4.488619636249541855e+00
4.445604467844963104e+00
4.762662915229797456e+00
4.330235253620148050e+00
4.506310947036743286e+00
4.802664462661742739e+00
4.551638872432708816e+00
