2.287159411305934142e+00
7.002595438264310745e-01
5.459746740184724390e-01
4.691727504894137590e-01
4.482982113599777163e-01
4.250864291124045735e-01
4.101681128486990846e-01
3.995507103860378439e-01
3.828053810872137364e-01
3.876877260655164914e-01
3.729503292419016347e-01
3.775770910739898456e-01
3.683207746595144050e-01
3.675662719011306701e-01
3.654747706584632327e-01
3.627383874326944313e-01
3.531949894540011847e-01
3.515968376025557784e-01
3.543937071837484631e-01
3.452487427413463705e-01
3.486216769598424192e-01
3.544041542559862035e-01
3.437130686402321000e-01
3.393699378453194915e-01
3.373561890028416999e-01
3.429143695317208862e-01
3.341326712615788064e-01
3.281846383817493829e-01
3.315866845615207947e-01
3.332432550586760245e-01
