1.168539760691629164e+07
6.788932088023054530e+04
3.736326693285534624e+06
7.636132372694692458e+04
4.292571100036063232e+06
2.848777274035148730e+04
2.009070541132344166e+06
2.521773654064251241e+04
1.515520334716744401e+04
1.194949272551894886e+06
8.246683506124973064e+02
2.119354888850176394e+03
2.481529527883841190e+06
1.033625371266200455e+04
8.560127324485779354e+02
5.250013306073904005e+02
1.089891990951681277e+06
2.930453361600494463e+04
8.106370047532082026e+02
2.364971620424051769e+06
1.288626031188167544e+05
1.702043496214598417e+06
4.556786331746711949e+04
7.042692305383085273e+06
4.894176261861121282e+06
6.704761764281424985e+04
2.353104613797473939e+04
1.485813776033401439e+02
1.843845381318092223e+02
9.635324403872489540e+01
