2.715333751066774326e+00
6.440845809854567339e-01
5.252976914264261277e-01
4.950720639243721966e-01
4.725307134866714720e-01
4.606329659312963232e-01
4.606010274983942665e-01
4.314813055157661337e-01
4.313551548458635643e-01
4.230806152999401215e-01
4.055563630871474867e-01
4.204429118953645350e-01
4.075990622669458663e-01
3.924780040137469950e-01
3.958637620769441257e-01
3.958286186650395444e-01
3.896261486269533836e-01
3.785673493847250826e-01
3.814090692162513951e-01
3.932437815859913810e-01
3.818384974598884596e-01
4.027058185614645347e-01
3.799605794154107818e-01
3.726316100656986152e-01
3.629618467986583941e-01
3.628027269199490812e-01
3.641768585227430077e-01
3.585483601838350132e-01
3.636820938557386307e-01
3.629560642406344240e-01
