7.834425627186894836e+00
3.640546470275521251e+00
1.506046319773793218e+00
1.320059390631318053e+00
1.247674521031975736e+00
1.329732015928626110e+00
1.504092973451316428e+00
1.105491047719120878e+00
1.303918558889627377e+00
1.127846864490211098e+00
1.390491655097901846e+00
1.092430664233863258e+00
1.210629411353170815e+00
1.168429043136537171e+00
1.283484596629440810e+00
1.033362945003807543e+00
1.215696468614041903e+00
1.109481776158511623e+00
1.170969319549203025e+00
1.029104245527088679e+00
1.958316785742342470e+00
9.838118113756180172e-01
1.073676940676570046e+00
1.135285769453644678e+00
1.174060046064853591e+00
9.672333568140863980e-01
1.589003195226192489e+00
9.725062952324747823e-01
1.027148439922928702e+00
1.123232855056226276e+00
