2.277897195117140869e+29
2.277897268063764825e+29
2.277897266433093380e+29
2.277897267257719008e+29
2.277897267159601053e+29
2.277897267660504070e+29
2.277897330589079298e+29
2.277897269130159163e+29
2.277897222615010127e+29
2.278328072057934220e+29
2.277897267809062341e+29
2.277897266495268387e+29
2.277897260849955237e+29
2.277897268490047418e+29
2.277897266675554165e+29
2.277897267232829583e+29
2.277897266942974745e+29
2.277897267909235766e+29
2.277897268049541894e+29
2.277897267103818694e+29
2.277897266695532555e+29
2.277897267594862346e+29
2.277897267498501147e+29
2.277897267563813897e+29
2.277897237341391066e+29
2.277897281169311517e+29
2.277897267801922024e+29
2.277897267607937211e+29
2.277897267166754388e+29
2.277897267487196409e+29
