4.589011996251460165e+07
6.806105244442525320e+06
2.747421970280490071e+07
3.487979971960266680e+07
5.797910257245330140e+05
2.579290410130717210e+05
4.147270172086053342e+07
3.277666053210309893e+07
2.338750209616347030e+07
4.668297826271790266e+07
1.014394965261260804e+05
2.670969391100445390e+07
2.452909524134049192e+07
7.015092064480963163e+06
5.762043575023661368e+06
1.939454052846634004e+05
8.687680361565212905e+07
4.916462181461432017e+06
1.174368106633016281e+07
1.481042614357299753e+05
6.126083930341491941e+04
2.179244172724191844e+08
1.307966165008814633e+07
3.689314976904020645e+06
1.594370729902938765e+05
1.614806190438842714e+04
5.188837531057108194e+07
5.157657886000564322e+05
2.562816113310088986e+04
1.047096863858032157e+04
