2.727740286847949225e+00
1.918001850171387135e+00
1.895425977005064544e+00
1.873177616293728365e+00
1.868793782250583124e+00
1.862211414347588967e+00
1.857618895462155306e+00
1.857284315222501814e+00
1.869160019917786020e+00
1.856764682589471249e+00
1.866760318626463411e+00
1.858510280561447070e+00
1.853914390136301549e+00
1.863534149897098535e+00
1.857496927854418667e+00
1.859465913343429477e+00
1.859033271330595039e+00
1.861011582766473271e+00
1.863899030035734095e+00
1.869735313445329616e+00
1.858946779617667300e+00
1.857133027471602027e+00
1.867917592403292693e+00
1.855012234677374305e+00
1.859578212070465142e+00
1.880653774480521623e+00
1.882951517628133287e+00
1.867932373443245808e+00
1.859307241743803019e+00
1.856526097616553406e+00
