2.579787459218501944e+00
9.713862796232104468e-01
8.574047004938125660e-01
7.805102391034364206e-01
7.237936212152242810e-01
6.727125470846891941e-01
6.562874666988849359e-01
6.165461406350135620e-01
6.182603813230991285e-01
5.956539722740650245e-01
5.923107937276362867e-01
5.838598412007093286e-01
5.857672429889440036e-01
5.672358983904123297e-01
5.646302499860524904e-01
5.642276678860187467e-01
5.653105208188294872e-01
5.615703873276710612e-01
5.635773982048034592e-01
5.491147585302591505e-01
5.498144813686609567e-01
5.554773895561695429e-01
5.419932521343231446e-01
5.504259670734406029e-01
5.414913278043269607e-01
5.498913246333598792e-01
5.362319481432438195e-01
5.419267904192208718e-01
5.427545035421847963e-01
5.424957134962081762e-01
