8.744993488159180117e+01
6.764124997863768840e+01
5.561606520996093650e+01
4.666035519104003981e+01
4.014393043212890433e+01
3.572152404174804730e+01
3.266594881134033557e+01
3.069729622650146439e+01
2.939182063941955647e+01
2.853479852905273262e+01
2.795856321258544952e+01
2.752368894958496170e+01
2.723077896118164176e+01
2.697140188903808422e+01
2.677431119995117115e+01
2.659142645111084136e+01
2.642361573867797730e+01
2.627403853626251262e+01
2.613977229614257780e+01
2.603010331726074256e+01
2.593406618957519427e+01
2.583304601898193198e+01
2.572866226119995048e+01
2.562692522125244210e+01
2.556100920715331881e+01
2.550386088790893524e+01
2.543368536643981770e+01
2.532564319591522306e+01
2.525356200942993112e+01
2.520364762802124048e+01
