8.808280605468749513e+01
6.846175089111328305e+01
5.676965530090332379e+01
4.784132482604980652e+01
4.140012024841308858e+01
3.687613627929687254e+01
3.365033385162353596e+01
3.145019778747558448e+01
2.997068640594482503e+01
2.893901407470703191e+01
2.823130043506622400e+01
2.769014914016723594e+01
2.737769947967529305e+01
2.708284828796386634e+01
2.683878586807250954e+01
2.661399393234253097e+01
2.645222156314849826e+01
2.627298427429199279e+01
2.620940738296508954e+01
2.603270423889160057e+01
2.590668736114502124e+01
2.585617296295166057e+01
2.577217437744140582e+01
2.566114938659667999e+01
2.560653894805908237e+01
2.556642901611328256e+01
2.545947407913207883e+01
2.539333046493530333e+01
2.532301959533691260e+01
2.522746937789916899e+01
