5.731126526130856946e+05
1.728994632945872145e+06
1.671209083944205777e+05
2.962327841296248880e+04
7.132735331278614700e+06
1.096614919870738871e+06
2.439219852133628228e+04
4.576413800460224971e+06
9.232169186979486840e+05
5.348758774635649752e+05
1.996871945156197296e+06
1.402821879440365592e+06
2.059844796157153323e+06
2.424433104846795031e+05
1.467086449681444174e+04
5.995241554595643654e+06
4.955462922905998130e+04
1.127840962445312471e+05
8.665830594487009570e+06
2.043597763424971374e+06
3.587491684833755426e+04
1.629295338780613019e+04
2.849966001769256764e+03
1.636465711169073591e+06
1.496319294292936102e+07
9.036963886681692675e+06
8.754331336749782786e+06
1.368201060567401873e+05
1.797278224749837827e+05
4.667277441318727215e+05
