2.479611111450195526e+00
9.360711604356766191e-01
8.326129493474960785e-01
7.686733188629150115e-01
6.919619063854217655e-01
6.567845550179481906e-01
6.374120069235563735e-01
6.072278343558311642e-01
5.958044050931931013e-01
5.737330647602677525e-01
5.643930385589599474e-01
5.636127744317054322e-01
5.544918232798576874e-01
5.367597910583019605e-01
5.501990621984005347e-01
5.329826301932334420e-01
5.275499575853347389e-01
5.211392356634140244e-01
5.204074701666832059e-01
5.182858902692795144e-01
5.112841823905706073e-01
5.093096065729856292e-01
5.070020107090472683e-01
5.070123920679092677e-01
5.092196766495704630e-01
5.001500528097152509e-01
5.016662106275558974e-01
4.977993539333343542e-01
5.029887615799903955e-01
4.956148070216178647e-01
