2.940467372536659241e-01
3.064853946896309300e-01
2.713613797058450627e-01
2.749777347483533529e-01
3.251714436931812946e-01
2.963481935414862267e-01
2.613633113338592051e-01
2.726342326149027162e-01
2.728155955989309822e-01
2.848908566731087610e-01
2.663358890629829445e-01
3.140847313594311019e-01
3.035638614537868318e-01
3.064029438698545604e-01
2.728806515323354831e-01
2.747582008546970989e-01
3.159812412997509701e-01
3.005153937859738056e-01
2.680288288504519278e-01
2.539752442786034070e-01
2.844446128670205520e-01
3.037208916342004628e-01
2.523545738547406381e-01
3.346946117408732269e-01
3.054853627022276474e-01
2.718333284905616321e-01
3.004981615441910670e-01
2.655130960839859888e-01
2.750539343724859309e-01
2.542096457265792808e-01
2.842577136260397985e-01
3.087281113926400589e-01
2.942562775408967823e-01
2.975558537117978242e-01
2.919367304507722305e-01
2.750288121243740780e-01
2.766965172709302534e-01
2.970552293861166149e-01
3.012374886806974961e-01
2.605037808101228203e-01
2.779004142639484587e-01
3.040806159694143807e-01
2.605033683332991234e-01
2.633680084601361937e-01
2.611732314875785388e-01
