1.132079387457308912e+05
3.333924010796534276e+03
8.799657653960761081e+02
3.416274032423748395e+02
1.587392799667258600e+02
8.169564611671562204e+01
4.506553321158354919e+01
2.571153624195783749e+01
1.517394555890016150e+01
9.136313279441736768e+00
5.613896111175021630e+00
3.429478855292124706e+00
2.118834282301286898e+00
1.307491247127318124e+00
8.065718932478549430e-01
4.949087099521420896e-01
3.107098393771361433e-01
2.068513939825897263e-01
1.402166339437516951e-01
1.062729418614601767e-01
8.673122385640609500e-02
7.679238112920776238e-02
7.224452545237232404e-02
7.105842179450344576e-02
6.946990976451915267e-02
6.921947461632178833e-02
7.329259379370574312e-02
7.194761344122681257e-02
7.520174375794669297e-02
9.243713916858975477e-02
9.505623458275333504e-02
1.383522939707271526e-01
9.644049130209245702e-01
7.876988509697145702e+00
2.322837264014487424e+00
1.262765016240820770e-01
1.033689176262495013e-01
1.196276672776451638e-01
1.692506495759168450e-01
2.681924251906395162e-01
4.283054359442990400e-01
1.027145006973791741e+00
4.472628985918027489e+00
2.605537114183150926e+00
5.584458879856492031e-01
