8.631239982044443260e-02
1.050275678330279405e-01
8.456083058201252500e-02
6.488552955078318030e-02
7.323873401718571097e-02
1.020790501794916483e-01
1.089951518249321488e-01
5.548771284520626068e-02
4.579028614023898658e-02
1.292559473993296348e-01
9.736850730916286889e-02
5.748221153353757357e-02
5.952783404512608512e-02
5.208830965405449043e-02
5.559934374499828080e-02
1.452816943737103572e-01
1.545658257017110127e-01
5.271497806732324681e-02
4.135126376801982750e-02
7.918301700277531607e-02
8.481279669448416048e-02
8.406009370500737432e-02
1.081460991755444911e-01
7.716509309458605137e-02
4.065038097348618734e-02
3.829443575616212764e-02
1.505973827926085362e-01
1.355044214213464993e-01
5.559027153364521495e-02
4.893716436592822350e-02
7.173706325603292078e-02
7.877804608421122567e-02
8.502277234529560801e-02
8.191859141546994905e-02
6.852785698039100259e-02
9.761310691766916792e-02
1.201544847299760993e-01
7.932036685103431572e-02
5.147788178254949359e-02
7.362313229749177512e-02
1.132565234847208308e-01
9.837923640821208404e-02
5.276608084665333764e-02
5.549892317503690720e-02
1.073550899770665673e-01
