4.776758471493946362e-02
1.368091486275513228e-03
5.924376569926105085e-04
3.273219930285469165e-04
2.182091591245633496e-04
1.811705556935927866e-04
2.164144435540792675e-04
5.292885904596682928e-04
7.189478801979504955e-04
4.289978669282603794e-04
4.257899052661625813e-04
5.546256099787956603e-04
5.450080114198809205e-04
3.410891711493914662e-04
3.978809591957387657e-04
4.908224998755341111e-04
5.441021726545977339e-04
7.102155520461817060e-04
4.358117126839909021e-04
4.111252913370411666e-04
4.167980415389892787e-04
5.701522731737412083e-04
3.942025334950774516e-04
3.960426213180130847e-04
4.320494729054576285e-04
5.919447693815256756e-04
4.824616431080280409e-04
3.588799971770099007e-04
2.578581656091549399e-04
5.373154343304006528e-04
5.958150846863839636e-04
4.325365954811902572e-04
3.985623405513135861e-04
5.425335579313971457e-04
3.658240509932821332e-04
5.034794857566978138e-04
4.572499261059342489e-04
4.303642063144039577e-04
6.177173791195642418e-04
4.850565332007852133e-04
3.568196775728559229e-04
2.972168545734057954e-04
4.436842121302764686e-04
5.646254656776944535e-04
3.408563182134419288e-04
