8.743544176537940138e-02
9.233684800168935614e-02
8.231172883050873190e-02
5.155472221605954947e-02
1.144019255929804857e-01
6.719316096302677122e-02
6.740002490659342815e-02
1.093838410848315679e-01
8.227354795374769436e-02
5.860727234802981522e-02
7.185968287051358594e-02
1.352131524658266581e-01
8.526420185065015922e-02
6.268447140192097422e-02
4.785773360190239550e-02
4.186205552058651358e-02
1.138270259537595419e-01
1.471920598377572664e-01
6.355209073963317967e-02
5.199481998669340521e-02
6.410948296097364330e-02
7.551396860087171425e-02
7.633689271801329113e-02
1.047129635798170200e-01
8.683891178287089785e-02
1.021581200407223472e-01
1.031951471132800946e-01
5.732727439162579181e-02
4.693476388112027831e-02
4.221678267609565993e-02
1.300400216132402420e-01
1.599902281973590301e-01
7.907415664893516216e-02
7.660557698220649137e-02
5.816222214080551955e-02
5.980838411190408238e-02
4.962173342070681087e-02
6.195742107848537655e-02
9.978079595702125937e-02
1.109065677613971096e-01
1.011966390614496836e-01
6.870373148233333005e-02
6.419210078472152581e-02
8.137139103355560399e-02
6.103922329605259572e-02
