9.296119923485403336e-02
9.739598978627869719e-02
1.011281171417299785e-01
8.454781374398698257e-02
4.990399225634780528e-02
1.102105203243170656e-01
7.136078343350202302e-02
3.125029549676370394e-02
2.219212741313621173e-02
1.839075009833942009e-01
1.258306821233573236e-01
2.694181703585893720e-02
1.773564751319428590e-02
3.283603837654153201e-02
1.635691272738845348e-01
1.578014198036745419e-01
7.156220172591348794e-02
2.162715983874303333e-02
3.594491080915991621e-02
1.689906032220955812e-01
1.052864267035050622e-01
5.108633779603591329e-02
5.715236318931776055e-02
5.282414805619640302e-02
3.439222456530687672e-02
4.613119724424595558e-02
1.492299347412475163e-01
1.393653085366129141e-01
6.170214223180045532e-02
4.257360629816638736e-02
2.778897961066599878e-02
6.172024531963658106e-02
1.420388481817505544e-01
9.136929766750558068e-02
6.489540235278137836e-02
6.199462673171086263e-02
6.628005486972471383e-02
8.794713894182697167e-02
6.017603528527344647e-02
2.526239913571229692e-02
1.316765605848520260e-01
1.226724444967793592e-01
6.022576322937582549e-02
2.549932752438682088e-02
5.190889840509663178e-02
