2.069713299737331591e-01
1.638867448460548382e-01
2.231741099757083013e-01
1.109204123470377418e-01
2.109980327176286807e-01
2.072073634951672738e-01
1.123387226240431941e-01
1.081855228923736673e-01
1.639235197229588215e-01
2.307565558622492186e-01
2.214166449898100908e-01
1.304852895121625111e-01
1.035180463594325001e-01
1.722032104400878227e-01
3.073870831347526589e-01
1.154678391015275946e-01
1.092927184035169252e-01
1.351031456538971387e-01
1.468667529047803788e-01
2.714161197555826077e-01
2.341676507382950967e-01
1.142356920432537198e-01
1.234752767263574830e-01
1.880077825106204747e-01
1.948324625796460097e-01
1.432335112798721333e-01
1.801430240590521648e-01
1.697305541564809450e-01
1.953041087439719714e-01
1.793817623340069056e-01
1.646841059022761400e-01
1.646241272225024976e-01
1.322868219874006601e-01
1.663618308115512867e-01
2.242322151965283339e-01
2.207417939096055215e-01
1.259992461889348214e-01
1.048938180220888028e-01
1.329970291637359858e-01
1.424958752666382056e-01
1.829863686035288206e-01
1.818582499597934943e-01
1.888115952148082533e-01
1.200782888905799067e-01
1.359625170205501776e-01
