5.055955261923372746e-04
4.009818439953960478e-05
-7.263466250151395798e-04
2.985674655064940453e-03
1.142482925206422806e-02
9.903031401336193085e-03
4.143356345593929291e-03
-3.028776347637176514e-01
6.116747483611106873e-02
2.725034356117248535e-01
-3.265326023101806641e-01
-9.256528690457344055e-03
-1.367368455976247787e-02
6.823959946632385254e-01
7.219882099889218807e-04
-7.446980476379394531e-01
7.141973376274108887e-01
-1.426190370693802834e-03
8.330721357197035104e-07
-4.173100169282406569e-04
-1.186294248327612877e-03
