1.967306137084960938e+00
-5.713767022825777531e-04
-1.076061744242906570e-03
-2.441336255287751555e-04
-6.686113192699849606e-04
-7.908603292889893055e-04
-2.121717407135292888e-04
-4.771538078784942627e-04
-3.379367524757981300e-03
-4.455657210201025009e-03
-4.171600565314292908e-03
4.624291062355041504e-01
3.605081466957926750e-03
2.463041106238961220e-03
9.885712713003158569e-02
3.300426155328750610e-02
-8.037615567445755005e-02
-2.054390460252761841e-01
1.605906151235103607e-02
1.611198484897613525e-01
-2.726967504713684320e-04
-4.661905393004417419e-02
7.831092923879623413e-03
1.378944218158721924e-01
-1.429268857464194298e-03
-6.185064557939767838e-03
-5.913861561566591263e-03
-3.465657355263829231e-03
-7.458695326931774616e-04
1.863727811723947525e-04
6.949700182303786278e-04
-6.361823179759085178e-04
-1.464151660911738873e-03
