-6.832214444875717163e-02
5.353665351867675781e-01
-7.306402176618576050e-02
8.223847150802612305e-01
2.449062764644622803e-01
-1.847269013524055481e-02
2.356415539979934692e-01
-1.681829541921615601e-01
4.134197831153869629e-01
2.017871141433715820e-01
-1.251414418220520020e-01
1.858146041631698608e-01
3.926587402820587158e-01
-2.948506772518157959e-01
7.551210373640060425e-02
3.503465652465820312e-01
-1.472633183002471924e-01
5.829609632492065430e-01
-3.623670935630798340e-01
-1.312236636877059937e-01
4.036334156990051270e-02
