5.658291775034740567e-05
-1.210442860610783100e-03
3.303314442746341228e-04
-2.147697523469105363e-04
3.957627341151237488e-04
-4.450782143976539373e-04
2.595307111740112305e+00
-4.703084938228130341e-03
-4.021307453513145447e-03
-4.912515170872211456e-03
-2.395192394033074379e-03
-3.056130371987819672e-04
1.304805874824523926e+00
4.211978986859321594e-03
2.633821684867143631e-03
3.609501058235764503e-03
-1.671808538958430290e-03
-7.360153831541538239e-03
-1.709317089989781380e-03
4.944370128214359283e-03
-1.150305499322712421e-03
-1.063630101270973682e-03
-4.153616726398468018e-03
-5.962063092738389969e-03
-4.748222883790731430e-03
9.532394469715654850e-04
1.251012290595099330e-04
-4.376776516437530518e-03
-3.687292337417602539e-03
-4.354535602033138275e-03
8.911566436290740967e-02
-1.364966272376477718e-03
-3.885411715600639582e-04
2.307511633262038231e-03
2.847183123230934143e-02
1.824078112840652466e-01
2.617645822465419769e-02
2.581139206886291504e-01
2.052128612995147705e-01
1.552117615938186646e-01
-2.160322107374668121e-02
-1.073640538379549980e-03
1.543000340461730957e-01
1.962973773479461670e-01
8.448518812656402588e-02
3.142068162560462952e-02
1.217906847596168518e-01
7.325102388858795166e-02
1.375992000102996826e-01
1.201646775007247925e-01
-7.139597833156585693e-02
1.906888559460639954e-02
5.130364745855331421e-02
1.132188551127910614e-02
4.553408920764923096e-02
1.201512664556503296e-02
1.818355619907379150e-01
1.360819637775421143e-01
-1.813080348074436188e-02
-9.946532547473907471e-03
-5.163863766938447952e-03
-1.501930356025695801e-01
9.019982069730758667e-02
-1.286960020661354065e-02
-5.126965418457984924e-02
-1.239707395434379578e-01
1.033582072705030441e-02
-2.082862192764878273e-03
-2.342816591262817383e-01
-1.425348669290542603e-01
-8.945470675826072693e-03
4.032839462161064148e-02
6.066035479307174683e-02
-1.856216788291931152e-02
6.032507866621017456e-02
-8.772866427898406982e-02
-1.250188648700714111e-01
2.725448831915855408e-02
-1.776283681392669678e-01
-8.268864452838897705e-02
4.368010442703962326e-03
5.512363743036985397e-03
-7.275019888766109943e-04
-3.166166832670569420e-03
5.424266564659774303e-04
1.431233286857604980e-01
8.599140495061874390e-02
3.609539940953254700e-02
2.450863644480705261e-02
8.043540269136428833e-02
1.443880796432495117e-02
1.021161768585443497e-02
8.116954006254673004e-03
2.604515105485916138e-02
2.601343691349029541e-01
2.889262884855270386e-02
7.755273487418889999e-03
8.612271398305892944e-03
4.755208734422922134e-03
-1.408886164426803589e-03
-2.448658458888530731e-03
-7.574711926281452179e-03
-1.632995903491973877e-02
-1.810725778341293335e-01
-1.140164025127887726e-02
-6.363347638398408890e-03
1.438032137230038643e-03
-1.991801691474393010e-04
-2.479408401995897293e-03
1.082645263522863388e-03
1.302901189774274826e-03
-5.954987718723714352e-04
-1.516494783572852612e-03
-1.692046527750790119e-03
-2.893154451157897711e-04
1.250914647243916988e-03
2.032461816270370036e-05
-4.007584357168525457e-05
-1.086756470613181591e-03
1.365831820294260979e-03
-5.219432932790368795e-05
-2.016081816691439599e-05
-4.101808299310505390e-04
-1.154006691649556160e-03
1.224322477355599403e-04
-1.763930311426520348e-03
-7.732352241873741150e-04
-3.113258862867951393e-04
2.482075651641935110e-04
