1.337509788572788239e-02
-2.494085021317005157e-02
5.095410160720348358e-03
-1.436695177108049393e-02
-5.731445737183094025e-03
-5.174115765839815140e-03
7.222313433885574341e-03
9.174762293696403503e-03
2.432827139273285866e-03
1.999998651444911957e-02
1.256158296018838882e-02
2.068264875560998917e-03
-4.070675466209650040e-03
4.035919439047574997e-03
6.426216568797826767e-03
2.176453592255711555e-03
2.603281755000352859e-03
-1.025870162993669510e-02
-4.051094409078359604e-03
-9.779963642358779907e-03
-7.393949781544506550e-04
4.698675125837326050e-03
-3.811552189290523529e-03
-9.710023732623085380e-06
-6.835633539594709873e-04
4.999664612114429474e-03
2.838931279256939888e-03
2.650022692978382111e-02
1.016599219292402267e-02
7.185511291027069092e-02
1.126417815685272217e-01
-1.146852076053619385e-01
-1.447961330413818359e-01
7.732813060283660889e-02
1.381012983620166779e-02
4.574547056108713150e-03
-6.005221046507358551e-03
-1.833542808890342712e-02
-6.336465012282133102e-03
-4.945592489093542099e-03
-1.401531882584095001e-02
-1.931379362940788269e-02
-1.398354768753051758e-02
-7.939252071082592010e-03
-1.697633601725101471e-02
-1.437546312808990479e-02
1.715237274765968323e-03
-1.247257087379693985e-02
-7.527386769652366638e-03
-6.894164253026247025e-03
1.396309002302587032e-03
1.058670133352279663e-02
-4.669419489800930023e-03
-1.075539458543062210e-02
-1.618196070194244385e-02
-4.898726008832454681e-03
-2.678705006837844849e-02
-4.807136952877044678e-03
2.985083730891346931e-03
1.603684946894645691e-02
3.533668583258986473e-03
3.233915427699685097e-03
1.193386735394597054e-03
-4.930126946419477463e-03
-2.659359388053417206e-02
