3.488272894173860550e-03
3.116267034783959389e-03
8.705558720976114273e-04
5.729087861254811287e-04
2.464690187480300665e-04
-4.475630703382194042e-04
2.947808504104614258e+00
2.708247338887304068e-04
-1.385084120556712151e-03
-2.268159529194235802e-03
-1.295789727009832859e-03
1.750407274812459946e-03
1.196786877699196339e-03
1.078965069609694183e-04
5.708317621611058712e-04
4.372667535790242255e-05
-2.854737453162670135e-03
-1.646045828238129616e-03
5.202645901590585709e-03
2.224798351526260376e-01
2.334010787308216095e-02
4.163533449172973633e-01
9.172837249934673309e-03
9.566027671098709106e-03
4.639989696443080902e-03
1.849221880547702312e-03
-1.374406740069389343e-02
-2.083831466734409332e-02
-1.173015031963586807e-02
-6.013844162225723267e-03
-6.710087182000279427e-04
5.067619495093822479e-03
7.438286673277616501e-03
1.559019554406404495e-02
2.755370438098907471e-01
1.040367968380451202e-02
3.331809537485241890e-03
3.139625787734985352e-01
1.853157430887222290e-01
2.129796743392944336e-01
2.758166193962097168e-01
4.201656207442283630e-02
2.629293128848075867e-02
6.020385771989822388e-03
2.620499134063720703e-01
1.179953441023826599e-01
1.019121496938169003e-03
8.933128416538238525e-02
2.217494845390319824e-01
9.091947227716445923e-03
1.181334108114242554e-01
1.671340763568878174e-01
1.177636440843343735e-02
1.975798457860946655e-01
1.766415499150753021e-02
1.997043937444686890e-02
1.742289774119853973e-02
1.350104529410600662e-02
6.512206047773361206e-02
1.074886415153741837e-02
-3.122165054082870483e-02
-1.067625731229782104e-01
-2.282429784536361694e-01
4.255195707082748413e-02
-8.285880833864212036e-02
1.168705895543098450e-01
-5.264770984649658203e-02
-4.374213516712188721e-03
-2.232629358768463135e-01
-1.699533872306346893e-02
-1.258644908666610718e-01
2.335621044039726257e-02
6.670267879962921143e-02
2.731756120920181274e-02
-1.061804071068763733e-01
-6.531779468059539795e-02
4.496281594038009644e-02
5.813901079818606377e-04
-6.209963187575340271e-02
1.291245520114898682e-01
3.618595749139785767e-02
1.322089694440364838e-02
-2.993486225605010986e-01
2.922992644016630948e-05
2.053034603595733643e-01
7.176303118467330933e-02
1.362455170601606369e-02
8.784041740000247955e-03
-1.231559831649065018e-02
-4.533819854259490967e-02
3.276536008343100548e-03
5.413209274411201477e-02
-1.469349116086959839e-02
-2.242552116513252258e-02
-1.731883548200130463e-02
-1.797786727547645569e-02
-1.864465326070785522e-02
-3.353839740157127380e-02
-1.121140317991375923e-03
1.306463405489921570e-02
1.832574233412742615e-02
1.913573406636714935e-02
1.988448202610015869e-02
-1.221781421918421984e-04
-8.247095160186290741e-03
-5.048859864473342896e-03
6.845726165920495987e-03
8.017418906092643738e-03
2.666718140244483948e-02
7.315357215702533722e-03
-1.509937341324985027e-03
-3.081504488363862038e-03
-2.795161679387092590e-03
-8.796958136372268200e-04
1.148320268839597702e-03
2.237795386463403702e-03
7.238620310090482235e-04
-3.466123482212424278e-03
-3.754127770662307739e-03
-3.749287570826709270e-04
1.875041867606341839e-03
5.953908897936344147e-03
-4.770322237163782120e-03
-4.428490065038204193e-03
-3.922807052731513977e-03
-3.724281676113605499e-03
-1.688982476480305195e-03
-8.476938237436115742e-04
8.678639424033463001e-04
