3.923522017430514097e-04
-5.693568964488804340e-04
-5.746907481807284057e-05
-4.449296593666076660e-01
5.685536861419677734e-01
-2.278801403008401394e-04
2.504954347386956215e-03
3.048941434826701880e-04
-6.880220607854425907e-04
-4.945787135511636734e-03
-3.098110901191830635e-03
2.953127957880496979e-03
1.782332360744476318e-01
-1.381288468837738037e-01
-7.388273626565933228e-02
3.028693497180938721e-01
-1.156442016363143921e-01
2.264711558818817139e-01
-2.166480273008346558e-01
8.213370293378829956e-02
3.459259122610092163e-02
-4.454049766063690186e-01
-2.149660326540470123e-02
-5.328046157956123352e-02
-2.607252299785614014e-01
-1.206376822665333748e-03
-1.701378932921215892e-04
-1.786611101124435663e-04
-7.361133466474711895e-04
-6.516114226542413235e-04
3.384135197848081589e-04
5.526153836399316788e-04
8.526199962943792343e-04
