-9.008714114315807819e-04
-5.743756191805005074e-04
1.012121327221393585e-03
2.340285573154687881e-03
-4.261775612831115723e-01
2.527173841372132301e-03
2.510420745238661766e-03
3.239226527512073517e-03
3.203936154022812843e-03
4.845866002142429352e-03
1.576579292304813862e-03
-4.615254104137420654e-01
-1.936870664358139038e-01
-3.947875276207923889e-02
4.145818296819925308e-03
1.266727298498153687e-01
-1.071370318531990051e-01
-2.200710959732532501e-02
-1.592698991298675537e-01
9.598413482308387756e-03
3.013541102409362793e-01
7.370611280202865601e-02
1.064486056566238403e-01
-4.331652540713548660e-03
1.072297990322113037e-01
3.727062046527862549e-02
-6.242454983294010162e-03
-2.815622603520750999e-03
-4.852861166000366211e-03
-6.496875546872615814e-03
-2.492616884410381317e-03
8.240574243245646358e-05
9.451962541788816452e-04
