-4.281909205019474030e-03
5.375470966100692749e-03
9.386358782649040222e-03
6.344059109687805176e-02
4.105992242693901062e-02
6.528595089912414551e-02
4.510238766670227051e-03
1.180844381451606750e-02
1.514847949147224426e-02
-2.438748022541403770e-03
4.472357779741287231e-02
5.834642425179481506e-02
5.954765900969505310e-02
4.011541232466697693e-02
5.586929182754829526e-05
3.833017079159617424e-03
1.061782985925674438e-01
-4.441548883914947510e-02
-4.139373544603586197e-03
-9.772687917575240135e-04
1.287026051431894302e-02
3.817616030573844910e-02
1.011871732771396637e-02
-1.896172203123569489e-02
-9.820907376706600189e-03
-1.954126358032226562e-02
-3.574520349502563477e-02
7.796587795019149780e-02
6.268920376896858215e-03
-2.658282639458775520e-03
2.975117042660713196e-02
-8.018655329942703247e-02
8.085183054208755493e-02
