-6.787917017936706543e-02
-8.204680681228637695e-02
8.558860421180725098e-02
3.689805045723915100e-02
-1.884182915091514587e-02
6.323198229074478149e-02
6.614152342081069946e-02
9.216752648353576660e-02
2.029137872159481049e-02
2.418812364339828491e-01
6.314976140856742859e-03
-2.101515978574752808e-01
-1.896749809384346008e-02
9.128214791417121887e-03
-4.168691858649253845e-02
-4.159252345561981201e-02
-8.244507759809494019e-02
4.054018482565879822e-02
4.908768087625503540e-02
-1.186209917068481445e-01
1.837202161550521851e-02
