-4.976453055860474706e-05
-7.071847794577479362e-04
1.033827793435193598e-04
7.810749812051653862e-04
1.936243381351232529e-03
3.144400427117943764e-03
3.632314968854188919e-03
3.843165468424558640e-03
4.127672407776117325e-03
5.779105238616466522e-03
1.502552535384893417e-03
-2.533841645345091820e-03
2.687777280807495117e-01
-3.122205100953578949e-02
-3.646246790885925293e-01
-8.204051852226257324e-02
9.103806316852569580e-02
1.321000009775161743e-01
-1.695721894502639771e-01
1.453454643487930298e-01
4.733424633741378784e-02
7.651593536138534546e-02
-2.742056094575673342e-04
1.990394294261932373e-01
-5.119028035551309586e-03
-4.929213784635066986e-03
1.269316196441650391e+00
9.940406307578086853e-04
3.903915931005030870e-04
-6.806187797337770462e-03
-5.680116359144449234e-03
-3.936493885703384876e-04
2.991334440594073385e-05
