9.875725954771041870e-03
1.141977775841951370e-02
-4.817071370780467987e-03
-7.851080968976020813e-03
9.243110194802284241e-03
3.456154372543096542e-03
1.461609080433845520e-02
6.033686921000480652e-03
-7.341641467064619064e-03
9.541411884129047394e-03
8.103852160274982452e-03
6.803995929658412933e-03
-2.372581744566559792e-03
4.663270898163318634e-03
5.557670723646879196e-03
-6.838282570242881775e-04
1.474663428962230682e-02
-1.113370619714260101e-02
-5.444557173177599907e-04
-1.497449935413897038e-03
-3.366466553416103125e-04
6.292465608566999435e-03
-4.771485924720764160e-03
8.374422577617224306e-06
-7.597855757921934128e-03
-6.846867036074399948e-04
-6.277694366872310638e-03
-1.024626754224300385e-02
-1.959884393727406859e-04
2.435225527733564377e-03
-1.715931226499378681e-03
8.625704795122146606e-03
6.405662861652672291e-05
-1.625765435164794326e-04
5.510625429451465607e-03
4.826345946639776230e-03
7.750493939965963364e-03
7.750098127871751785e-03
3.495579352602362633e-03
6.720772013068199158e-03
-8.742422505747526884e-05
9.233739110641181469e-04
9.185706265270709991e-03
2.960787620395421982e-03
7.145049516111612320e-03
4.387051332741975784e-03
6.395632866770029068e-03
7.153630256652832031e-03
5.770597141236066818e-03
9.361911797896027565e-04
-2.763438737019896507e-03
1.019124756567180157e-03
5.879136733710765839e-03
1.333494437858462334e-03
3.388396697118878365e-03
-1.986945513635873795e-03
2.292565070092678070e-03
5.173286888748407364e-03
4.815124906599521637e-03
-2.308524446561932564e-03
-1.201370451599359512e-02
-1.803711242973804474e-02
-7.875017821788787842e-02
1.247231736779212952e-01
3.160096108913421631e-01
-1.132155582308769226e-01
-6.533064693212509155e-02
-2.627966366708278656e-02
-6.402642000466585159e-03
-1.520826388150453568e-02
-4.295891150832176208e-03
-3.602089360356330872e-03
4.950724542140960693e-03
-6.086370907723903656e-03
1.083871931768953800e-03
-6.723304744809865952e-03
-2.551682060584425926e-03
1.652782884775660932e-05
-1.217319746501743793e-03
1.413825666531920433e-03
-2.525174990296363831e-03
-2.179103204980492592e-03
-3.083879360929131508e-03
-2.908360213041305542e-03
-2.124164719134569168e-03
-1.665893476456403732e-03
2.860678127035498619e-03
-1.713200239464640617e-03
-2.578236861154437065e-03
6.359514663927257061e-04
1.856897608377039433e-03
9.900578297674655914e-03
1.135134443757124245e-04
4.793316184077411890e-04
2.797620138153433800e-03
2.397692529484629631e-03
-1.762183033861219883e-03
-5.126633215695619583e-03
-4.815870430320501328e-03
-1.824660139391198754e-04
4.979408811777830124e-03
-3.287641797214746475e-03
1.799690537154674530e-03
-1.592922396957874298e-02
-4.870917648077011108e-03
-9.962780401110649109e-03
-6.449283682741224766e-04
-1.595456153154373169e-03
1.260844245553016663e-02
1.422950997948646545e-02
-7.864546962082386017e-03
9.346849285066127777e-03
7.232806179672479630e-03
-9.560356847941875458e-04
-7.608562707901000977e-03
1.261475868523120880e-02
-3.240514313802123070e-03
-3.701551351696252823e-03
-1.651050336658954620e-02
-6.928652059286832809e-03
-2.064876898657530546e-04
-1.014892943203449249e-03
4.929470829665660858e-03
-9.692718274891376495e-03
-2.044343575835227966e-02
1.653469749726355076e-03
-1.604324579238891602e-02
7.976018823683261871e-03
-1.525904983282089233e-02
