-5.644606426358222961e-04
1.453346107155084610e-03
-3.964671850553713739e-05
-3.347106575965881348e-01
3.828406333923339844e-01
9.391755447722971439e-04
-3.700369270518422127e-04
1.135881990194320679e-03
8.197262650355696678e-04
2.370727888774126768e-04
-2.057931385934352875e-03
-3.069451486226171255e-04
1.092260796576738358e-02
-9.896386181935667992e-04
-4.456582537386566401e-04
1.179431751370429993e-01
3.318232193123549223e-04
1.315336092375218868e-03
-3.579889889806509018e-03
-7.003186736255884171e-03
-6.589185446500778198e-03
-4.304742440581321716e-03
-2.622518222779035568e-03
-2.216599183157086372e-03
2.862406373023986816e-01
-4.031609278172254562e-03
-6.568548269569873810e-03
1.405047625303268433e-01
-6.750821601599454880e-03
-1.492407470941543579e-01
-1.363948136568069458e-01
-5.413067527115345001e-03
-7.084207236766815186e-02
1.290834248065948486e-01
-3.845029324293136597e-02
1.005674749612808228e-01
1.078402623534202576e-01
-1.180314645171165466e-01
7.396665960550308228e-02
4.523640125989913940e-02
-6.872980296611785889e-02
8.937679976224899292e-02
1.741609126329421997e-01
7.400217652320861816e-02
3.440164495259523392e-03
-3.453306853771209717e-02
-2.540929988026618958e-02
1.900067776441574097e-01
1.253609955310821533e-01
8.879300206899642944e-02
1.019973978400230408e-01
1.426380127668380737e-01
-9.626266360282897949e-02
7.545011490583419800e-02
2.131720073521137238e-02
1.617086678743362427e-01
5.976733937859535217e-02
-3.034676797688007355e-02
1.653125882148742676e-02
-6.507199723273515701e-03
7.693263143301010132e-02
5.642715841531753540e-02
8.424345403909683228e-02
-4.678241536021232605e-02
3.624816238880157471e-02
4.975696653127670288e-02
8.255302160978317261e-02
5.553440004587173462e-02
4.994304478168487549e-02
-2.695299498736858368e-02
-2.671111002564430237e-02
-4.349953029304742813e-03
1.141686066985130310e-01
-8.655310422182083130e-02
-5.184084642678499222e-03
-2.213863581418991089e-01
-2.277910895645618439e-02
-6.543627381324768066e-02
-2.997112646698951721e-02
-2.321636229753494263e-01
-7.489218842238187790e-03
-1.981717161834239960e-02
-7.782358676195144653e-02
-1.894622296094894409e-02
-4.392668977379798889e-02
-1.408882886171340942e-01
8.435404743067920208e-05
-5.729962140321731567e-02
-2.289756899699568748e-03
2.200049348175525665e-02
-1.996845006942749023e-02
-4.922892898321151733e-02
-1.801137924194335938e-01
7.270318921655416489e-03
2.054412616416811943e-03
1.803953549824655056e-03
-3.045655228197574615e-02
-1.067712344229221344e-02
-1.633217334747314453e-01
-1.799658522941172123e-03
-1.046969322487711906e-03
-3.329128399491310120e-02
-1.003120839595794678e-01
-8.950105309486389160e-02
-7.493096869438886642e-03
-9.832184761762619019e-02
-1.129310345277190208e-03
8.680815226398408413e-04
-1.761566251516342163e-01
3.011396853253245354e-03
1.444308203645050526e-03
-8.226831257343292236e-02
-1.777237630449235439e-03
-6.085284985601902008e-04
-7.985962438397109509e-04
-5.306543782353401184e-02
-3.397230466362088919e-05
-1.671069650910794735e-03
-1.676535755395889282e-01
-1.895070075988769531e-01
1.589736202731728554e-04
-6.401679711416363716e-04
-1.775965392880607396e-05
-7.637272356078028679e-04
-6.459482759237289429e-02
9.311974054071470164e-07
-6.080077146179974079e-04
-7.103091920726001263e-04
-1.136401318944990635e-03
