-6.132476925849914551e-01
-2.989120006561279297e+00
3.182161092758178711e+00
-3.330542802810668945e+00
3.301901578903198242e+00
-1.607885837554931641e+00
2.988857984542846680e+00
-2.509453594684600830e-01
1.242609262466430664e+00
7.080680131912231445e-02
4.441826343536376953e-01
-3.767247200012207031e-01
-7.725985348224639893e-02
-5.325568467378616333e-02
4.097962006926536560e-02
1.305066794157028198e-01
-1.073888316750526428e-01
-4.711523279547691345e-02
-1.810419410467147827e-01
1.008465141057968140e-02
2.800877094268798828e-01
6.931854039430618286e-02
7.732152938842773438e-02
-5.592364817857742310e-02
1.049543991684913635e-01
1.374322474002838135e-01
1.121344566345214844e-01
1.250458508729934692e-01
-7.983262091875076294e-02
7.369080930948257446e-02
9.160108119249343872e-02
-3.857675194740295410e-02
-1.585449092090129852e-02
