-2.065812936052680016e-03
-1.039557624608278275e-02
2.689025364816188812e-02
3.225397085770964622e-03
1.045366935431957245e-02
7.410408463329076767e-03
-1.195710152387619019e-02
-8.422952145338058472e-03
-1.983656734228134155e-02
-5.268772132694721222e-03
-1.670467853546142578e-02
-2.159885130822658539e-02
-1.624376326799392700e-02
-6.828789599239826202e-03
-5.770491436123847961e-03
-2.052958123385906219e-03
-1.059875916689634323e-02
-1.282075885683298111e-02
-6.794730667024850845e-03
-1.002868823707103729e-02
-6.829157005995512009e-03
-2.999836346134543419e-03
2.161401644116267562e-04
-1.176471915096044540e-02
-2.283295616507530212e-02
-1.214589923620223999e-02
-1.688405312597751617e-02
-2.001123875379562378e-02
-1.429887861013412476e-02
-1.119393017143011093e-02
4.031405970454216003e-02
-4.401229321956634521e-02
-3.061030991375446320e-02
1.716135628521442413e-02
-1.262661680812016129e-04
1.080182660371065140e-02
1.692412421107292175e-02
7.333456072956323624e-03
6.709150620736181736e-04
-2.100378507748246193e-03
-3.735771169885993004e-03
3.295103786513209343e-03
5.456708837300539017e-03
6.867316551506519318e-03
1.315387990325689316e-02
3.699113149195909500e-03
-1.273852190934121609e-03
-1.544963684864342213e-03
-8.818629197776317596e-03
5.835471674799919128e-03
1.628085412085056305e-02
9.533476084470748901e-03
-6.186010781675577164e-03
-1.354325748980045319e-02
-7.477489416487514973e-04
-8.785767131485044956e-04
-6.282387301325798035e-03
1.405631843954324722e-02
-2.618358237668871880e-03
2.299409173429012299e-02
-2.723936224356293678e-03
-1.151376124471426010e-02
-2.394699724391102791e-03
7.701397873461246490e-03
9.961413219571113586e-03
