-1.086448132991790771e-01
5.140379667282104492e-01
-6.460808962583541870e-02
6.470428109169006348e-01
1.262002587318420410e-01
3.255934715270996094e-01
-5.250515416264533997e-02
-2.186969108879566193e-02
8.604593575000762939e-02
-2.073246836662292480e-01
1.201638504862785339e-01
2.337885648012161255e-01
2.043626457452774048e-01
-1.108480058610439301e-02
-6.085741892457008362e-02
-7.639924436807632446e-02
3.942126780748367310e-02
-1.234502438455820084e-02
1.059259548783302307e-01
-3.165010735392570496e-02
2.992989122867584229e-02
2.259507775306701660e-01
1.006852537393569946e-01
-8.215338736772537231e-02
-9.750554710626602173e-02
-1.054856032133102417e-01
-2.633869349956512451e-01
4.040946364402770996e-01
3.579045413061976433e-03
-1.355271935462951660e-01
1.686626672744750977e-01
-2.306968569755554199e-01
1.706868559122085571e-01
