-5.722291395068168640e-02
-2.484874427318572998e-02
-1.021665614098310471e-02
-3.780616074800491333e-02
-3.706157207489013672e-02
1.330785732716321945e-02
3.795498560066334903e-05
3.811143804341554642e-03
9.426963515579700470e-03
2.304510708199813962e-04
-2.008186094462871552e-02
-8.278973400592803955e-02
-6.172404065728187561e-02
-2.828058600425720215e-02
-2.479984238743782043e-02
7.154843956232070923e-02
-1.017530634999275208e-01
-4.749905318021774292e-02
-3.506801277399063110e-02
1.319514866918325424e-02
3.286235406994819641e-02
8.253873325884342194e-03
1.456011831760406494e-02
-1.804458349943161011e-02
-1.528078224509954453e-02
-8.208910934627056122e-03
4.229177907109260559e-02
1.113499142229557037e-02
-2.236413769423961639e-02
9.566611610352993011e-03
-3.398593142628669739e-02
-3.052314184606075287e-02
4.822727350983768702e-04
