-1.907629077322781086e-03
-4.631243064068257809e-04
-1.017077476717531681e-03
-3.215700562577694654e-04
-8.414686308242380619e-04
7.494882447645068169e-04
9.778209496289491653e-04
6.736961659044027328e-04
-3.593075962271541357e-04
-4.083211533725261688e-04
5.155032849870622158e-04
-2.889335870742797852e+00
1.954106381163001060e-03
-6.713498733006417751e-04
-1.323064323514699936e-03
-7.569451699964702129e-04
-1.222397433593869209e-03
-4.541919566690921783e-03
-1.920506940223276615e-03
-1.248621148988604546e-03
-3.928593993186950684e-01
2.566146664321422577e-03
9.589325054548680782e-04
-2.934883115813136101e-03
-3.353631496429443359e-02
-5.982435308396816254e-03
-9.504268765449523926e-01
-3.985284641385078430e-02
-6.482800468802452087e-03
-3.243537545204162598e-01
-3.355855867266654968e-02
-3.082174062728881836e-01
-1.193017978221178055e-02
-2.287145890295505524e-02
-1.395447850227355957e-01
-1.242874935269355774e-02
-4.215188790112733841e-03
-9.542909450829029083e-03
-2.407586015760898590e-02
-2.449016273021697998e-01
-3.637505229562520981e-03
-9.333486668765544891e-03
-1.410505473613739014e-01
-7.137318700551986694e-02
-8.983794599771499634e-02
-7.588523626327514648e-02
-1.151999607682228088e-01
-1.299100220203399658e-01
-2.432881146669387817e-01
-1.332793571054935455e-02
-1.933178007602691650e-01
-1.063482984900474548e-01
-4.891469608992338181e-03
-1.951608806848526001e-02
-1.432218868285417557e-02
-7.778491824865341187e-02
1.066378504037857056e-01
-1.211452949792146683e-02
4.682064801454544067e-02
4.822487756609916687e-02
3.743116278201341629e-03
1.088272035121917725e-01
1.089539453387260437e-01
2.540926076471805573e-02
3.607941791415214539e-02
-6.966862827539443970e-02
1.940924525260925293e-01
1.525465995073318481e-01
2.070385962724685669e-03
-7.307595759630203247e-02
-5.182008258998394012e-03
-8.935956656932830811e-02
-4.480291157960891724e-02
1.014439272694289684e-03
-2.873398596420884132e-03
1.688757091760635376e-01
-1.945436815731227398e-03
-2.322372496128082275e-01
2.230655774474143982e-02
1.485404819250106812e-01
3.543673455715179443e-02
5.410907045006752014e-02
8.357313275337219238e-02
4.575359821319580078e-02
-7.583751343190670013e-03
5.101607367396354675e-02
-1.432361360639333725e-02
4.048279300332069397e-02
1.534546166658401489e-01
3.475809991359710693e-01
3.782469779253005981e-03
3.087317645549774170e-01
7.207401096820831299e-02
5.309413671493530273e-01
1.171496435999870300e-01
2.895359992980957031e-01
8.473386405967175961e-04
8.065833710134029388e-03
9.864801540970802307e-03
6.492850370705127716e-03
-3.480777842923998833e-03
-1.654787804000079632e-03
-8.075348101556301117e-03
-2.643340080976486206e-02
-2.280188351869583130e-02
-7.542765233665704727e-03
-2.735782472882419825e-04
3.449052805081009865e-03
-1.043904107064008713e-03
-3.249047556892037392e-03
-3.928795922547578812e-03
-4.506255500018596649e-03
-5.720723886042833328e-03
-1.068008597940206528e-03
7.775989943183958530e-04
1.546892919577658176e-03
-9.588793036527931690e-04
1.311158121097832918e-04
-1.708797528408467770e-03
-5.196642014198005199e-04
8.976515346148516983e-06
1.156040350906550884e-03
-2.391106914728879929e-03
-3.403988899663090706e-03
-4.274298844393342733e-04
7.026485982351005077e-04
1.215198077261447906e-03
2.326782094314694405e-03
4.937902092933654785e-03
