5.819736979901790619e-04
-4.007870156783610582e-04
-4.790071398019790649e-04
5.643643817165866494e-05
7.714805542491376400e-05
1.315527828410267830e-03
7.532789837568998337e-03
3.302144818007946014e-03
-1.658948510885238647e-02
-1.750195771455764771e-01
-1.752522438764572144e-01
-8.991529047489166260e-02
-2.782061882317066193e-02
-5.900516640394926071e-03
3.062764704227447510e-01
-2.567108161747455597e-02
-6.352116167545318604e-02
7.956746965646743774e-03
6.570677459239959717e-02
4.736051429063081741e-03
-4.043999314308166504e-01
6.181227974593639374e-03
1.141520496457815170e-02
1.190836876630783081e-01
2.816774940583854914e-04
4.440163611434400082e-04
-1.735882282257080078e+00
-2.679538447409868240e-03
-3.340854542329907417e-03
-2.195467677665874362e-04
-1.209346446557901800e-04
-1.071303617209196091e-03
-6.935601704753935337e-04
