2.822990417480468750e-01
5.523992776870727539e-01
6.955005228519439697e-03
1.229764819145202637e-01
2.761806175112724304e-02
-5.255181531538255513e-05
-7.044342160224914551e-02
-1.951992325484752655e-02
-1.624400764703750610e-01
-6.636390835046768188e-02
-6.167763844132423401e-02
3.571084141731262207e-01
-6.214449182152748108e-02
-6.411559879779815674e-02
5.874672904610633850e-02
-6.205085292458534241e-02
-1.105477511882781982e-01
-1.976570039987564087e-01
-3.891260549426078796e-02
6.666516512632369995e-02
1.188661251217126846e-02
-1.514849811792373657e-01
1.330237239599227905e-01
2.083421796560287476e-01
-1.038898229598999023e-01
1.831267327070236206e-01
-1.421676576137542725e-01
-2.005696445703506470e-01
-5.533074587583541870e-02
-1.595460772514343262e-01
7.581222057342529297e-02
3.513119816780090332e-01
-9.804278612136840820e-02
