-9.738215594552457333e-04
-4.524882242549210787e-04
9.553537964820861816e-01
-6.061494350433349609e-04
1.334009139100089669e-04
7.544908523559570312e-01
4.125328850932419300e-04
-4.974741023033857346e-03
-6.183542311191558838e-03
-6.509131751954555511e-03
-1.693498925305902958e-03
-1.039909664541482925e-03
7.318078423850238323e-04
1.993015408515930176e-03
4.200986120849847794e-03
6.450459361076354980e-02
9.004881605505943298e-03
9.874932467937469482e-02
5.270409956574440002e-02
1.090856269001960754e-03
1.716613536700606346e-03
2.179913520812988281e-01
7.781995087862014771e-02
8.514103293418884277e-02
5.526258423924446106e-02
-1.120029389858245850e-01
2.345025986433029175e-01
2.181912859668955207e-04
1.119202375411987305e-01
2.497651381418108940e-03
-9.976756572723388672e-02
-1.684640645980834961e-01
5.114158987998962402e-02
1.916633918881416321e-02
2.171911485493183136e-02
-3.188057988882064819e-02
-8.500230312347412109e-02
-2.543111443519592285e-01
-6.562951952219009399e-02
-1.446102708578109741e-01
-1.373910903930664062e-01
1.770352572202682495e-02
6.943492591381072998e-02
1.939711123704910278e-01
7.376359403133392334e-02
1.383800711482763290e-02
1.384530868381261826e-02
7.687875535339117050e-03
6.925245281308889389e-03
4.624468740075826645e-03
-2.880114316940307617e-01
-2.973006805405020714e-03
-3.317931666970252991e-03
-7.561956881545484066e-04
-2.273856196552515030e-03
7.971606828505173326e-05
4.071540897712111473e-04
-1.173881391878239810e-04
-2.679126628208905458e-04
8.744035731069743633e-04
1.574857451487332582e-04
3.078692243434488773e-04
1.856825983850285411e-04
9.111469262279570103e-04
6.409056368283927441e-04
