-5.912043852731585503e-04
5.490956827998161316e-04
-1.287397230044007301e-03
-2.671502064913511276e-03
-2.259528031572699547e-03
-2.093169896397739649e-04
6.907915696501731873e-03
1.338720601052045822e-02
5.483158398419618607e-03
1.139132422395050526e-03
-1.727464026771485806e-03
-8.799374848604202271e-02
-2.201351970434188843e-01
-3.809371497482061386e-03
2.773037552833557129e-01
1.670333929359912872e-02
-6.350523978471755981e-02
4.995926748961210251e-03
1.253510639071464539e-02
-3.328595077618956566e-03
-1.015251036733388901e-02
-5.516602993011474609e-01
4.392875358462333679e-03
9.406702592968940735e-03
1.829419285058975220e-01
5.886257626116275787e-03
-1.777211070060729980e+00
8.299684850499033928e-04
-3.374747029738500714e-05
-5.302371573634445667e-04
1.592784770764410496e-03
1.460297382436692715e-03
8.501259144395589828e-04
