5.554755032062530518e-02
-2.207051753997802734e+00
-2.154754400253295898e+00
-2.047961711883544922e+00
-1.647448420524597168e+00
1.246078535914421082e-01
1.141572222113609314e-01
4.118978977203369141e-01
7.206877470016479492e-01
1.885204315185546875e-01
9.639083594083786011e-02
2.143196016550064087e-01
1.609991937875747681e-01
-1.737255305051803589e-01
6.330147385597229004e-02
-2.345843017101287842e-01
-2.262958735227584839e-01
2.806722521781921387e-01
-7.607652246952056885e-02
2.473489046096801758e-01
-1.758973449468612671e-01
