8.589997887611389160e-02
1.001340746879577637e+00
-3.299967050552368164e-01
1.074138402938842773e+00
-2.096562981605529785e-01
9.954984784126281738e-01
4.531995393335819244e-03
7.109743952751159668e-01
1.993298679590225220e-01
-1.570053100585937500e-01
9.080428630113601685e-02
-3.872869908809661865e-01
4.367278516292572021e-01
1.493526697158813477e-01
3.087156265974044800e-02
4.503998532891273499e-02
-2.813709974288940430e-01
-6.777470558881759644e-02
-3.341314196586608887e-01
8.161631226539611816e-02
-8.502782136201858521e-02
