-6.198057089932262897e-04
-1.448785624234005809e-04
-2.345419488847255707e-04
-6.037350893020629883e-01
1.144894599914550781e+00
2.681559883058071136e-03
-6.741848774254322052e-04
-6.989169400185346603e-03
-9.919585660099983215e-03
-3.624442266300320625e-03
2.222380280727520585e-04
1.222189515829086304e-03
1.555851697921752930e-01
-1.938160061836242676e-01
-1.084013655781745911e-01
3.113876581192016602e-01
-9.483727067708969116e-02
1.856732070446014404e-01
-2.280460000038146973e-01
9.484468400478363037e-02
3.819947689771652222e-02
-5.034424066543579102e-01
-4.443793743848800659e-02
-7.462959183612838387e-05
-2.194973528385162354e-01
5.574509967118501663e-03
7.491526193916797638e-03
2.604652428999543190e-03
4.982653073966503143e-03
4.764918237924575806e-03
-2.166703197872266173e-04
1.368771336274221539e-04
-9.698762733023613691e-05
