9.020925313234329224e-02
2.312399148941040039e+00
9.209909439086914062e-01
2.560144662857055664e+00
7.856591939926147461e-01
1.008266091346740723e+00
3.255909383296966553e-01
-9.797687083482742310e-02
4.100726544857025146e-01
1.592957675457000732e-01
-1.363013535737991333e-01
1.889176070690155029e-01
3.823659420013427734e-01
-2.590811550617218018e-01
6.716389954090118408e-02
4.199668467044830322e-01
-1.538573950529098511e-01
6.293230056762695312e-01
-3.676169812679290771e-01
-1.084827631711959839e-01
3.609833493828773499e-02
