1.348209381103515625e-02
4.007550701498985291e-02
5.740526597946882248e-03
7.209587842226028442e-02
5.786238238215446472e-02
9.351848810911178589e-02
1.673838309943675995e-02
2.237270213663578033e-02
4.280312731862068176e-02
-2.160323411226272583e-02
1.196623966097831726e-02
5.076485499739646912e-02
1.810289360582828522e-02
7.170218508690595627e-03
-4.115815274417400360e-03
4.808387253433465958e-03
2.692797454074025154e-03
-1.960898283869028091e-03
-1.744487509131431580e-02
-1.569752581417560577e-02
-1.683939620852470398e-02
-1.987351663410663605e-02
-1.886594109237194061e-02
-2.079408057034015656e-02
-2.851051278412342072e-02
-3.185848146677017212e-02
-3.614344075322151184e-02
-3.583695366978645325e-02
-6.964642554521560669e-02
-1.250895410776138306e-01
-2.808311022818088531e-02
1.838174760341644287e-01
-2.360069006681442261e-01
2.640617266297340393e-02
3.897196799516677856e-02
2.594932541251182556e-02
2.067990601062774658e-02
3.924006223678588867e-02
1.914316229522228241e-02
1.338356174528598785e-02
1.529252505861222744e-03
-9.174167062155902386e-04
-7.096346933394670486e-03
2.525456063449382782e-02
-1.095529878512024879e-03
7.426670286804437637e-03
1.253108866512775421e-02
-5.179084837436676025e-04
4.674640018492937088e-03
2.131788060069084167e-03
-1.297562755644321442e-02
3.088578954339027405e-02
2.296700701117515564e-02
1.862960122525691986e-02
8.206181973218917847e-02
5.094715952873229980e-02
6.593549996614456177e-02
-6.693366449326276779e-03
-8.247540332376956940e-03
-1.150633692741394043e-01
-3.007611259818077087e-02
-9.347658604383468628e-02
-1.379358321428298950e-01
-1.373008638620376587e-01
1.257299073040485382e-02
