5.552272778004407883e-03
1.234499644488096237e-02
-7.534102071076631546e-03
-3.205515071749687195e-02
-2.335822908207774162e-03
3.068371210247278214e-03
3.202748671174049377e-02
-8.951638825237751007e-03
3.019694425165653229e-02
1.517299097031354904e-02
3.953579068183898926e-02
-8.257259614765644073e-03
-6.653377786278724670e-03
5.628714803606271744e-03
1.549409888684749603e-02
1.455050241202116013e-02
3.817972959950566292e-03
7.219347637146711349e-03
1.104056835174560547e-02
1.095968112349510193e-02
1.226724311709403992e-02
2.098826132714748383e-02
1.184892654418945312e-02
1.648586057126522064e-02
1.640894263982772827e-02
6.397711578756570816e-03
1.597598008811473846e-02
1.191966794431209564e-02
9.956671856343746185e-03
-3.678987920284271240e-02
-6.928092986345291138e-02
4.572843760251998901e-02
5.100014433264732361e-02
-5.973282083868980408e-02
-4.109254851937294006e-02
-7.472354918718338013e-04
-1.173286326229572296e-02
3.340365132316946983e-03
4.913083743304014206e-03
7.627276703715324402e-03
7.645458914339542389e-03
-1.021091826260089874e-02
-1.072818506509065628e-02
-1.152716483920812607e-02
-5.773360840976238251e-03
-2.600069856271147728e-03
2.785302698612213135e-03
8.320705965161323547e-03
-1.510730711743235588e-03
1.222173031419515610e-02
-1.665410469286143780e-03
3.509343368932604790e-03
-9.849876165390014648e-03
8.700316771864891052e-03
8.205146528780460358e-03
-1.256693527102470398e-02
4.466379992663860321e-03
9.919601492583751678e-03
-1.078642159700393677e-02
-1.718430593609809875e-02
-2.630899287760257721e-02
-1.368653308600187302e-02
-4.276038333773612976e-02
-8.329566568136215210e-03
3.428159654140472412e-02
