1.856825351715087891e-01
-2.367921024560928345e-01
9.463427662849426270e-01
-3.596953451633453369e-01
2.508425712585449219e-01
4.977774322032928467e-01
1.219983398914337158e-01
6.611496210098266602e-02
2.099824845790863037e-01
-1.383053064346313477e-01
-2.195962518453598022e-01
-7.470111846923828125e-01
1.528753787279129028e-01
7.652051001787185669e-02
2.890196740627288818e-01
-1.345979422330856323e-01
1.405824273824691772e-01
-4.457575976848602295e-01
2.339139282703399658e-01
-2.777166068553924561e-01
6.805586069822311401e-02
