9.735373896546661854e-04
-1.710787473712116480e-04
6.786604523658752441e-01
-8.664858527481555939e-03
-9.501359425485134125e-03
-4.938543308526277542e-03
-2.065453911200165749e-03
1.935625635087490082e-02
-1.207666769623756409e-01
2.991111576557159424e-01
5.598356574773788452e-02
-4.378132820129394531e-01
5.030578002333641052e-03
1.154946628957986832e-02
1.445546047762036324e-03
-4.173349123448133469e-03
-6.053417921066284180e-03
-3.189289243891835213e-03
6.099811289459466934e-04
1.382026675855740905e-04
-1.994211343117058277e-04
