-4.285670071840286255e-02
-4.479677230119705200e-02
-8.742393553256988525e-02
-2.907209098339080811e-01
6.766206771135330200e-02
3.349533677101135254e-02
1.679060012102127075e-01
7.267268002033233643e-02
9.069728106260299683e-02
6.445559114217758179e-02
7.448266446590423584e-02
3.054642491042613983e-02
-5.042008589953184128e-03
-1.747459173202514648e-02
-2.004549279808998108e-02
1.620884239673614502e-01
-3.800908336415886879e-03
-1.932620853185653687e-01
-9.736609458923339844e-02
-6.433092057704925537e-02
-1.115994378924369812e-01
8.475173264741897583e-02
1.295099407434463501e-02
4.921334981918334961e-02
-3.356085345149040222e-02
-1.232234239578247070e-01
-7.070380449295043945e-02
-1.220768988132476807e-01
1.264671087265014648e-01
-1.142143160104751587e-01
-5.915961787104606628e-02
8.222229778766632080e-02
-1.221565064042806625e-02
