-3.189641050994396210e-03
-1.336674578487873077e-02
-1.391704659909009933e-02
-3.301211167126893997e-03
-7.477584294974803925e-03
7.073492277413606644e-03
-4.954779054969549179e-03
2.846337156370282173e-03
-4.316458071116358042e-04
1.183757279068231583e-02
-1.202227827161550522e-02
-4.682119004428386688e-03
-6.329789757728576660e-03
4.778190515935420990e-03
-2.688672859221696854e-03
-1.902453950606286526e-03
-3.513253759592771530e-03
2.866979048121720552e-05
-8.256747387349605560e-03
-8.856227621436119080e-03
5.537722725421190262e-03
3.650629369076341391e-04
7.517339661717414856e-03
7.551292423158884048e-03
1.060131378471851349e-02
5.609734915196895599e-03
-7.336374837905168533e-03
1.288172416388988495e-02
-1.356414519250392914e-02
-4.545364901423454285e-02
-9.707280993461608887e-02
1.547512561082839966e-01
2.954015694558620453e-02
2.277634479105472565e-02
-3.976416960358619690e-02
2.709501713979989290e-04
1.026094518601894379e-02
-3.200123319402337074e-03
1.362007670104503632e-02
6.639148574322462082e-03
2.708306768909096718e-03
6.147225853055715561e-03
8.556416258215904236e-03
1.082655694335699081e-02
3.863123245537281036e-03
-8.409564034081995487e-04
4.606362432241439819e-03
6.986829452216625214e-03
1.123742479830980301e-02
1.991726458072662354e-03
2.224411256611347198e-02
2.094058692455291748e-02
1.017333287745714188e-02
6.622361950576305389e-03
4.497165791690349579e-03
9.778730571269989014e-03
8.370687253773212433e-03
-6.965734530240297318e-03
-7.410613819956779480e-03
-2.813860774040222168e-03
-1.327859051525592804e-02
-5.797611549496650696e-03
-6.898666266351938248e-03
-1.304802484810352325e-02
-6.048308219760656357e-03
