7.119236141443252563e-02
1.526642799377441406e+00
-1.369037508964538574e+00
2.031737089157104492e+00
-9.139837026596069336e-01
1.930289268493652344e+00
-1.956786364316940308e-01
1.234746575355529785e+00
2.935155034065246582e-01
1.999986357986927032e-02
2.082228958606719971e-01
-3.304454684257507324e-01
5.031887292861938477e-01
1.675378829240798950e-01
6.039533764123916626e-02
5.062767118215560913e-02
-2.694229781627655029e-01
-6.621560454368591309e-02
-3.293644785881042480e-01
8.193543553352355957e-02
-8.308702707290649414e-02
