-1.519129145890474319e-03
-1.549340377096086740e-04
-9.503631736151874065e-04
-1.343137817457318306e-03
-1.064692740328609943e-03
-7.516799960285425186e-04
-2.625846071168780327e-03
-2.756142290309071541e-03
-5.190101092011900619e-06
-4.699862562119960785e-03
-3.321636468172073364e-03
-8.917841315269470215e-02
-2.105006724596023560e-01
-1.839959149947389960e-04
2.722004950046539307e-01
2.220360189676284790e-02
-6.602873653173446655e-02
1.025786437094211578e-02
2.176363207399845123e-02
-6.430631969124078751e-03
-1.990243978798389435e-02
-5.398832559585571289e-01
-1.869490137323737144e-03
9.495541453361511230e-03
1.846084147691726685e-01
1.977659389376640320e-02
-1.693261981010437012e+00
3.107014053966850042e-04
8.283589850179851055e-04
8.068924071267247200e-04
-4.519899666775017977e-04
3.898493887390941381e-04
4.716678522527217865e-04
