1.650148420594632626e-03
4.309487994760274887e-04
2.409932374954223633e+00
-2.838302869349718094e-03
-1.956214662641286850e-03
1.625876307487487793e+00
-7.231719326227903366e-03
-6.619395222514867783e-03
-3.207044443115592003e-03
-1.566285965964198112e-03
9.952604304999113083e-04
5.064230062998831272e-04
7.116275373846292496e-04
8.497431408613920212e-04
7.411541300825774670e-04
6.889006495475769043e-01
-3.123912028968334198e-03
4.803681804332882166e-04
2.061746316030621529e-03
1.195172080770134926e-03
3.155319951474666595e-03
4.059432249050587416e-04
1.556156435981392860e-03
1.514107687398791313e-03
-3.566129598766565323e-04
-8.961479179561138153e-03
-1.286313962191343307e-02
-1.243469212204217911e-02
3.502974752336740494e-03
3.793301759287714958e-03
2.026589354500174522e-03
4.814927931874990463e-03
9.819544851779937744e-02
9.613858163356781006e-02
1.771991848945617676e-01
1.513004601001739502e-01
2.474648691713809967e-02
1.486369757913053036e-03
-3.566047409549355507e-03
-2.259651664644479752e-03
8.125211112201213837e-03
1.649711579084396362e-01
2.155789732933044434e-01
2.757881283760070801e-01
1.280907392501831055e-01
4.570586141198873520e-03
2.084907889366149902e-02
3.951194882392883301e-02
1.903727203607559204e-01
2.145171612501144409e-01
9.760499000549316406e-02
8.948605507612228394e-02
4.537491872906684875e-02
1.500748004764318466e-02
1.528283059597015381e-01
7.100432366132736206e-02
-8.057367056608200073e-03
-1.110562980175018311e-01
-1.624193042516708374e-02
-2.496542967855930328e-02
-1.088346727192401886e-02
-1.096664462238550186e-02
-1.041496619582176208e-01
-1.110335439443588257e-02
-2.874471060931682587e-02
-1.914438046514987946e-02
-2.616420984268188477e-01
-2.658040635287761688e-02
3.805251419544219971e-02
1.393625885248184204e-01
-1.261472553014755249e-01
4.050185438245534897e-03
9.941117465496063232e-02
-5.382438749074935913e-02
-3.869879245758056641e-02
-9.323769807815551758e-02
5.505818501114845276e-02
4.063160344958305359e-02
-3.153435245621949434e-04
-6.701763719320297241e-02
-6.961733102798461914e-02
-2.862274460494518280e-02
4.329475574195384979e-03
-5.865655839443206787e-03
-2.763920649886131287e-02
-2.602121606469154358e-02
2.090272027999162674e-03
2.977538481354713440e-02
1.485203858464956284e-03
-1.200163885951042175e-01
-6.146551668643951416e-02
-9.279599413275718689e-03
-3.236006200313568115e-01
-6.298783421516418457e-02
-8.654981106519699097e-02
-1.475510448217391968e-01
-2.070398479700088501e-01
-1.701295226812362671e-01
4.597371909767389297e-03
1.037735678255558014e-02
1.506425719708204269e-02
1.370411925017833710e-02
-2.236473374068737030e-03
-7.338367402553558350e-03
-5.468272138386964798e-03
-5.399194924393668771e-05
-5.256311502307653427e-03
-5.037619266659021378e-03
-6.327715818770229816e-04
6.659469800069928169e-04
-2.467412501573562622e-03
-1.797258737497031689e-03
8.222320466302335262e-04
-1.111805322580039501e-04
-1.312411040998995304e-03
-7.553116884082555771e-04
-2.056049881502985954e-03
-5.270412657409906387e-03
-2.296112710610032082e-03
-2.317341975867748260e-03
-2.176562324166297913e-03
-1.229070825502276421e-03
9.297115728259086609e-03
8.466816507279872894e-03
2.950536785647273064e-03
-1.637115492485463619e-03
-1.515168580226600170e-03
-1.409388612955808640e-03
-5.157625419087707996e-04
