1.598364859819412231e-02
3.049568040296435356e-03
2.967114187777042389e-02
3.822985664010047913e-02
5.548824090510606766e-03
2.402273379266262054e-02
-1.826211996376514435e-02
6.762520410120487213e-03
-1.210641674697399139e-02
1.103074057027697563e-03
-9.718069806694984436e-03
-1.505092531442642212e-02
-3.254680428653955460e-03
1.250250265002250671e-02
1.772562600672245026e-02
4.709888249635696411e-03
1.612938009202480316e-02
2.205146010965108871e-03
6.677349098026752472e-03
7.953208871185779572e-03
4.002586938440799713e-03
1.696108095347881317e-02
1.132816821336746216e-02
2.052035555243492126e-02
1.301053911447525024e-02
2.091544121503829956e-02
4.408163484185934067e-03
4.624155815690755844e-03
-9.827870875597000122e-03
6.533708423376083374e-03
1.885523833334445953e-02
6.217277422547340393e-02
1.084734052419662476e-01
-1.496487646363675594e-03
1.284106867387890816e-03
1.934313331730663776e-03
-1.268479973077774048e-02
9.551400318741798401e-03
-6.458976771682500839e-03
8.589542470872402191e-03
1.344190328381955624e-03
3.228213405236601830e-03
-1.632917788811028004e-03
-9.803965687751770020e-03
7.230655755847692490e-03
1.151372492313385010e-02
-1.046636258251965046e-03
5.842998623847961426e-03
5.082057323306798935e-03
-2.798046043608337641e-04
-3.140210406854748726e-03
4.877775907516479492e-03
-3.813756396993994713e-03
7.480801548808813095e-03
-8.563462644815444946e-03
-1.630587503314018250e-02
1.963952928781509399e-02
-2.456044778227806091e-02
-7.631076034158468246e-03
-2.840206725522875786e-03
7.680902257561683655e-03
-9.942181408405303955e-03
-4.473377950489521027e-03
-9.855473414063453674e-03
-3.573694080114364624e-02
