8.986688044387847185e-05
2.096682146657258272e-04
1.753243996063247323e-04
-1.377342035993933678e-03
-6.949306000024080276e-03
-4.128731321543455124e-03
1.190653885714709759e-03
1.408111420460045338e-03
3.554435214027762413e-03
-1.687511652708053589e-01
-8.197351358830928802e-03
-2.433344163000583649e-02
-4.077419266104698181e-02
1.167467981576919556e-01
-1.121918410062789917e-01
-1.583082973957061768e-01
-2.640007762238383293e-03
3.032260835170745850e-01
-9.662428498268127441e-02
2.441517114639282227e-01
4.013255983591079712e-02
-6.497520953416824341e-03
-1.903241686522960663e-02
-8.327776193618774414e-02
4.331397823989391327e-03
-1.424779416993260384e-03
1.969865756109356880e-03
1.065320074558258057e-01
9.437703411094844341e-04
9.624566435813903809e-01
-5.855805873870849609e-01
-7.839470054022967815e-04
3.324906574562191963e-04
