-5.998646020889282227e-01
6.397436618804931641e+00
5.101302623748779297e+00
6.964327335357666016e+00
5.257719993591308594e+00
6.056545257568359375e+00
3.122287034988403320e+00
3.173305749893188477e+00
1.475491404533386230e+00
1.448733806610107422e+00
6.893479228019714355e-01
1.114203929901123047e+00
4.847572147846221924e-01
4.532977640628814697e-01
1.058474481105804443e-01
1.905685514211654663e-01
1.433805823326110840e-01
1.568359285593032837e-01
1.667382866144180298e-01
8.154224604368209839e-02
6.343656033277511597e-02
3.031163811683654785e-01
1.189376711845397949e-01
-2.621680498123168945e-02
-8.701027929782867432e-02
-5.041689425706863403e-02
-2.586831152439117432e-01
4.731968045234680176e-01
-4.539055284112691879e-03
-5.699322745203971863e-02
1.382904648780822754e-01
-1.492776572704315186e-01
1.137459948658943176e-01
