-2.479036571457982063e-03
-7.386696338653564453e-02
8.973643183708190918e-02
2.613199874758720398e-02
5.200469749979674816e-04
6.935659795999526978e-02
-8.515941910445690155e-03
5.321180075407028198e-02
5.101973074488341808e-04
-1.829104311764240265e-02
-1.016667205840349197e-02
-1.873354427516460419e-02
-1.789300702512264252e-02
-7.839883863925933838e-02
8.048570156097412109e-02
1.463783085346221924e-01
-1.492812037467956543e-01
-2.801239676773548126e-02
-3.291121916845440865e-03
-1.901826076209545135e-02
-4.919891431927680969e-02
-6.649530678987503052e-02
-5.983226746320724487e-02
-5.111511051654815674e-02
-3.623900189995765686e-02
-9.649541229009628296e-03
9.803913533687591553e-03
3.110346011817455292e-02
6.318554282188415527e-02
-4.978663474321365356e-02
-6.045604497194290161e-02
-2.150925621390342712e-02
-9.495124220848083496e-02
