8.732006698846817017e-02
-7.437043190002441406e-01
-6.311844587326049805e-01
-4.740183055400848389e-01
-4.796099960803985596e-01
-2.708806395530700684e-01
-2.494581229984760284e-02
-6.081545948982238770e-01
-3.050842136144638062e-02
6.786458194255828857e-02
-3.112953305244445801e-01
-9.227712452411651611e-02
3.840371221303939819e-02
2.530334293842315674e-01
-1.912776194512844086e-02
-3.121053278446197510e-01
8.143774420022964478e-02
1.590684205293655396e-01
-1.905143111944198608e-01
2.049067914485931396e-01
2.081451937556266785e-02
