-3.950205072760581970e-02
-2.824899274855852127e-04
1.162529224529862404e-03
2.668047323822975159e-02
2.571008168160915375e-02
-5.983794480562210083e-02
-1.973326690495014191e-02
-2.081505954265594482e-02
1.576049476861953735e-01
1.393784731626510620e-01
-1.378830969333648682e-01
3.895597457885742188e-01
1.757843345403671265e-01
5.957510787993669510e-03
4.812637716531753540e-02
4.939953982830047607e-02
4.814812168478965759e-02
1.683708578348159790e-01
-6.393728405237197876e-02
1.371033606119453907e-03
3.663450246676802635e-03
