6.906095892190933228e-03
2.520165871828794479e-03
1.827247627079486847e-02
2.769011771306395531e-03
-8.018139749765396118e-03
2.403649874031543732e-02
3.606189042329788208e-02
9.142091497778892517e-03
-5.277348100207746029e-04
-4.557434876915067434e-04
-5.568020045757293701e-03
-3.905253019183874130e-03
-6.561184301972389221e-03
2.037212980212643743e-04
1.654088380746543407e-03
-6.759708747267723083e-03
-4.728363826870918274e-03
1.795892417430877686e-02
1.895046909339725971e-03
4.358039703220129013e-03
7.253741845488548279e-03
-6.484162528067827225e-03
-3.640972776338458061e-03
-2.801088383421301842e-03
-1.255279686301946640e-02
-1.828305236995220184e-02
-2.182407304644584656e-02
-3.762064129114151001e-02
-1.584235765039920807e-02
-1.488146744668483734e-02
5.238030478358268738e-02
1.146700084209442139e-01
5.515885539352893829e-03
7.245999574661254883e-02
3.762705251574516296e-02
1.917960308492183685e-02
1.088075060397386551e-02
5.392634775489568710e-04
1.230095163919031620e-03
3.042203607037663460e-03
5.948696634732186794e-04
-2.589309588074684143e-03
8.013747632503509521e-03
1.449405681341886520e-02
4.161086690146476030e-04
8.162181824445724487e-03
-3.999160602688789368e-03
1.603880338370800018e-02
-5.608998471871018410e-04
2.599616767838597298e-03
4.214763175696134567e-03
3.838193137198686600e-03
2.022085711359977722e-02
1.434917328879237175e-03
1.785191521048545837e-02
2.023647539317607880e-02
1.567947492003440857e-02
1.930834911763668060e-02
9.520970284938812256e-03
3.331239894032478333e-02
3.089944645762443542e-02
-1.684433780610561371e-02
3.482646134216338396e-04
-4.133713897317647934e-03
1.073313597589731216e-02
