1.545553326606750488e+00
-7.488428382202982903e-04
3.984896175097674131e-04
-2.691800473257899284e-04
-1.183104584924876690e-03
-2.406754996627569199e-03
-1.619156333617866039e-03
-4.541446396615356207e-04
-3.671841113828122616e-04
2.212497172877192497e-03
6.757061928510665894e-03
4.528161585330963135e-01
-4.260429646819829941e-03
-8.477544412016868591e-03
8.452451229095458984e-02
2.102112583816051483e-02
-8.093433827161788940e-02
-1.992889344692230225e-01
8.986634202301502228e-03
1.373928934335708618e-01
-2.764360280707478523e-03
-6.150164827704429626e-02
2.873025834560394287e-02
1.494479775428771973e-01
4.360240884125232697e-03
6.676061311736702919e-04
-2.768800593912601471e-03
-4.486932419240474701e-03
8.552885265089571476e-04
-2.660067402757704258e-04
-7.540286169387400150e-04
-8.334740996360778809e-04
-2.285328664584085345e-04
