-3.556859737727791071e-04
9.059698786586523056e-04
1.137365936301648617e-03
5.003708065487444401e-04
-8.051697514019906521e-04
-7.090727449394762516e-04
1.085030380636453629e-03
4.900761996395885944e-04
-1.933849533088505268e-03
-5.371936131268739700e-03
-3.510116832330822945e-03
-1.163645647466182709e-03
1.393686048686504364e-03
1.861430704593658447e-03
-4.232179839164018631e-03
-9.857155382633209229e-03
-6.456151604652404785e-03
-7.948704878799617290e-04
-5.473148822784423828e-01
-3.572919173166155815e-03
-2.019946230575442314e-03
-9.783401340246200562e-02
-7.164382375776767731e-03
-2.073242366313934326e-01
-7.316470891237258911e-02
-1.193405985832214355e-01
-2.180176228284835815e-01
-1.780358403921127319e-01
-1.547756255604326725e-03
4.132251255214214325e-03
1.764934659004211426e-01
4.108383506536483765e-02
-7.749803364276885986e-02
1.175256296992301941e-01
-5.315881688147783279e-03
1.089227646589279175e-01
6.941647082567214966e-02
7.276431191712617874e-03
-7.568415999412536621e-02
-8.617994934320449829e-02
5.776964128017425537e-03
-1.038777083158493042e-02
-7.875727489590644836e-03
1.770590543746948242e-01
1.899608294479548931e-03
2.671634312719106674e-03
-2.756920754909515381e-01
3.982921130955219269e-03
-3.733521589310839772e-05
-1.553510688245296478e-02
1.220236659049987793e+00
-9.798741899430751801e-03
-3.524018218740820885e-03
-3.700787201523780823e-03
1.873934149742126465e+00
-1.549765584059059620e-03
-2.431481610983610153e-03
-2.366838511079549789e-03
-3.297778079286217690e-03
-9.662851225584745407e-04
1.651591301197186112e-04
1.199615304358303547e-03
6.392308860085904598e-04
4.940964572597295046e-05
-3.174804151058197021e-04
