-1.344458609819412231e-01
-5.366082191467285156e-01
5.816747546195983887e-01
-2.267527580261230469e-01
-8.646880835294723511e-02
2.211043685674667358e-01
8.063741028308868408e-02
2.291277050971984863e-01
-1.354383081197738647e-01
4.381260573863983154e-01
4.183200001716613770e-02
-5.345291495323181152e-01
-2.211752384901046753e-01
1.983312703669071198e-02
-2.004503160715103149e-01
-2.695964276790618896e-01
-2.249431610107421875e-01
9.669411927461624146e-02
9.813939034938812256e-02
-2.617324888706207275e-01
2.797406166791915894e-02
