2.354750782251358032e-02
-6.950522772967815399e-03
1.231347769498825073e-02
7.058722549118101597e-04
2.688761986792087555e-02
-1.853587105870246887e-02
2.485405420884490013e-03
4.304956644773483276e-03
-3.326637437567114830e-03
-2.791478065773844719e-03
2.582874847576022148e-03
-7.937090471386909485e-03
-6.326614879071712494e-03
2.567111980170011520e-03
-8.538084104657173157e-03
2.850130433216691017e-03
4.859948530793190002e-03
1.444817148149013519e-02
-2.584551926702260971e-03
1.059971284121274948e-03
1.310714054852724075e-02
7.515294943004846573e-03
-5.721541121602058411e-03
-1.715737162157893181e-03
1.104362867772579193e-02
1.352422777563333511e-02
-9.913552552461624146e-03
-4.797713831067085266e-03
3.968661651015281677e-03
-7.941150688566267490e-04
-5.137066822499036789e-03
5.429983139038085938e-03
-6.551181431859731674e-03
-1.561078941449522972e-03
-6.274682935327291489e-03
-1.625611097551882267e-03
-4.257818218320608139e-03
-7.230514893308281898e-04
-2.855489961802959442e-03
1.844357466325163841e-03
5.747458431869745255e-03
-3.986444789916276932e-03
9.722557733766734600e-04
1.544122351333498955e-03
1.661791233345866203e-03
3.259111661463975906e-03
6.791724590584635735e-04
2.573832403868436813e-03
3.513385541737079620e-03
2.328659757040441036e-04
4.212588071823120117e-03
4.418162163347005844e-03
6.038082763552665710e-03
2.339806407690048218e-03
1.063883956521749496e-02
-2.107985201291739941e-04
2.297604689374566078e-03
1.334084197878837585e-03
3.265606705099344254e-03
1.500726491212844849e-02
2.117784507572650909e-02
1.837483793497085571e-02
9.148886799812316895e-02
-9.276528656482696533e-02
-2.349405288696289062e-01
7.197586447000503540e-02
1.707488112151622772e-02
1.072521880269050598e-02
8.217827999033033848e-04
-6.937358528375625610e-03
-8.412494324147701263e-03
-3.241478698328137398e-03
5.456204526126384735e-03
-5.281735211610794067e-03
-9.766488801687955856e-04
-2.964692190289497375e-03
-2.447344828397035599e-03
-3.882598364725708961e-03
-3.810180351138114929e-03
-6.760251708328723907e-04
-2.213237341493368149e-03
-5.117682274430990219e-03
-3.562489757314324379e-03
-3.047474892809987068e-04
-4.182547330856323242e-03
-5.642434582114219666e-03
-6.902645342051982880e-03
-1.031587715260684490e-03
-2.220627386122941971e-03
-6.761402357369661331e-03
-6.257685832679271698e-03
-5.330060143023729324e-03
2.403343329206109047e-03
-2.268662909045815468e-03
-8.098927326500415802e-03
-2.995090326294302940e-03
-8.193651214241981506e-03
-5.352658219635486603e-03
2.402304671704769135e-03
8.340922649949789047e-04
-1.382198766805231571e-03
2.484754659235477448e-03
6.750937318429350853e-04
-2.417065901681780815e-03
-1.470342627726495266e-03
4.069041169714182615e-04
7.216735742986202240e-03
-1.578203402459621429e-02
-1.457328908145427704e-03
-1.449505891650915146e-02
-1.057351659983396530e-02
-1.242959965020418167e-02
-1.658481918275356293e-02
2.592253265902400017e-03
1.203741040080785751e-02
-7.812075316905975342e-03
-3.112769918516278267e-03
-7.914384827017784119e-03
-5.870200693607330322e-03
6.036067381501197815e-03
-3.837005002424120903e-03
1.845632679760456085e-03
1.001772470772266388e-02
-1.878243498504161835e-02
-7.760945707559585571e-03
-3.638264909386634827e-02
-2.591578289866447449e-02
2.989258791785687208e-04
2.565545588731765747e-02
