5.188532522879540920e-04
9.592340211383998394e-04
7.680422859266400337e-04
8.250508108176290989e-04
-2.398756798356771469e-03
5.668123960494995117e-01
-9.447147138416767120e-03
4.863864481449127197e-01
-3.848660271614789963e-03
-4.888781160116195679e-02
-6.479312200099229813e-03
-2.645528018474578857e-01
3.058769106864929199e-01
7.696141256019473076e-04
-2.211840823292732239e-02
-4.645316861569881439e-03
-4.536533355712890625e-02
2.189383521908894181e-04
-5.145343020558357239e-04
-4.477334441617131233e-04
-8.764254162088036537e-04
