3.061657547950744629e-01
1.479135632514953613e+00
-5.340246558189392090e-01
5.085777640342712402e-01
-5.545982122421264648e-01
-1.285711675882339478e-01
-3.271105512976646423e-02
-1.810279488563537598e-01
-3.792092502117156982e-01
-2.163101881742477417e-01
-3.360926210880279541e-01
-3.503644168376922607e-01
-3.968759626150131226e-02
-3.497065007686614990e-01
-6.047683358192443848e-01
-3.881998658180236816e-01
-1.683196574449539185e-01
-9.330798685550689697e-02
-3.310874402523040771e-01
-5.592299997806549072e-02
-3.485712036490440369e-02
-1.098604947328567505e-01
-5.121232196688652039e-02
1.054317131638526917e-02
8.158481121063232422e-02
-3.815983235836029053e-01
3.249317705631256104e-01
-5.216253176331520081e-02
1.741335690021514893e-01
-4.170364737510681152e-01
2.352769672870635986e-01
-1.590577512979507446e-01
-4.196852818131446838e-02
