-2.227504737675189972e-02
9.417383000254631042e-03
-1.596845500171184540e-02
-4.234132543206214905e-02
-1.661621965467929840e-02
4.461149219423532486e-03
2.396351099014282227e-02
7.844940759241580963e-03
5.226768087595701218e-03
-2.634171396493911743e-04
-7.422905415296554565e-03
-3.914124798029661179e-03
1.000836212188005447e-02
-1.953061297535896301e-02
-1.078138351440429688e-01
-7.365832105278968811e-03
7.037898525595664978e-03
2.739605866372585297e-02
1.102099660784006119e-02
4.883134365081787109e-02
3.174955397844314575e-02
1.582396402955055237e-02
8.361936546862125397e-03
2.828309684991836548e-02
3.662107046693563461e-03
-1.354788336902856827e-02
1.143000368028879166e-02
4.844738915562629700e-02
1.714317873120307922e-02
-2.594190649688243866e-03
8.268273435533046722e-03
4.873310681432485580e-03
-2.267277985811233521e-02
