1.972721074707806110e-04
4.867184907197952271e-03
1.484761107712984085e-02
5.281843245029449463e-03
-1.570970751345157623e-02
3.323353081941604614e-02
-1.558450423181056976e-02
1.120660733431577682e-02
7.501702290028333664e-03
8.633115794509649277e-04
7.670029532164335251e-03
-4.891534917987883091e-04
7.915609516203403473e-03
-6.885973270982503891e-04
2.122687734663486481e-02
2.164616435766220093e-02
-1.558225415647029877e-02
1.271350681781768799e-02
1.539172977209091187e-02
6.005280883982777596e-04
1.031121937558054924e-04
5.730011034756898880e-03
1.336138695478439331e-02
1.395823061466217041e-02
-9.006762993521988392e-04
-8.572869934141635895e-03
7.972870953381061554e-03
-6.578920874744653702e-03
-9.905840270221233368e-04
-5.612375214695930481e-03
-7.525935070589184761e-04
-7.790168281644582748e-03
3.567528445273637772e-03
-2.371820155531167984e-03
3.691851161420345306e-03
-9.702431038022041321e-03
2.788140438497066498e-03
2.360216167289763689e-04
-9.405431337654590607e-04
-1.074126735329627991e-02
-4.779159091413021088e-03
-9.378916001878678799e-04
1.816357020288705826e-03
3.508608555421233177e-03
-1.830564928241074085e-03
-2.256860258057713509e-03
1.607490848982706666e-04
1.430670614354312420e-03
-1.919172005727887154e-03
-4.158240277320146561e-03
4.483514931052923203e-03
2.282700268551707268e-03
-2.045629546046257019e-03
-3.059456648770719767e-04
1.834896276704967022e-03
1.288531231693923473e-03
1.387243904173374176e-02
5.204837303608655930e-03
6.378176040016114712e-04
7.796525489538908005e-03
1.249590702354907990e-02
3.988295048475265503e-02
3.241286426782608032e-02
3.263302892446517944e-02
-1.926447876030579209e-04
-2.468815632164478302e-02
-2.784752286970615387e-02
-1.133657619357109070e-02
8.918511681258678436e-03
-1.261291443370282650e-03
1.093471073545515537e-03
-9.019832126796245575e-03
-5.651120562106370926e-03
-7.090223021805286407e-03
-2.669967943802475929e-04
-3.743316279724240303e-03
-7.055760943330824375e-04
-4.202412907034158707e-03
-4.872265737503767014e-03
1.851441222243010998e-03
-3.529659472405910492e-03
-1.008380111306905746e-02
-6.413424853235483170e-04
-4.092183429747819901e-03
-6.644674111157655716e-03
-1.608813181519508362e-03
-4.560913890600204468e-03
-8.093126118183135986e-03
-6.820658221840858459e-03
-5.660804919898509979e-03
-9.483564645051956177e-03
-3.853516886010766029e-03
-4.927829373627901077e-03
-2.314280718564987183e-03
-4.099451936781406403e-03
-6.061419844627380371e-03
-7.027636747807264328e-03
-5.669272504746913910e-04
-1.291783899068832397e-02
-4.639842547476291656e-03
-6.542630493640899658e-03
-1.001798920333385468e-02
-2.258353633806109428e-03
3.480344777926802635e-03
-7.250001188367605209e-03
-1.236130204051733017e-02
4.305879119783639908e-04
1.228382159024477005e-02
-1.862840726971626282e-02
8.354824967682361603e-04
-1.155298901721835136e-03
-4.265278112143278122e-03
-6.070789415389299393e-03
-8.470053435303270817e-04
-3.656451823189854622e-03
2.371529489755630493e-02
-1.380839571356773376e-02
-9.027974680066108704e-03
7.050647400319576263e-03
-5.488513968884944916e-03
-9.978578891605138779e-04
-8.089575916528701782e-03
-3.409154887776821852e-04
1.602219045162200928e-02
-1.437789178453385830e-03
-5.612597800791263580e-03
1.164155546575784683e-02
3.065696172416210175e-02
5.152250081300735474e-02
