1.326894125668331981e-04
1.007285551168024540e-03
1.379928588867187500e+00
-1.127102150348946452e-04
-9.042019955813884735e-04
8.441956639289855957e-01
-1.660877838730812073e-03
-1.203255844302475452e-03
3.039168368559330702e-04
4.102676175534725189e-03
5.358681082725524902e-03
8.438248187303543091e-03
2.624654211103916168e-03
7.563693216070532799e-04
5.318916868418455124e-03
6.387580651789903641e-03
9.696262888610363007e-03
1.057912483811378479e-01
4.472190514206886292e-02
2.986599283758550882e-04
-4.946694243699312210e-03
2.461031675338745117e-01
9.526152163743972778e-02
7.203529775142669678e-02
3.090091049671173096e-02
-1.075609773397445679e-01
2.301103174686431885e-01
1.325595192611217499e-03
1.181031614542007446e-01
1.015204004943370819e-02
-1.056705936789512634e-01
-1.709723025560379028e-01
5.765038356184959412e-02
2.426214888691902161e-02
2.237843349575996399e-02
-2.030008472502231598e-02
-7.927028089761734009e-02
-2.527171969413757324e-01
-5.368589982390403748e-02
-1.262431591749191284e-01
-1.076683402061462402e-01
8.621430024504661560e-03
9.601287543773651123e-02
2.386066764593124390e-01
7.678272575139999390e-02
2.159339003264904022e-02
2.263838052749633789e-02
1.214340236037969589e-02
3.234150819480419159e-03
1.546455314382910728e-03
-1.654963195323944092e-01
8.308046380989253521e-05
2.748325059656053782e-04
2.873023971915245056e-03
9.735321626067161560e-03
1.016455795615911484e-02
5.990472622215747833e-03
-4.816234286408871412e-04
-4.851247649639844894e-04
-7.996967178769409657e-04
-7.524761022068560123e-04
-2.159607829526066780e-03
-9.281076490879058838e-04
8.288794924737885594e-05
-6.843492737971246243e-04
