-1.144852340221405029e-01
-1.741924285888671875e+00
2.865116357803344727e+00
-1.761725783348083496e+00
1.854622006416320801e+00
-1.134681463241577148e+00
9.172949790954589844e-01
-2.675933539867401123e-01
-2.644537687301635742e-01
3.810639977455139160e-01
-1.837340369820594788e-02
-5.330505967140197754e-01
-2.377197146415710449e-01
2.303471788763999939e-02
-2.047882974147796631e-01
-2.682192921638488770e-01
-2.261022925376892090e-01
9.717871993780136108e-02
9.781647473573684692e-02
-2.615731656551361084e-01
2.787916548550128937e-02
