-1.941982045536860824e-04
1.892659580335021019e-03
4.181436670478433371e-04
-3.987998068332672119e-01
1.867860439233481884e-03
8.433157578110694885e-03
-3.618300834205001593e-04
1.910358220338821411e-01
1.356560140848159790e-01
1.459223330020904541e-01
-2.255413532257080078e-01
-2.727759182453155518e-01
2.436254322528839111e-01
-1.506186127662658691e-01
-2.151856431737542152e-03
-3.372104372829198837e-03
-9.815917583182454109e-04
7.778965664329007268e-05
1.910545513965189457e-03
-9.504993795417249203e-04
1.632353872992098331e-03
