1.240746118128299713e-03
2.230085060000419617e-02
1.306987181305885315e-02
3.215967863798141479e-02
2.011396922171115875e-02
1.373263727873563766e-02
1.170249655842781067e-02
1.052787806838750839e-02
1.430067140609025955e-02
-7.124125957489013672e-03
4.984599538147449493e-03
1.167545560747385025e-02
1.842599362134933472e-02
1.634557149372994900e-03
2.380277728661894798e-03
-6.393998861312866211e-03
4.375869320938363671e-05
2.967539709061384201e-03
-3.357888897880911827e-03
-4.562218673527240753e-03
-9.748542681336402893e-03
-6.272817961871623993e-03
-1.177225541323423386e-02
-1.932797767221927643e-02
-2.550393715500831604e-02
-1.904454827308654785e-02
-3.448113426566123962e-02
-1.860900409519672394e-02
-3.557774052023887634e-02
-6.916749477386474609e-02
-4.706501215696334839e-02
2.061782926321029663e-01
-2.412912398576736450e-01
9.997842833399772644e-03
2.114877663552761078e-02
1.338682416826486588e-02
5.528340581804513931e-03
2.170497365295886993e-02
1.275419723242521286e-02
3.629330312833189964e-03
-4.593959078192710876e-03
-4.763789474964141846e-03
-7.720739580690860748e-03
2.145987004041671753e-02
-1.077720988541841507e-02
-2.282604109495878220e-04
8.005362935364246368e-03
1.879257266409695148e-03
-5.981472320854663849e-03
9.569519199430942535e-03
-1.013188855722546577e-03
1.535113994032144547e-02
1.017676945775747299e-02
1.331740338355302811e-02
2.490603923797607422e-02
3.052242100238800049e-02
3.121316246688365936e-02
-1.154321804642677307e-02
-8.695068536326289177e-04
-3.740749135613441467e-02
-2.415947429835796356e-02
-2.465740963816642761e-02
-6.707269698381423950e-02
-6.869436055421829224e-02
1.025100518018007278e-02
