-2.043626591330394149e-05
4.995799972675740719e-04
-7.519139326177537441e-04
-5.352300358936190605e-04
-5.102682625874876976e-04
9.576520323753356934e-01
-5.399814620614051819e-02
-3.238487616181373596e-02
1.926253437995910645e-01
5.153355002403259277e-02
8.053443394601345062e-03
-4.757990837097167969e-01
3.284275531768798828e-01
1.389735639095306396e-01
-7.025706116110086441e-03
-1.178212650120258331e-02
-3.644583513960242271e-03
2.104162995237857103e-04
-1.314739231020212173e-03
-8.848289144225418568e-04
-9.764915448613464832e-04
