3.732806362677365541e-04
8.599202148616313934e-03
-1.721293851733207703e-02
-1.026053447276353836e-02
1.662752358242869377e-03
-2.176910173147916794e-03
2.064160071313381195e-02
1.591007574461400509e-03
2.341245999559760094e-03
7.310347165912389755e-03
8.754692971706390381e-03
9.156392887234687805e-03
4.661820363253355026e-03
1.612662337720394135e-02
6.316586397588253021e-03
-8.216894231736660004e-03
-4.373079165816307068e-03
1.033903285861015320e-02
9.717896580696105957e-03
9.552250616252422333e-03
1.475080789532512426e-04
-3.345868783071637154e-03
6.265182513743638992e-03
-2.367920824326574802e-04
-1.253054477274417877e-03
-5.916439928114414215e-03
1.599841564893722534e-02
-2.792868064716458321e-03
1.512760110199451447e-02
-4.574123769998550415e-03
-1.697871717624366283e-03
2.827140502631664276e-03
3.595784539356827736e-03
7.069391198456287384e-03
1.634827349334955215e-03
1.877717790193855762e-03
4.363849759101867676e-03
1.850913686212152243e-04
4.872066900134086609e-03
5.502408370375633240e-03
6.573490099981427193e-04
1.024110056459903717e-02
1.026323251426219940e-02
5.644944496452808380e-03
3.846479812636971474e-03
8.142485283315181732e-03
8.375756442546844482e-04
1.747878151945769787e-03
3.225602908059954643e-03
-1.135511323809623718e-03
4.036591853946447372e-03
-8.477399824187159538e-04
1.883116201497614384e-03
2.820380497723817825e-03
3.572118701413273811e-03
-1.715227699605748057e-04
-5.273566930554807186e-04
4.656793083995580673e-03
-2.264019101858139038e-03
-3.206056426279246807e-04
3.991590812802314758e-03
-1.044094190001487732e-02
4.888443276286125183e-02
7.729661464691162109e-02
4.868246987462043762e-02
2.774238586425781250e-02
9.287585271522402763e-04
-1.933256536722183228e-02
-1.503501180559396744e-02
-8.802561089396476746e-03
-5.316323600709438324e-03
-2.183038741350173950e-03
-1.355911837890744209e-03
-6.400420796126127243e-03
-4.881105269305408001e-04
-9.444128954783082008e-04
3.270914778113365173e-03
-5.036185029894113541e-03
-4.886085633188486099e-03
2.492409432306885719e-03
3.368995850905776024e-03
1.748119480907917023e-03
-1.539932331070303917e-03
-5.204986315220594406e-03
-3.554255235940217972e-03
-1.610058970982208848e-04
-2.553895348682999611e-03
-5.305372178554534912e-04
-2.120475517585873604e-03
1.254452392458915710e-03
-1.803407678380608559e-03
2.559210697654634714e-04
-9.533464326523244381e-04
1.301091164350509644e-03
-5.383682437241077423e-03
4.650060087442398071e-03
1.693161576986312866e-02
-5.372723098844289780e-03
-3.905509132891893387e-03
-2.676671370863914490e-03
4.317361395806074142e-03
3.246515523642301559e-03
9.117765148403123021e-05
7.858526892960071564e-03
-2.509965794160962105e-03
-3.707208903506398201e-03
7.812105584889650345e-03
-6.958939135074615479e-03
-6.970083341002464294e-03
2.189424412790685892e-04
-8.243164047598838806e-03
-2.435399452224373817e-03
2.383405953878536820e-04
-1.087260339409112930e-02
-6.964616943150758743e-03
-8.951286785304546356e-03
-5.306225270032882690e-03
-1.420565694570541382e-02
3.546132007613778114e-03
-7.230395916849374771e-03
8.332463912665843964e-04
1.389998127706348896e-03
-7.706815376877784729e-04
-1.417094841599464417e-02
-1.001129206269979477e-02
-7.761148270219564438e-03
-1.292078569531440735e-02
9.420886635780334473e-03
1.011096779257059097e-02
