-1.460760599002242088e-03
8.661637548357248306e-05
-4.390107351355254650e-04
-7.669989136047661304e-04
1.207705819979310036e-03
-4.825118958251550794e-05
1.868794206529855728e-03
2.180162584409117699e-03
2.692549489438533783e-03
2.661438426002860069e-03
2.206906210631132126e-03
1.511951792053878307e-03
9.137614979408681393e-04
-9.473713114857673645e-03
1.650087714195251465e+00
-7.716784719377756119e-03
8.761947392486035824e-04
1.370337307453155518e-01
-2.624558110255748034e-04
7.412033528089523315e-02
2.945705950260162354e-01
5.388935804367065430e-01
-7.852798327803611755e-03
4.462571740150451660e-01
-1.005114521831274033e-02
2.685928642749786377e-01
-1.036092732101678848e-02
-1.427462548017501831e-01
-8.565727621316909790e-02
4.433232545852661133e-02
-1.100107375532388687e-02
4.450215492397546768e-04
-9.084730409085750580e-03
-9.025261551141738892e-02
5.063244141638278961e-03
6.446228362619876862e-03
-2.840284109115600586e-01
4.724458325654268265e-03
-4.322312772274017334e-03
2.106778025627136230e-01
2.097169309854507446e-01
-8.518560975790023804e-02
-2.577081918716430664e-01
-1.092634350061416626e-02
1.847443357110023499e-02
2.099193781614303589e-01
-4.656179342418909073e-03
-6.336731370538473129e-03
-7.367343176156282425e-03
-5.242171697318553925e-03
-3.198221558704972267e-03
-1.768542453646659851e-03
1.466558547690510750e-03
-2.614933764562010765e-03
-4.558558575809001923e-03
-9.202385626849718392e-06
-1.639034366235136986e-03
-2.391993533819913864e-03
1.992748584598302841e-04
1.727031631162390113e-04
6.464399048127233982e-04
-1.090758130885660648e-03
-2.552964026108384132e-03
-1.191545859910547733e-03
2.730109554249793291e-04
