-8.920831023715436459e-04
-1.383798662573099136e-03
5.124654853716492653e-04
-1.218259858433157206e-04
1.016692142002284527e-03
-6.828540936112403870e-04
9.186618262901902199e-04
8.151893271133303642e-04
-8.170859073288738728e-04
-1.179963699541985989e-03
-1.593596418388187885e-03
1.867868542671203613e+00
1.456854370189830661e-04
3.137258172500878572e-04
4.906976246275007725e-04
7.107246783562004566e-04
2.459021518006920815e-03
1.600890398025512695e+00
7.593216723762452602e-04
-5.070921033620834351e-04
9.710615500807762146e-03
7.664070129394531250e-01
1.130240317434072495e-02
3.746018512174487114e-03
-4.995202179998159409e-03
-1.067379023879766464e-02
-6.375963333994150162e-03
2.165480982512235641e-03
8.090766668319702148e-01
1.632324187085032463e-03
2.122119069099426270e-01
9.077576687559485435e-04
1.031721681356430054e-01
2.234422415494918823e-02
1.321538933552801609e-03
8.090970665216445923e-02
2.258664220571517944e-01
9.646621346473693848e-02
2.059895545244216919e-01
3.471465110778808594e-01
1.680971235036849976e-01
5.413199588656425476e-02
1.194730307906866074e-02
2.682241611182689667e-02
3.926515206694602966e-02
1.240639202296733856e-02
1.275892704725265503e-01
2.598948776721954346e-01
1.467451360076665878e-02
1.082494109869003296e-02
-2.920702844858169556e-02
6.492588203400373459e-03
9.203454107046127319e-02
1.015112772583961487e-01
1.810216754674911499e-01
1.437178254127502441e-01
6.146508082747459412e-02
-1.954427547752857208e-02
3.405753988772630692e-03
-4.008742049336433411e-03
-5.325721111148595810e-03
-6.766524165868759155e-02
2.044847793877124786e-02
-1.401041895151138306e-01
-2.264262177050113678e-02
-1.719441413879394531e-01
-7.426952570676803589e-02
-6.258308887481689453e-02
2.942785434424877167e-02
-9.565679728984832764e-02
-1.812420636415481567e-01
1.331364177167415619e-02
-6.853900849819183350e-03
6.979610770940780640e-02
6.201710924506187439e-02
-5.645450204610824585e-02
-1.615833044052124023e-01
-5.696459207683801651e-03
-7.665367331355810165e-03
-1.018676348030567169e-02
-6.556887645274400711e-03
-4.876003600656986237e-03
-6.201731157489120960e-04
2.242102473974227905e-02
1.307743787765502930e-01
1.248942837119102478e-01
1.472116112709045410e-01
1.429186295717954636e-02
6.608875002712011337e-03
-8.674271521158516407e-04
1.471037627197802067e-03
-2.556206658482551575e-02
-5.292619764804840088e-02
-1.384051442146301270e-01
-9.125979617238044739e-03
-2.368276240304112434e-03
6.537423003464937210e-03
1.405729539692401886e-02
7.714345306158065796e-02
4.102107509970664978e-02
1.627405919134616852e-02
1.660015434026718140e-02
5.789231043308973312e-03
-1.583063974976539612e-02
-2.927403151988983154e-02
-1.563764271850232035e-05
1.364226918667554855e-03
-3.191945841535925865e-03
-1.654977537691593170e-02
-2.579355612397193909e-02
-1.638624444603919983e-02
-3.129177493974566460e-03
1.586257596500217915e-03
-1.763570588082075119e-03
-3.779334016144275665e-03
-4.632386844605207443e-03
-2.721730386838316917e-03
-3.702881222125142813e-04
-2.258862950839102268e-04
-1.192608382552862167e-03
-8.143097147694788873e-06
1.835664734244346619e-04
-9.522544569335877895e-04
3.914962144335731864e-05
2.680075995158404112e-04
-7.655251101823523641e-05
2.802340022753924131e-04
6.539379246532917023e-04
5.518049001693725586e-04
