-4.964665696024894714e-02
-2.271411865949630737e-01
1.869719386100769043e+00
-5.934745073318481445e-01
6.003143191337585449e-01
1.967803537845611572e-01
3.443882241845130920e-02
-7.658270746469497681e-02
1.428885757923126221e-01
-1.572200953960418701e-01
-2.536099851131439209e-01
-7.519410252571105957e-01
1.391054540872573853e-01
7.324121147394180298e-02
2.847738862037658691e-01
-1.363590508699417114e-01
1.390439122915267944e-01
-4.466186165809631348e-01
2.332888543605804443e-01
-2.781223654747009277e-01
6.778855621814727783e-02
