4.188392683863639832e-02
2.502959407866001129e-02
3.131834417581558228e-02
-2.400632482022047043e-03
7.228075526654720306e-03
1.329728309065103531e-02
-2.096315613016486168e-03
1.767270267009735107e-02
9.546310640871524811e-03
9.841395542025566101e-03
-7.809048402123153210e-04
1.169707160443067551e-02
8.195564150810241699e-03
-2.266362309455871582e-03
-1.137858163565397263e-02
-6.131934467703104019e-03
3.977883141487836838e-03
-3.516038850648328662e-05
-9.899090044200420380e-03
-1.386117190122604370e-03
4.675467032939195633e-03
2.525719115510582924e-03
1.110179815441370010e-03
-6.792516913264989853e-03
-5.761409178376197815e-03
-2.144962549209594727e-03
-1.784415682777762413e-03
1.097021624445915222e-02
-1.154841156676411629e-03
1.069949567317962646e-02
3.469066228717565536e-03
1.359708723612129688e-03
1.085728406906127930e-03
7.374606095254421234e-03
6.094867363572120667e-03
-2.207553945481777191e-03
1.852182438597083092e-03
-4.342645406723022461e-03
3.023085882887244225e-03
4.888115916401147842e-03
8.636170066893100739e-03
-8.299492765218019485e-04
2.031744224950671196e-04
2.673723036423325539e-03
-1.691329525783658028e-03
3.785350781981833279e-05
2.429604763165116310e-03
3.036747220903635025e-03
4.868985153734683990e-03
1.165733905509114265e-03
-2.327261026948690414e-03
1.643802272155880928e-03
5.063408985733985901e-03
-3.721724729984998703e-03
3.073562169447541237e-03
3.038031514734029770e-03
3.175228368490934372e-03
-4.934745375066995621e-04
5.544848318095318973e-05
-1.257354114204645157e-02
-7.240310776978731155e-03
-1.258247252553701401e-02
-8.923209458589553833e-02
1.479503810405731201e-01
3.398258984088897705e-01
-1.256341189146041870e-01
-6.512429565191268921e-02
-2.534935064613819122e-02
-1.787532307207584381e-02
-4.874766804277896881e-03
5.406371783465147018e-03
-4.476971924304962158e-03
-6.959713529795408249e-03
-4.298888612538576126e-03
-4.001190245617181063e-05
-6.843067705631256104e-03
3.833973896689713001e-04
3.699414432048797607e-03
6.311262404778972268e-05
6.943295593373477459e-04
4.706858308054506779e-04
1.700461725704371929e-03
1.445140922442078590e-03
2.438609808450564742e-04
-1.179283601231873035e-03
2.097042277455329895e-03
-2.681147307157516479e-03
2.325419336557388306e-03
-3.691661637276411057e-03
3.104514675214886665e-03
3.624435281381011009e-03
4.755610134452581406e-03
-6.297857034951448441e-03
1.472967443987727165e-03
3.248521243222057819e-04
1.027230871841311455e-03
7.585608400404453278e-03
-6.469273008406162262e-03
1.000809716060757637e-03
8.699269033968448639e-03
-1.026065903715789318e-03
-1.262157922610640526e-03
-4.405976214911788702e-04
-1.311509311199188232e-02
3.054150845855474472e-03
-4.610052797943353653e-03
-3.974986262619495392e-03
-6.195079535245895386e-03
-3.066025674343109131e-03
1.427438342943787575e-03
-3.794833552092313766e-03
1.320260856300592422e-02
5.722231580875813961e-04
-1.682615584286395460e-05
8.956647478044033051e-03
-2.917125821113586426e-03
-3.592995562939904630e-05
-2.182416385039687157e-03
-5.630036816000938416e-03
-1.040627341717481613e-02
-6.507445359602570534e-04
-5.415282212197780609e-03
-2.619348652660846710e-02
-1.584317721426486969e-02
2.679333835840225220e-02
7.967495359480381012e-03
-2.855020761489868164e-02
1.215386553667485714e-03
-1.341746002435684204e-02
