-1.339651760645210743e-03
-3.091329475864768028e-03
-3.930110018700361252e-03
-7.229665061458945274e-04
-5.356866749934852123e-04
5.125832394696772099e-04
-1.424447691533714533e-04
-8.154196548275649548e-04
-1.172307063825428486e-03
-1.372514758259057999e-03
-2.876414917409420013e-03
-5.409856676124036312e-04
-1.690570788923650980e-04
3.981666639447212219e-03
3.762128995731472969e-03
4.761886317282915115e-03
1.999921398237347603e-03
1.742467866279184818e-03
5.038020666688680649e-03
2.547418465837836266e-03
-6.204131525009870529e-03
-6.289481651037931442e-03
-3.198515390977263451e-03
-1.299900650978088379e+00
4.886788316071033478e-03
1.176033169031143188e-02
-1.121947526931762695e+00
-1.541399478912353516e+00
3.697166685014963150e-04
8.762659272179007530e-04
-3.300273790955543518e-02
-5.311030894517898560e-03
-1.593490317463874817e-02
-1.700554043054580688e-03
1.434136211173608899e-04
-3.506179898977279663e-03
-9.129052981734275818e-03
-1.875602900981903076e-01
-1.799301356077194214e-01
-1.988674700260162354e-01
-5.454057361930608749e-03
-1.199563816189765930e-01
-8.208148926496505737e-02
-6.747625302523374557e-03
-9.119993075728416443e-03
-1.280646864324808121e-02
-3.576360940933227539e-01
9.512656368315219879e-03
-1.610571146011352539e-01
-3.573742136359214783e-02
-4.118318855762481689e-02
-2.762548066675662994e-02
-8.837684988975524902e-02
-2.290625572204589844e-01
-5.436159297823905945e-02
-1.013753339648246765e-01
7.502246648073196411e-02
-1.773565448820590973e-02
-1.309871487319469452e-02
3.234528005123138428e-02
3.870386630296707153e-02
1.743143647909164429e-01
-1.115350201725959778e-01
2.831363864243030548e-02
1.636600494384765625e-02
-1.832641512155532837e-01
2.506396472454071045e-01
5.207865615375339985e-04
7.115004118531942368e-03
1.937379362061619759e-03
1.658671200275421143e-01
8.745626360177993774e-02
2.217902094125747681e-01
1.155734285712242126e-01
-2.855123579502105713e-02
1.143119186162948608e-01
2.805919945240020752e-02
4.816957749426364899e-03
-1.376116722822189331e-01
-1.217437088489532471e-01
-4.811967164278030396e-02
1.147763454355299473e-03
8.157390356063842773e-02
6.069609522819519043e-02
5.114585161209106445e-03
2.257901430130004883e-02
1.909236540086567402e-03
-8.880306966602802277e-03
-3.264652937650680542e-02
-6.697564572095870972e-02
-9.913979470729827881e-02
-1.823122054338455200e-02
-1.822906285524368286e-01
-1.252012047916650772e-02
-1.179289165884256363e-02
-1.039483118802309036e-02
-8.595837280154228210e-03
2.826043218374252319e-02
-7.064245175570249557e-03
-1.560794468969106674e-02
-2.016611024737358093e-02
-2.244768477976322174e-02
-2.387170121073722839e-02
-9.365242905914783478e-03
5.651877145282924175e-04
-1.791323651559650898e-03
-4.603505367413163185e-04
-1.256335735321044922e+00
9.757786057889461517e-03
8.996234275400638580e-03
6.283419672399759293e-03
-9.925151971401646733e-05
1.487821689806878567e-03
8.693200652487576008e-05
-1.989272888749837875e-03
-1.709035364910960197e-03
-1.431852346286177635e-03
7.079612696543335915e-04
1.151855569332838058e-03
-3.890408552251756191e-04
-1.181346829980611801e-03
1.947049313457682729e-04
1.787477522157132626e-03
7.237714598886668682e-04
-6.684926338493824005e-04
3.122027555946260691e-04
2.138597337761893868e-04
-9.693778702057898045e-04
-6.407382315956056118e-04
