-1.088492199778556824e-02
-4.884063825011253357e-02
-3.350027278065681458e-02
-3.302162885665893555e-02
5.769778788089752197e-02
5.827277782373130322e-04
2.129181660711765289e-02
2.468924038112163544e-02
3.442352637648582458e-02
1.814100332558155060e-02
1.733670756220817566e-02
3.500072285532951355e-02
4.478155449032783508e-02
1.606410183012485504e-02
-1.155915856361389160e-02
2.020663172006607056e-01
-8.832678943872451782e-02
3.554698079824447632e-02
-5.533550865948200226e-03
1.139743253588676453e-02
3.579019336029887199e-03
-2.864225208759307861e-02
-6.877780106151476502e-05
1.765380147844552994e-03
-2.752805128693580627e-02
2.906292676925659180e-03
3.705868124961853027e-02
4.851534217596054077e-02
-8.327180985361337662e-04
-2.299363166093826294e-02
-2.041120268404483795e-02
1.008975878357887268e-02
-5.071290582418441772e-02
