-4.111412446945905685e-03
-1.764746010303497314e-02
-5.510100722312927246e-02
-9.480872005224227905e-02
8.743222802877426147e-03
2.653888426721096039e-02
6.466575711965560913e-02
4.167895764112472534e-02
4.912545531988143921e-02
3.734328225255012512e-02
3.955357521772384644e-02
2.190628461539745331e-02
4.431590903550386429e-03
-5.328708721208386123e-05
3.686483576893806458e-02
1.284218281507492065e-01
6.065819039940834045e-02
-1.191413775086402893e-01
-7.150963693857192993e-02
-3.013282455503940582e-02
-3.049841150641441345e-02
3.454680368304252625e-02
1.575702428817749023e-02
1.620231941342353821e-02
3.395583917153999209e-05
-5.522406473755836487e-02
-6.622382905334234238e-03
-3.524789959192276001e-02
4.495037347078323364e-02
-2.008087188005447388e-02
-1.465992815792560577e-02
3.721133247017860413e-02
-7.769225048832595348e-04
