-2.101764641702175140e-02
-5.831305403262376785e-03
1.885357312858104706e-02
4.043344873934984207e-03
-1.081952173262834549e-02
-6.712495815008878708e-03
-8.224795572459697723e-03
-8.060585707426071167e-03
8.332395926117897034e-03
-1.396715082228183746e-02
-1.114095677621662617e-03
5.903420504182577133e-03
-1.150569878518581390e-03
-1.153377257287502289e-02
-1.148038660176098347e-03
-2.063530683517456055e-02
-6.348907016217708588e-03
-7.763049099594354630e-03
3.475980833172798157e-03
4.547924734652042389e-03
6.474032066762447357e-03
-6.510683801025152206e-03
1.292964536696672440e-02
-2.013407793128862977e-04
-7.345711346715688705e-03
-1.143848150968551636e-02
-5.316911847330629826e-04
-1.014275127090513706e-03
-3.347713267430663109e-03
-7.882095873355865479e-03
-6.262839306145906448e-03
7.168852724134922028e-03
4.319818224757909775e-03
-2.683046273887157440e-03
-1.012929365970194340e-03
4.612417425960302353e-03
4.979903344064950943e-03
6.764135905541479588e-04
5.319776013493537903e-03
3.092756960541009903e-03
-2.668828703463077545e-03
2.605340210720896721e-03
1.805112115107476711e-03
3.959223977290093899e-04
5.795128177851438522e-03
2.749447477981448174e-03
2.426947467029094696e-03
-1.753946649841964245e-03
1.837192801758646965e-03
1.222552691615419462e-05
4.389458335936069489e-03
-1.609696308150887489e-03
5.725445691496133804e-03
-5.281359888613224030e-03
9.205306996591389179e-04
-5.565168336033821106e-03
-4.055873490869998932e-03
-5.563008133322000504e-03
-1.017530728131532669e-02
-1.648187823593616486e-02
-4.306383896619081497e-03
-1.444024126976728439e-02
-7.494801282882690430e-02
2.665558755397796631e-01
1.566889435052871704e-01
-5.695565789937973022e-02
-2.904974622651934624e-03
-2.533397404477000237e-03
9.580006822943687439e-03
3.607856575399637222e-03
9.778967360034584999e-04
8.605808252468705177e-04
7.592641282826662064e-03
3.758681938052177429e-03
1.676864223554730415e-03
1.417564577423036098e-03
3.232629736885428429e-03
7.223344873636960983e-03
6.654579192399978638e-03
-3.303839184809476137e-04
1.902647549286484718e-03
3.402516478672623634e-03
2.950549591332674026e-03
2.058901358395814896e-03
8.746156468987464905e-03
5.538167897611856461e-03
2.550888573750853539e-03
-8.552071521990001202e-04
6.888939999043941498e-03
5.304915830492973328e-03
5.239132791757583618e-03
4.550017416477203369e-03
7.367462385445833206e-03
1.004584040492773056e-02
2.142832847312092781e-03
6.435524672269821167e-03
9.913787245750427246e-03
1.157346181571483612e-02
5.016447044909000397e-03
6.890646764077246189e-04
-2.180110663175582886e-03
-1.537574548274278641e-02
2.406746894121170044e-02
3.206466557458043098e-03
3.324004588648676872e-03
-2.093363087624311447e-03
-6.263329647481441498e-03
8.401882834732532501e-03
1.646396354772150517e-03
-8.897988125681877136e-03
-1.988403731957077980e-03
-5.528445355594158173e-03
4.196802154183387756e-03
-5.899496376514434814e-03
-9.488970041275024414e-03
-4.492651671171188354e-03
2.609579078853130341e-02
4.207349382340908051e-03
1.656340248882770538e-02
-7.828575558960437775e-03
7.409663405269384384e-03
1.207227446138858795e-02
3.523186314851045609e-03
-1.960533484816551208e-02
3.118759952485561371e-02
-7.314425893127918243e-03
-3.577472409233450890e-03
-3.073882311582565308e-03
3.955111373215913773e-03
