-9.610605426132678986e-03
-4.341832362115383148e-03
-4.817717417608946562e-04
2.337788231670856476e-02
1.701011322438716888e-02
-5.627990514039993286e-02
-1.635024510324001312e-02
-2.204696461558341980e-02
1.688552945852279663e-01
1.380955576896667480e-01
-1.307630687952041626e-01
3.820409774780273438e-01
1.754985451698303223e-01
6.437930860556662083e-04
3.866009414196014404e-02
6.275506317615509033e-02
3.579315915703773499e-02
1.815853714942932129e-01
-6.177041307091712952e-02
1.069498062133789062e-02
-4.371043760329484940e-03
