3.964445553719997406e-03
-2.207875624299049377e-02
-4.153332486748695374e-02
3.200159699190407991e-04
-6.203474476933479309e-03
-1.433116849511861801e-02
-1.647873781621456146e-02
1.019639335572719574e-02
-3.217604383826255798e-02
-4.306330229155719280e-04
5.659813177771866322e-04
-2.911983756348490715e-03
-1.626965217292308807e-02
3.937927633523941040e-02
6.494339555501937866e-02
-4.543083533644676208e-02
-1.472708731889724731e-01
2.038256451487541199e-02
-1.795350573956966400e-02
-2.628994360566139221e-02
-3.617114946246147156e-02
-4.630618542432785034e-02
-9.213812649250030518e-03
-2.136668562889099121e-02
4.993092268705368042e-02
-6.164999678730964661e-03
-1.824088767170906067e-02
-2.330640144646167755e-02
-2.556062303483486176e-03
-2.686009183526039124e-02
1.740153133869171143e-02
-5.802110210061073303e-02
-3.844986855983734131e-02
