4.488430917263031006e-03
6.239912938326597214e-03
-1.115133054554462433e-03
4.117632284760475159e-02
-3.114119637757539749e-03
3.064920660108327866e-03
-3.378980606794357300e-02
-7.510795257985591888e-03
-3.461110964417457581e-02
-2.567184716463088989e-02
-3.319483622908592224e-02
-2.634591236710548401e-02
-1.495761424303054810e-02
1.805694401264190674e-02
9.087228029966354370e-02
-1.030813232064247131e-01
-1.151989996433258057e-01
-3.307953884359449148e-04
1.221741549670696259e-02
-9.086453355848789215e-03
-2.642114274203777313e-02
-1.100004650652408600e-02
1.248605642467737198e-02
2.207571640610694885e-02
1.701963320374488831e-02
-1.425476185977458954e-02
-2.296173572540283203e-02
-9.285734035074710846e-03
2.313644438982009888e-02
4.072726517915725708e-02
-4.283405840396881104e-03
4.559962078928947449e-02
9.936784394085407257e-03
