-3.232569247484207153e-02
-5.248258262872695923e-02
-3.272660821676254272e-02
-1.854300051927566528e-01
2.463724650442600250e-02
8.240544050931930542e-02
1.118974294513463974e-02
1.003929376602172852e-01
1.165273264050483704e-01
4.973745718598365784e-02
-2.869606018066406250e-01
-1.673771440982818604e-01
-3.240509331226348877e-02
-1.473469287157058716e-01
-8.141881227493286133e-02
-6.944581121206283569e-02
-2.419613674283027649e-02
-1.171970069408416748e-01
8.914226666092872620e-03
-1.655088923871517181e-02
3.418545797467231750e-02
