-4.640725255012512207e-02
-1.516169905662536621e-01
1.756701767444610596e-01
-7.857322343625128269e-04
-3.591658547520637512e-02
1.118695288896560669e-01
9.507118910551071167e-02
1.228422224521636963e-01
1.391517184674739838e-02
2.603692412376403809e-01
3.784528002142906189e-02
-3.213909268379211426e-01
-9.175091981887817383e-02
-4.540638998150825500e-02
-7.189032435417175293e-02
-1.034594327211380005e-01
-8.532799780368804932e-02
8.383288048207759857e-03
1.620592921972274780e-02
-1.078699454665184021e-01
-2.488601254299283028e-03
