-9.214745461940765381e-02
-1.751641035079956055e-01
1.739246398210525513e-01
-1.110078215599060059e+00
6.236562728881835938e-01
-1.486591845750808716e-01
1.417089104652404785e-01
2.310043945908546448e-02
2.797864377498626709e-01
1.082907989621162415e-01
-3.589665591716766357e-01
-4.982611536979675293e-01
1.082494705915451050e-01
-4.695386290550231934e-01
-2.506750226020812988e-01
-3.491795361042022705e-01
-6.719149649143218994e-02
-3.465063869953155518e-01
8.716479688882827759e-02
7.209477946162223816e-03
-2.980070002377033234e-02
