1.150331576354801655e-03
4.103152896277606487e-04
2.884970419108867645e-02
2.514753118157386780e-02
1.072013005614280701e-02
2.612012997269630432e-02
-1.959740370512008667e-02
3.149170195683836937e-03
-1.013034023344516754e-02
2.115325070917606354e-03
-8.696591481566429138e-03
-1.596316322684288025e-02
5.438506137579679489e-03
3.427043091505765915e-03
-3.611765336245298386e-03
9.985218755900859833e-03
1.119393855333328247e-02
1.254769973456859589e-02
3.109212266281247139e-03
6.046889349818229675e-03
1.115147769451141357e-02
9.155436418950557709e-03
1.439683977514505386e-02
1.524853054434061050e-02
4.713105503469705582e-03
1.223494391888380051e-02
5.234331358224153519e-03
-4.309342708438634872e-03
-9.974588640034198761e-03
-4.077148623764514923e-03
-1.553766150027513504e-02
5.876231938600540161e-02
1.180606931447982788e-01
-2.200713008642196655e-02
-8.672227151691913605e-03
-7.493804208934307098e-03
-1.456077490001916885e-02
1.804829225875437260e-03
-2.929495647549629211e-03
1.519248005934059620e-03
5.319404881447553635e-03
3.423054004088044167e-03
-6.417087744921445847e-03
-9.201347129419445992e-04
9.748564101755619049e-03
-9.843312436714768410e-04
-3.326222766190767288e-03
8.946542511694133282e-04
-1.194149442017078400e-02
4.021115601062774658e-03
-4.143927246332168579e-03
9.185466915369033813e-03
-1.185246836394071579e-02
-1.219535595737397671e-03
-4.365780390799045563e-03
-8.913462981581687927e-03
4.588204901665449142e-03
-1.742908731102943420e-02
6.538236979395151138e-03
-3.420503111556172371e-03
1.615512743592262268e-02
1.850978704169392586e-03
-1.346078235656023026e-02
-2.094364725053310394e-02
-1.789338327944278717e-02
