-2.489172108471393585e-02
-1.075136289000511169e-02
-7.294016890227794647e-03
-6.628490053117275238e-03
9.042988531291484833e-03
1.436416152864694595e-02
-1.147424802184104919e-03
-6.410985719412565231e-03
-3.364544128999114037e-03
3.374277148395776749e-03
-1.034123473800718784e-03
-2.299649175256490707e-03
7.646397687494754791e-03
-2.462217351421713829e-03
1.001551299850689247e-05
-1.622977294027805328e-02
-2.064128872007131577e-03
-6.549695506691932678e-03
-4.396006930619478226e-03
-6.422655424103140831e-04
-1.189869083464145660e-02
-3.684367751702666283e-03
-6.338720675557851791e-03
-1.188591960817575455e-02
-1.326976250857114792e-02
-1.294982526451349258e-02
-1.713966764509677887e-02
-8.246420882642269135e-03
-9.859237819910049438e-03
-1.331395655870437622e-02
1.319686137139797211e-02
4.200075566768646240e-01
-8.435884118080139160e-01
1.268224790692329407e-02
2.791584283113479614e-02
2.824390679597854614e-02
6.334803183563053608e-04
1.341267395764589310e-02
7.296607946045696735e-04
-4.778628936037421227e-04
-4.805075004696846008e-03
5.236302036792039871e-03
-7.482546381652355194e-03
1.040383707731962204e-02
-1.882872311398386955e-03
1.743373926728963852e-03
3.093661740422248840e-03
4.745970014482736588e-03
2.445189282298088074e-03
1.304518198594450951e-03
2.492811996489763260e-03
8.069158531725406647e-03
5.424881819635629654e-03
1.127452123910188675e-02
3.688811091706156731e-03
1.449693925678730011e-02
2.422019280493259430e-02
-1.018483843654394150e-02
5.943492520600557327e-03
-2.573540247976779938e-02
5.641293246299028397e-03
1.475334912538528442e-02
-2.079405821859836578e-03
1.781453005969524384e-02
-3.828150685876607895e-03
