1.522728987038135529e-02
2.458052709698677063e-03
-2.047550491988658905e-02
-9.094616398215293884e-03
5.685951188206672668e-02
-1.632155152037739754e-03
1.497764792293310165e-02
2.424997091293334961e-02
1.877008192241191864e-02
1.201182696968317032e-02
7.741274777799844742e-03
3.044719249010086060e-02
5.192112550139427185e-02
1.332908309996128082e-02
-2.502200938761234283e-02
5.974273681640625000e-01
-1.873144954442977905e-01
-1.523676142096519470e-02
-1.347915455698966980e-02
1.923477649688720703e-02
-8.387041743844747543e-04
-3.189088404178619385e-02
1.836702460423111916e-03
-5.467159207910299301e-03
-6.935108453035354614e-03
3.052347165066748857e-04
1.550214923918247223e-02
2.910653129220008850e-02
5.045138299465179443e-03
3.606519196182489395e-03
-1.220293808728456497e-02
-1.526601612567901611e-02
-2.640641527250409126e-03
