-6.265205144882202148e-02
5.297824144363403320e-01
2.249606132507324219e+00
-1.009274572134017944e-01
6.418782472610473633e-01
-7.345107793807983398e-01
-3.387784957885742188e-01
-5.610194206237792969e-01
-7.158743143081665039e-01
-4.246638715267181396e-01
-2.029988467693328857e-01
-5.884622335433959961e-01
-2.918166220188140869e-01
-4.632102847099304199e-01
2.108158022165298462e-01
1.995589286088943481e-01
-8.162444084882736206e-02
2.884130477905273438e-01
2.990989759564399719e-02
-8.663957566022872925e-02
6.009109783917665482e-03
