9.364498406648635864e-02
5.749305710196495056e-02
7.467913627624511719e-02
-1.085615381598472595e-01
-3.720630705356597900e-02
5.374846514314413071e-03
7.638666778802871704e-02
9.591685980558395386e-02
8.316224813461303711e-02
2.507123649120330811e-01
-6.589514762163162231e-02
2.339253723621368408e-01
2.017824798822402954e-01
7.501725852489471436e-02
-1.651703566312789917e-02
-4.678094014525413513e-02
-2.387027256190776825e-02
4.726074635982513428e-02
5.258297324180603027e-01
-6.050752997398376465e-01
4.730215668678283691e-01
