6.196853145956993103e-02
5.761147290468215942e-02
7.549089938402175903e-02
1.248091366142034531e-02
3.668586909770965576e-02
7.157476618885993958e-03
1.060217991471290588e-01
3.524670004844665527e-02
4.850236698985099792e-02
2.793385088443756104e-02
-1.148045557783916593e-04
2.871403098106384277e-02
1.380421966314315796e-02
8.375764824450016022e-03
-5.078688729554414749e-03
5.661818664520978928e-03
1.594144967384636402e-03
1.011103624477982521e-03
1.095455884933471680e-02
5.776010453701019287e-03
-1.422009430825710297e-03
1.476631872355937958e-02
1.094794366508722305e-02
1.465173624455928802e-02
2.343038655817508698e-02
2.487641386687755585e-02
2.753439173102378845e-02
3.558747470378875732e-02
4.443231597542762756e-02
1.854583434760570526e-02
2.462313696742057800e-02
1.593546867370605469e-01
3.963213860988616943e-01
-1.032396256923675537e-01
-3.754111751914024353e-02
-1.568305119872093201e-02
3.489370224997401237e-03
1.666203956119716167e-03
1.247971784323453903e-02
1.993911340832710266e-02
1.001039333641529083e-02
9.362968616187572479e-03
9.763758629560470581e-03
6.767444312572479248e-03
6.373812444508075714e-03
-1.322865858674049377e-02
-1.642087846994400024e-02
-1.418382860720157623e-02
-1.307208370417356491e-02
-8.809589780867099762e-03
-6.728907115757465363e-03
2.011588960886001587e-02
1.700056716799736023e-02
9.387406520545482635e-03
-1.107868365943431854e-02
-2.060697786509990692e-02
-3.610121319070458412e-03
4.319907352328300476e-02
7.765621691942214966e-02
1.827902942895889282e-01
-9.369991719722747803e-02
-6.470019370317459106e-02
-2.243955619633197784e-02
3.558341786265373230e-02
1.407234091311693192e-02
