-8.718661963939666748e-02
3.450190722942352295e-01
6.718330383300781250e+00
1.072557449340820312e+01
1.155472660064697266e+01
1.210897064208984375e+01
1.266778755187988281e+01
1.206513214111328125e+01
1.242763805389404297e+01
1.073525333404541016e+01
9.936821937561035156e+00
7.581727981567382812e+00
3.931307077407836914e+00
3.462037086486816406e+00
3.265726268291473389e-01
-6.352718174457550049e-02
-9.774529933929443359e-01
-2.199020385742187500e+00
-1.035169601440429688e+00
-3.559621810913085938e+00
-9.627059698104858398e-01
-4.049668312072753906e+00
-9.407701492309570312e-01
-4.017691135406494141e+00
-8.598476648330688477e-01
-3.977078676223754883e+00
-4.923628270626068115e-01
-3.616301774978637695e+00
-6.078594326972961426e-01
-3.545680999755859375e+00
-2.140890508890151978e-01
-3.289908647537231445e+00
-2.712882459163665771e-01
-2.894151926040649414e+00
-2.503930330276489258e-01
-2.830713510513305664e+00
-2.083929181098937988e-01
-2.581495285034179688e+00
-6.598748266696929932e-02
-2.381575107574462891e+00
2.257539033889770508e-01
-2.396800518035888672e+00
2.071653753519058228e-01
-2.260145187377929688e+00
9.182201325893402100e-02
-1.949907183647155762e+00
2.224088460206985474e-01
-1.938995838165283203e+00
1.435588449239730835e-01
-1.872978091239929199e+00
5.004751682281494141e-01
-1.748591065406799316e+00
5.832272171974182129e-01
-1.702785134315490723e+00
2.210386395454406738e-01
-1.783927917480468750e+00
4.188842475414276123e-01
-1.698948621749877930e+00
6.037954092025756836e-01
-1.538633584976196289e+00
5.919359326362609863e-01
-1.360010385513305664e+00
4.617353379726409912e-01
-1.522715568542480469e+00
4.277822077274322510e-01
-1.562611937522888184e+00
3.511988222599029541e-01
-1.559430003166198730e+00
4.196010529994964600e-01
-1.364231228828430176e+00
5.335216522216796875e-01
-1.401203274726867676e+00
6.470767855644226074e-01
-1.198855996131896973e+00
5.558052659034729004e-01
-1.194758057594299316e+00
6.188898086547851562e-01
-1.380468726158142090e+00
4.234192967414855957e-01
-1.284798383712768555e+00
4.761146903038024902e-01
-1.235885739326477051e+00
6.200426220893859863e-01
-1.271583080291748047e+00
4.644966125488281250e-01
-1.102983236312866211e+00
5.952644944190979004e-01
-1.081366419792175293e+00
3.835325241088867188e-01
-1.052434206008911133e+00
6.727826595306396484e-01
-5.691854283213615417e-02
-1.259229797869920731e-02
8.976494520902633667e-02
3.177740424871444702e-02
-6.860042456537485123e-03
-1.232405006885528564e-01
7.185278087854385376e-02
-1.025205664336681366e-02
4.722008854150772095e-02
-1.899154298007488251e-02
1.284134089946746826e-01
-5.719109252095222473e-02
3.989177942276000977e-02
9.105542302131652832e-02
-1.212237551808357239e-01
-4.246458783745765686e-02
-1.036090105772018433e-01
-1.245768740773200989e-01
-5.590840056538581848e-02
-3.481439873576164246e-02
1.721320301294326782e-02
-1.036199629306793213e-01
-1.164058968424797058e-01
8.216110989451408386e-03
1.612063683569431305e-02
9.199012070894241333e-02
3.836492449045181274e-02
-1.534033939242362976e-02
6.113995611667633057e-02
9.201792627573013306e-02
-8.313242346048355103e-02
8.648873865604400635e-02
-1.709493622183799744e-02
-1.325428485870361328e-01
6.064833328127861023e-02
-3.597252815961837769e-02
9.371818043291568756e-03
2.463601343333721161e-02
