6.288044969551265240e-04
7.659902572631835938e-01
1.170755505561828613e+00
7.475895285606384277e-01
-8.158092498779296875e-01
-9.260026812553405762e-01
-8.006459102034568787e-04
4.391921102069318295e-04
-8.396922349929809570e-01
-1.166858943179249763e-03
-8.833674192428588867e-01
-8.637800216674804688e-01
6.669416325166821480e-04
-7.484945654869079590e-01
-4.456222653388977051e-01
-2.928274450823664665e-03
6.198539733886718750e-01
8.426453568972647190e-04
2.631045877933502197e-01
2.030047588050365448e-02
6.402667164802551270e-01
4.748691022396087646e-01
7.947584986686706543e-02
2.252283990383148193e-01
2.241603285074234009e-01
3.195643424987792969e-02
2.933850698173046112e-02
1.580057293176651001e-01
-6.019078195095062256e-02
-1.018643900752067566e-01
-3.446517884731292725e-02
-1.682004928588867188e-01
-4.888940602540969849e-02
-3.973495960235595703e-02
-1.548663806170225143e-02
2.868041098117828369e-01
3.293426707386970520e-02
2.166960686445236206e-01
3.383900225162506104e-01
2.997079789638519287e-01
1.326972395181655884e-01
4.403581097722053528e-02
3.241954445838928223e-01
9.304533898830413818e-02
5.967001896351575851e-03
1.394444960169494152e-03
1.724064233712852001e-03
2.971768612042069435e-03
-5.961067080497741699e-01
-1.012156950309872627e-03
-2.300064545124769211e-03
5.744534134864807129e-01
-7.893313765525817871e-01
-4.717230913229286671e-04
6.920674932189285755e-04
-7.231099009513854980e-01
-7.458649277687072754e-01
1.099795335903763771e-03
-8.051958284340798855e-04
-8.197140693664550781e-01
-2.444072451908141375e-04
1.433772500604391098e-03
-1.721615553833544254e-04
5.291907000355422497e-04
1.437974095344543457e+00
