4.390233010053634644e-02
1.065535470843315125e-01
9.065312892198562622e-02
2.257443219423294067e-02
-1.842457987368106842e-02
-2.863506972789764404e-01
9.686744213104248047e-02
-1.009974069893360138e-02
1.037846202962100506e-03
-3.129150485619902611e-03
2.384604662656784058e-01
-3.112770617008209229e-01
-1.772817410528659821e-02
-3.034431673586368561e-02
1.608763705007731915e-03
-2.118157222867012024e-02
-1.080684456974267960e-02
-8.160135708749294281e-03
-7.399035617709159851e-03
-5.738299805670976639e-03
1.568794623017311096e-02
-1.335846073925495148e-02
-1.428034622222185135e-03
-1.422462635673582554e-03
7.499272003769874573e-03
4.570077639073133469e-03
-2.151273656636476517e-03
-7.305701728910207748e-03
-2.132499823346734047e-03
-4.483930300921201706e-03
-3.444918431341648102e-03
-5.060962401330471039e-03
6.223907694220542908e-03
-8.680516853928565979e-03
3.247102256864309311e-03
-4.154508002102375031e-03
-1.668388140387833118e-04
-2.928439993411302567e-03
-3.642684547230601311e-03
3.956707194447517395e-03
1.275932183489203453e-03
-5.289582186378538609e-04
1.331317762378603220e-04
4.875938466284424067e-04
3.213702002540230751e-03
-3.720507666002959013e-04
3.181429812684655190e-03
3.992639016360044479e-03
4.086095374077558517e-03
6.134425289928913116e-03
7.757373154163360596e-03
7.023275364190340042e-03
7.338579744100570679e-03
6.398163735866546631e-03
5.521367769688367844e-03
5.215074401348829269e-03
7.491223979741334915e-03
5.794314201921224594e-03
4.273786209523677826e-03
4.951348062604665756e-03
1.580671290867030621e-03
-1.199057046324014664e-02
-3.853186219930648804e-02
1.718576401472091675e-01
2.478031665086746216e-01
-9.070000797510147095e-02
-4.631605744361877441e-02
-1.849363557994365692e-02
-9.339398704469203949e-03
-5.000857170671224594e-03
8.060758700594305992e-04
-2.723152050748467445e-03
1.021592106553725898e-04
-4.106647684238851070e-04
1.341259805485606194e-03
1.735244761221110821e-03
7.721203292021527886e-05
3.821718273684382439e-04
2.132510766386985779e-03
2.383984392508864403e-03
2.504184609279036522e-03
2.172105945646762848e-03
-1.234270399436354637e-03
1.836982322856783867e-03
6.995637435466051102e-03
4.590757191181182861e-03
2.524754032492637634e-03
-5.239662132225930691e-04
2.339682308956980705e-03
4.292783327400684357e-03
3.204572713002562523e-03
6.870894227176904678e-03
4.728297702968120575e-03
3.855979535728693008e-03
4.929990042001008987e-03
-1.494197058491408825e-03
-4.118640441447496414e-03
-3.852614609058946371e-04
6.412530783563852310e-03
8.316958323121070862e-03
4.922063555568456650e-03
-8.562296861782670021e-04
-3.181172534823417664e-03
1.586921513080596924e-02
-2.979538869112730026e-03
3.583515062928199768e-03
-5.623970646411180496e-03
7.643185672350227833e-04
1.892156712710857391e-02
1.270298496820032597e-03
9.364022873342037201e-03
9.263740852475166321e-03
-1.693000830709934235e-02
-2.535365894436836243e-02
2.240767329931259155e-02
-2.574490848928689957e-03
-3.988758474588394165e-02
-1.960036717355251312e-02
4.072719067335128784e-02
2.316035516560077667e-02
-3.575376700609922409e-03
1.069236733019351959e-02
8.648873865604400635e-02
-1.709493622183799744e-02
-1.325428485870361328e-01
6.064833328127861023e-02
-3.597252815961837769e-02
9.371818043291568756e-03
2.463601343333721161e-02
