-4.697718250099569559e-04
3.485546621959656477e-04
7.402611081488430500e-04
6.724767445120960474e-05
1.007426413707435131e-03
-9.091357351280748844e-04
1.037745387293398380e-03
-7.084731623763218522e-05
1.393927494063973427e-03
1.364365743938833475e-04
-1.051703933626413345e-03
3.136013401672244072e-04
1.101983711123466492e-03
-2.989261388778686523e+00
3.223162651062011719e+00
1.403498696163296700e-03
2.173270040657371283e-04
-5.125595489516854286e-04
-8.075537043623626232e-04
3.367672907188534737e-04
-7.803729968145489693e-04
-5.830445661558769643e-05
7.679748232476413250e-04
3.552540063858032227e+00
1.607315381988883018e-03
1.940678572282195091e-03
9.432326769456267357e-04
1.894627930596470833e-03
2.426656195893883705e-03
-2.167814178392291069e-03
-3.639922942966222763e-04
9.790619835257530212e-03
7.018621079623699188e-03
3.034359775483608246e-03
-4.115392221137881279e-04
-7.980940281413495541e-04
4.064601671416312456e-04
2.491110702976584435e-03
2.686767584236804396e-05
-5.099178757518529892e-03
-2.631858689710497856e-03
-6.972742732614278793e-03
-1.920961141586303711e-01
-3.353458940982818604e-01
-1.521106809377670288e-01
-3.647615611553192139e-01
-1.055337581783533096e-02
-2.365801930427551270e-01
-4.171055853366851807e-01
-1.274750530719757080e-01
-2.589936852455139160e-01
-1.781411021947860718e-01
-2.159724384546279907e-01
-1.427684277296066284e-01
-1.981223672628402710e-01
-1.602705717086791992e-01
-1.915063410997390747e-01
-8.993890881538391113e-02
-6.964042037725448608e-02
-1.089218482375144958e-01
-5.189746152609586716e-03
-1.321008615195751190e-02
2.731342427432537079e-02
5.717692524194717407e-02
4.548723250627517700e-02
8.884248882532119751e-02
6.049760058522224426e-02
1.355001479387283325e-01
2.679051458835601807e-02
1.004331558942794800e-01
2.839684672653675079e-02
3.333196043968200684e-02
2.285145409405231476e-02
2.955487929284572601e-02
-8.647032082080841064e-02
1.182344625703990459e-03
-1.022919341921806335e-01
-4.697111994028091431e-02
-1.723147928714752197e-01
-2.090432941913604736e-01
-1.470376104116439819e-01
-2.786683440208435059e-01
-1.911170482635498047e-01
-2.474339604377746582e-01
-3.477159440517425537e-01
-5.314927920699119568e-02
-5.843653678894042969e-01
-1.449979692697525024e-01
-2.494229748845100403e-02
-7.347524762153625488e-01
-3.360376460477709770e-03
-2.555127143859863281e-01
-3.461490618064999580e-03
-5.555745679885149002e-03
-3.627173602581024170e-03
-3.804718842729926109e-03
-6.154557224363088608e-03
-6.131674628704786301e-03
5.422933609224855900e-04
3.117645857855677605e-03
1.563195721246302128e-03
7.079910137690603733e-04
1.199641614221036434e-03
5.442502442747354507e-04
3.873866319656372070e+00
-7.718176348134875298e-04
2.459557726979255676e-04
1.566279388498514891e-04
1.011819958686828613e+00
-3.953237056732177734e+00
7.305262261070311069e-04
7.585850544273853302e-04
1.067300210706889629e-03
1.899304389953613281e+00
3.549297398421913385e-04
3.439173698425292969e+00
1.470473827794194221e-03
4.200431346893310547e+00
1.589582388987764716e-04
-2.342176303500309587e-04
-2.970985174179077148e+00
-5.936487013968871906e-06
-3.911139249801635742e+00
-6.541537004522979259e-04
-2.534659288357943296e-04
-2.900608301162719727e+00
3.873129026032984257e-04
-3.418319683987647295e-04
-1.047525787726044655e-03
