1.393564462661743164e+00
1.999432133743539453e-04
-1.731935772113502026e-04
9.714654088020324707e-01
2.174894064664840698e-01
1.164014078676700592e-02
-3.126188367605209351e-02
8.181744255125522614e-03
-7.506425492465496063e-03
2.108099125325679779e-02
2.392506785690784454e-02
5.868718400597572327e-02
3.869425877928733826e-02
2.841438539326190948e-02
-2.858453243970870972e-02
3.961926698684692383e-01
-2.703992836177349091e-02
2.085827738046646118e-01
1.485931426286697388e-01
9.346117079257965088e-02
5.400122702121734619e-02
2.319745533168315887e-02
-8.121560327708721161e-03
-2.093540132045745850e-02
-1.971138082444667816e-02
1.068428065627813339e-02
2.353478781878948212e-02
2.273698803037405014e-03
-1.081214308738708496e+00
6.206291145645081997e-04
3.148648538626730442e-04
5.914111388847231865e-04
-1.381713032722473145e+00
