6.297267973423004150e-04
-5.777110927738249302e-04
-5.305908853188157082e-04
-8.091938798315823078e-04
5.013686656951904297e+00
-2.580548636615276337e-03
2.972320616245269775e-01
5.581048130989074707e-01
1.164942309260368347e-01
-2.060100883245468140e-01
-2.363729178905487061e-01
1.565872579813003540e-01
4.959946870803833008e-01
8.994978666305541992e-02
1.165726128965616226e-02
5.274786949157714844e-01
-3.470861702226102352e-04
7.707720942562445998e-05
-1.075656036846339703e-04
1.090194215066730976e-03
1.294856338063254952e-04
