2.943707804661244154e-04
4.316830158233642578e+00
5.284689903259277344e+00
-4.828330129384994507e-04
-2.701709270477294922e+00
5.612333770841360092e-04
-1.207146444357931614e-03
-1.875697402283549309e-03
-2.403878141194581985e-03
1.928237616084516048e-03
3.070557117462158203e-01
4.132364690303802490e-01
1.377537697553634644e-01
5.438882112503051758e-02
-6.607945542782545090e-03
-1.431564688682556152e-01
-8.975148200988769531e-02
-9.793273173272609711e-03
1.578038483858108521e-01
3.182452917098999023e-01
3.903273940086364746e-01
8.160848170518875122e-02
-2.100703073665499687e-03
-5.089552141726016998e-03
-3.362686606124043465e-03
7.781118620187044144e-04
-3.032379026990383863e-05
8.785046935081481934e-01
-3.682625174405984581e-05
-1.528994063846766949e-03
-2.316013342351652682e-05
-4.389795358292758465e-04
5.746120004914700985e-04
