3.459814179223030806e-04
4.578444059006869793e-04
-7.287445478141307831e-04
-2.421168755972757936e-04
-8.767280378378927708e-04
-1.181939849629998207e-03
-1.335997076239436865e-04
-1.340498914942145348e-03
-5.049023893661797047e-04
-2.344620443182066083e-04
6.237095221877098083e-04
2.375330268478137441e-06
-5.657516885548830032e-04
-2.764088392257690430e+00
2.959769725799560547e+00
-1.810687244869768620e-04
-4.476740723475813866e-04
1.551318098790943623e-03
2.005037968046963215e-04
-7.978136418387293816e-04
-8.091374766081571579e-04
-9.169220575131475925e-04
1.666611642576754093e-03
3.261871337890625000e+00
-9.476955747231841087e-04
9.424415184184908867e-04
-3.675422049127519131e-04
-7.660652627237141132e-04
-1.209021320391912013e-05
8.832443272694945335e-04
-1.043227501213550568e-03
-1.110979937948286533e-03
-1.622430630959570408e-03
7.131093647330999374e-03
8.442082325927913189e-04
-1.056419592350721359e-02
-1.621947810053825378e-02
-1.137534063309431076e-02
-2.098637865856289864e-03
-2.473150147125124931e-03
-7.925023324787616730e-03
-1.528930384665727615e-02
-2.126970142126083374e-01
-3.561127483844757080e-01
-1.711269617080688477e-01
-3.597754538059234619e-01
2.061607316136360168e-03
-2.181024402379989624e-01
-4.063875675201416016e-01
-1.293056160211563110e-01
-2.557985484600067139e-01
-1.969352811574935913e-01
-2.374642044305801392e-01
-1.643780469894409180e-01
-2.171251475811004639e-01
-1.473073661327362061e-01
-1.807910203933715820e-01
-8.769252151250839233e-02
-4.873077943921089172e-02
-1.125673279166221619e-01
1.812708796933293343e-04
-1.611970737576484680e-02
2.187997102737426758e-02
6.052371859550476074e-02
4.145858064293861389e-02
8.767478168010711670e-02
6.480066478252410889e-02
1.366951018571853638e-01
3.015024960041046143e-02
1.131356805562973022e-01
3.529087826609611511e-02
3.599715605378150940e-02
1.666491851210594177e-02
3.730766102671623230e-02
-1.037942320108413696e-01
7.738304324448108673e-03
-9.709759056568145752e-02
-4.275782406330108643e-02
-1.812986582517623901e-01
-2.163483649492263794e-01
-1.489019393920898438e-01
-2.764020264148712158e-01
-1.728080064058303833e-01
-2.370656132698059082e-01
-3.346055448055267334e-01
-4.973060265183448792e-02
-5.772918462753295898e-01
-1.428857445716857910e-01
4.366656299680471420e-03
-7.035256028175354004e-01
3.277142765000462532e-03
-2.920574843883514404e-01
-3.862933441996574402e-02
-2.016464993357658386e-02
8.723735809326171875e-04
1.019957102835178375e-02
-9.748092270456254482e-04
-3.833108581602573395e-03
-1.047942670993506908e-03
-1.826163032092154026e-03
2.774230670183897018e-04
-1.676800020504742861e-04
-3.115628205705434084e-04
1.229011919349431992e-03
3.524958848953247070e+00
2.010139287449419498e-04
-1.089395955204963684e-03
6.743145058862864971e-04
1.389349222183227539e+00
-3.614521741867065430e+00
1.084930496290326118e-03
5.793171585537493229e-04
5.266361986286938190e-04
1.917639851570129395e+00
-1.142947003245353699e-03
3.147402763366699219e+00
2.073705982184037566e-04
3.833897113800048828e+00
-1.199108155560679734e-04
-7.680937414988875389e-04
-2.748267412185668945e+00
3.849194326903671026e-04
-3.571373701095581055e+00
-2.870773605536669493e-04
-6.703693652525544167e-04
-2.689470767974853516e+00
1.434408186469227076e-04
-4.110885784029960632e-04
-2.851433819159865379e-04
