6.234850152395665646e-04
-3.532981500029563904e-04
-3.245896950829774141e-04
1.444066409021615982e-03
8.481634722556918859e-05
1.046441146172583103e-03
8.835674379952251911e-04
-1.551739424467086792e-01
-5.056253671646118164e-01
-2.831329824402928352e-03
1.026292294263839722e-01
1.685687601566314697e-01
6.574599537998437881e-04
-5.609903931617736816e-01
-5.037061572074890137e-01
-8.306105155497789383e-04
-6.610800628550350666e-04
4.467756271362304688e+00
6.122888880781829357e-04
7.305610924959182739e-04
5.333857059478759766e+00
