1.699585169553756714e-01
3.834654986858367920e-01
1.407157927751541138e-01
-2.053775265812873840e-02
-1.863929256796836853e-02
-5.846616253256797791e-02
-9.275949001312255859e-02
-8.267502486705780029e-02
-8.287110179662704468e-02
-2.826342582702636719e-01
5.162518844008445740e-02
-2.360302209854125977e-01
-2.210661023855209351e-01
-1.006339564919471741e-01
4.351327940821647644e-02
4.047777876257896423e-02
3.151706233620643616e-02
-9.040189534425735474e-02
3.630782365798950195e-01
-4.978130459785461426e-01
8.971585333347320557e-02
