4.521172028034925461e-03
8.041629940271377563e-02
6.613864749670028687e-02
8.923955261707305908e-02
-2.619318664073944092e-02
-1.458362210541963577e-02
-9.941843897104263306e-02
1.200363263487815857e-01
-7.350441534072160721e-03
-1.296507418155670166e-01
-6.989099085330963135e-02
-6.014996208250522614e-03
9.346712380647659302e-02
-1.916836202144622803e-02
-7.022422552108764648e-02
-9.337288327515125275e-03
-3.291609138250350952e-02
-1.911383308470249176e-02
4.170761257410049438e-02
-6.954966112971305847e-03
1.750906743109226227e-02
-1.306360401213169098e-02
1.631428487598896027e-02
6.468919105827808380e-03
4.752953536808490753e-03
1.824400387704372406e-02
-1.461769687011837959e-03
-4.241244867444038391e-03
1.306079234927892685e-02
4.621721454896032810e-04
7.147880736738443375e-03
3.347276651766151190e-04
3.075556596741080284e-03
-1.508934772573411465e-03
5.433044396340847015e-03
5.146536044776439667e-03
-3.743711858987808228e-03
-1.987530151382088661e-03
-1.576497452333569527e-03
-2.875571371987462044e-04
1.029245788231492043e-03
-1.927897101268172264e-03
-2.614939119666814804e-03
-3.080900292843580246e-03
-2.397967036813497543e-03
-4.728439263999462128e-03
-7.552492897957563400e-04
-5.508042871952056885e-03
-5.961763235973194242e-05
-4.671965260058641434e-03
-3.381486050784587860e-03
-5.186043679714202881e-03
1.486244378611445427e-03
1.156884944066405296e-03
-2.734948182478547096e-03
1.046773511916399002e-03
7.162086549215018749e-04
7.031286600977182388e-03
1.095197163522243500e-02
2.284422703087329865e-02
2.930021286010742188e-02
7.642395049333572388e-02
1.958181262016296387e-01
-4.524373710155487061e-01
-3.111145496368408203e-01
6.678527593612670898e-02
1.806561090052127838e-02
5.060485564172267914e-04
-1.528686657547950745e-02
-1.123605482280254364e-02
-1.067302469164133072e-02
-1.634885370731353760e-02
-1.278333179652690887e-02
-9.588527493178844452e-03
-9.905382990837097168e-03
-9.485844522714614868e-03
-2.307222224771976471e-03
-1.211759075522422791e-02
-8.171431720256805420e-03
-1.148422155529260635e-02
-8.403168059885501862e-03
-1.485443441197276115e-03
-8.511337218806147575e-04
-2.967831678688526154e-03
-6.266889628022909164e-03
-5.017430055886507034e-03
-4.200939554721117020e-03
-2.328335540369153023e-03
-1.116380095481872559e-03
1.845871913246810436e-03
-4.347797948867082596e-03
-3.983910719398409128e-04
5.752460565418004990e-03
2.272618934512138367e-03
-7.088888669386506081e-04
1.397764193825423717e-03
-5.213287193328142166e-03
1.735566766001284122e-03
3.029898507520556450e-03
-1.537092309445142746e-02
-1.563239656388759613e-02
-1.253897976130247116e-02
-2.408977830782532692e-03
6.229375954717397690e-03
-2.706736512482166290e-02
-2.338713221251964569e-02
-6.455068942159414291e-03
8.567739278078079224e-03
-6.871527992188930511e-03
1.620284281671047211e-02
1.752250269055366516e-02
-1.749283075332641602e-02
3.773380443453788757e-02
6.479299813508987427e-02
1.728347390890121460e-01
-1.112900823354721069e-01
-3.004371561110019684e-02
-1.214862391352653503e-01
-7.883626222610473633e-02
6.862014532089233398e-02
-7.040085643529891968e-02
1.096038594841957092e-01
1.603913456201553345e-01
-2.200121283531188965e-01
1.009670346975326538e-01
-6.390269100666046143e-02
1.006898954510688782e-01
1.383189810439944267e-03
8.036507666110992432e-02
