6.003416329622268677e-02
5.669963359832763672e-01
-2.104112863540649414e+00
1.574057340621948242e-02
-2.087448835372924805e+00
-1.239056706428527832e+00
-1.136629581451416016e+00
-6.821882128715515137e-01
-4.750169813632965088e-01
-2.954633533954620361e-01
8.477911353111267090e-02
-1.742461025714874268e-01
1.202467479743063450e-03
3.529377281665802002e-02
-4.638843238353729248e-01
3.165405094623565674e-01
-3.631671667098999023e-01
2.300322800874710083e-01
-5.296923518180847168e-01
5.807260870933532715e-01
-5.862405896186828613e-01
1.667093932628631592e-01
-1.511005610227584839e-01
1.979891806840896606e-01
-2.864521741867065430e-01
-2.697609066963195801e-01
1.176364719867706299e-01
1.050955653190612793e-01
-1.310201548039913177e-02
-1.138171255588531494e-01
1.763746142387390137e-01
3.051017224788665771e-02
-6.089072674512863159e-02
