1.186110302805900574e-01
-2.843329124152660370e-02
-1.800975352525711060e-01
-3.558572009205818176e-02
-1.697370857000350952e-01
5.322081223130226135e-02
1.904667764902114868e-01
5.709213763475418091e-02
5.858379229903221130e-02
3.342284262180328369e-02
3.079036809504032135e-02
2.032364718616008759e-03
-7.873240858316421509e-03
8.025973103940486908e-03
1.430621929466724396e-02
1.099069602787494659e-03
-1.094993785955011845e-03
1.180025283247232437e-02
7.122544571757316589e-03
1.146375946700572968e-02
6.782927084714174271e-03
8.175943046808242798e-03
7.002613041549921036e-03
5.865653976798057556e-03
6.176062859594821930e-03
5.744196940213441849e-03
2.311099087819457054e-03
3.822621656581759453e-04
-1.786104752682149410e-03
-1.797956414520740509e-02
-5.015756189823150635e-02
1.968384385108947754e-01
5.062151700258255005e-02
1.220561191439628601e-02
2.295839786529541016e-02
2.227403782308101654e-02
2.132257632911205292e-02
1.893436163663864136e-02
1.334450952708721161e-02
1.396259851753711700e-02
7.104228716343641281e-03
2.718205098062753677e-03
4.130538552999496460e-03
-8.081523701548576355e-03
3.300723154097795486e-03
-5.276056006550788879e-03
2.857495332136750221e-03
2.148737898096442223e-03
2.795294392853975296e-03
5.086909979581832886e-03
8.516640402376651764e-03
2.283673174679279327e-02
-2.324881777167320251e-02
3.136599063873291016e-02
-1.653748750686645508e-02
1.300916820764541626e-02
2.433616295456886292e-02
1.932022869586944580e-01
-1.517851650714874268e-01
4.819174483418464661e-02
8.930309116840362549e-02
8.909747004508972168e-02
-1.600901782512664795e-01
-1.314602494239807129e-01
2.552070468664169312e-02
