1.871956706047058105e+00
2.025910377502441406e+00
9.666972756385803223e-01
-4.911130527034401894e-04
-2.194758562836796045e-04
5.559665150940418243e-04
1.668640255928039551e+00
2.735728339757770300e-04
-1.977833151817321777e+00
-1.221743063069880009e-03
1.140729757025837898e-03
1.139999250881373882e-03
6.011061668395996094e-01
-3.233780851587653160e-03
-2.993871690705418587e-03
6.545367240905761719e-01
1.563388621434569359e-03
1.327404230833053589e-01
3.801309503614902496e-03
2.272209338843822479e-02
-5.639033764600753784e-02
-9.308519959449768066e-02
-1.143002510070800781e-01
-1.048090010881423950e-01
-1.402403265237808228e-01
-6.969901174306869507e-02
-9.526381641626358032e-02
-6.778546422719955444e-02
1.500985324382781982e-01
-2.000834047794342041e-01
2.513878941535949707e-01
3.229159489274024963e-02
2.025582492351531982e-01
-5.970332771539688110e-02
4.158511757850646973e-02
-2.651882469654083252e-01
-5.047210305929183960e-02
-3.396615982055664062e-01
-2.911851406097412109e-01
-9.131283313035964966e-02
-3.395957648754119873e-01
-7.977311313152313232e-02
-2.208180353045463562e-02
-2.077782060950994492e-03
2.182373106479644775e-01
1.534127164632081985e-03
-3.879230702295899391e-03
7.008024454116821289e-01
6.245328783988952637e-01
1.012435436248779297e+00
1.496510863304138184e+00
1.390626886859536171e-03
7.343068718910217285e-01
-8.574596722610294819e-04
3.544663195498287678e-04
8.338951738551259041e-04
2.216574907302856445e+00
8.963033906184136868e-05
4.663309955503791571e-04
3.522200137376785278e-02
1.481767278164625168e-03
1.115223567467182875e-04
-7.669879198074340820e-01
3.010647487826645374e-04
-1.291490276344120502e-03
