9.194919466972351074e-02
2.119727432727813721e-01
-2.801547527313232422e+00
3.712010622024536133e+00
-4.754890441894531250e+00
4.562578201293945312e+00
-5.146965503692626953e+00
4.268439292907714844e+00
-4.088150501251220703e+00
3.461664676666259766e+00
-2.929773092269897461e+00
2.997265338897705078e+00
-2.177323341369628906e+00
2.324120283126831055e+00
-2.064943313598632812e+00
1.744642853736877441e+00
-1.997117161750793457e+00
1.042788863182067871e+00
-1.747058987617492676e+00
7.619782090187072754e-01
-1.823858618736267090e+00
4.598273634910583496e-01
-1.581428647041320801e+00
3.073520660400390625e-01
-1.234014034271240234e+00
1.633860170841217041e-01
-1.148414611816406250e+00
2.558707594871520996e-01
-1.098356246948242188e+00
2.581563293933868408e-01
-1.006331562995910645e+00
2.448684126138687134e-01
-1.027878284454345703e+00
2.283650636672973633e-01
-7.027617692947387695e-01
2.374737709760665894e-01
-6.632195711135864258e-01
2.186851501464843750e-01
-7.341846227645874023e-01
1.859315782785415649e-01
-5.532957911491394043e-01
3.195681869983673096e-01
-4.844869971275329590e-01
2.465935796499252319e-01
-6.245345473289489746e-01
2.088499814271926880e-01
-5.501430034637451172e-01
1.642225682735443115e-01
-6.477078795433044434e-01
1.304735392332077026e-01
-4.425657093524932861e-01
3.341243267059326172e-01
-4.592105746269226074e-01
2.792843878269195557e-01
-4.462774097919464111e-01
1.639356017112731934e-01
-5.352351069450378418e-01
2.409293502569198608e-01
-3.339847624301910400e-01
2.141517549753189087e-01
-3.953291177749633789e-01
4.061780869960784912e-01
-4.179442524909973145e-01
1.476848870515823364e-01
-5.699867606163024902e-01
2.058635652065277100e-02
-3.848185241222381592e-01
2.629457712173461914e-01
-3.364914059638977051e-01
3.680639863014221191e-01
-3.016278445720672607e-01
1.638486832380294800e-01
-4.904383420944213867e-01
1.097850129008293152e-01
-1.836153417825698853e-01
1.371778100728988647e-01
-3.658951222896575928e-01
3.969753980636596680e-01
-4.029227495193481445e-01
2.119398862123489380e-01
-4.303541183471679688e-01
2.881945967674255371e-01
-2.356356531381607056e-01
2.858139574527740479e-01
-4.393613338470458984e-01
1.665906459093093872e-01
-3.247673511505126953e-01
1.432642638683319092e-01
-9.211120009422302246e-02
2.820963859558105469e-01
-2.758104503154754639e-01
3.606466054916381836e-01
-3.617234230041503906e-01
3.656430542469024658e-01
-2.403260618448257446e-01
2.926670610904693604e-01
-3.608570396900177002e-01
1.026511341333389282e-01
-4.173425436019897461e-01
2.666501402854919434e-01
4.001706466078758240e-02
1.082747876644134521e-01
-1.152621433138847351e-01
-1.974653825163841248e-02
-1.134558469057083130e-01
-6.124645005911588669e-03
-1.500088721513748169e-01
-9.466985613107681274e-02
-4.432071000337600708e-02
-1.275850832462310791e-01
-1.188295930624008179e-01
9.001243859529495239e-02
-1.413567662239074707e-01
4.451622255146503448e-03
-6.478868424892425537e-02
-1.392083913087844849e-01
5.928555503487586975e-02
2.578186057507991791e-02
-4.553379118442535400e-02
2.986885979771614075e-02
-5.389355588704347610e-03
5.613996088504791260e-02
-5.179935321211814880e-02
1.750616542994976044e-02
1.075828727334737778e-02
4.387022182345390320e-02
6.598198413848876953e-02
-1.855885982513427734e-01
8.728420734405517578e-02
