1.697532773017883301e+00
1.558994770050048828e+00
9.232278098352253437e-04
-3.370133638381958008e-01
1.146235130727291107e-02
-3.442145884037017822e-02
2.402684092521667480e-02
1.720281094312667847e-01
3.081986904144287109e-01
-2.507855892181396484e-01
5.185982584953308105e-01
1.801761388778686523e-01
1.942457407712936401e-01
1.452676802873611450e-01
1.340351253747940063e-01
2.039209157228469849e-01
1.532414346002042294e-03
-1.381930232048034668e+00
2.345364540815353394e-03
1.601172566413879395e+00
-2.910680195782333612e-04
