-3.715171478688716888e-04
5.489997386932373047e+00
-6.161673227325081825e-04
-1.953782048076391220e-04
5.675561260432004929e-04
-1.976434607058763504e-03
-4.698738753795623779e-01
-3.625277876853942871e-01
9.217400103807449341e-03
2.395044453442096710e-02
2.297562360763549805e-01
1.499334583058953285e-03
-6.499462127685546875e-01
-5.046424642205238342e-02
-1.489962730556726456e-02
-2.079261699691414833e-03
1.502805298514431342e-05
-1.106950105167925358e-03
4.234962107148021460e-04
4.003690242767333984e+00
-2.173727698391303420e-04
