7.152603357098996639e-04
5.421099485829472542e-04
-6.222351221367716789e-04
-1.137136947363615036e-03
1.184823107905685902e-03
7.355170091614127159e-04
-2.432482838630676270e-01
-2.916570901870727539e-01
-9.476091712713241577e-02
1.963365636765956879e-02
3.419524431228637695e-01
-2.125551998615264893e-01
-2.649676799774169922e-01
-4.838956594467163086e-01
2.546002715826034546e-02
2.646229695528745651e-03
-3.946528886444866657e-04
-2.252206322737038136e-04
2.125965256709605455e-04
-7.094816207885742188e+00
-4.987085121683776379e-04
