-1.233440078794956207e-02
-4.634136557579040527e-01
5.139138698577880859e-01
-5.705796480178833008e-01
1.050712108612060547e+00
3.269884269684553146e-03
7.613780498504638672e-01
-9.989391267299652100e-02
-9.007761627435684204e-02
-6.911983489990234375e-01
-9.090115427970886230e-01
-5.406578183174133301e-01
3.656153678894042969e-01
-1.541263908147811890e-01
-1.224017981439828873e-02
-1.729240119457244873e-01
-5.773580446839332581e-02
-3.478702157735824585e-02
7.171193510293960571e-02
-1.280552358366549015e-03
1.371665894985198975e-01
-1.878051310777664185e-01
4.749154746532440186e-01
-4.887302964925765991e-02
4.823406338691711426e-01
1.603620648384094238e-01
3.445331156253814697e-01
7.943386211991310120e-03
2.264115214347839355e-01
-8.542556315660476685e-02
1.272844076156616211e-01
2.509596757590770721e-02
-9.330455213785171509e-02
