1.299957511946558952e-03
3.393885791301727295e-01
3.633469715714454651e-02
3.470754995942115784e-02
-1.015805676579475403e-01
8.339466899633407593e-02
7.243051379919052124e-02
9.381600469350814819e-02
9.919910877943038940e-02
3.645280003547668457e-01
-1.676889806985855103e-01
3.574006557464599609e-01
2.813139259815216064e-01
4.456685483455657959e-02
-3.541195392608642578e-02
-1.166105866432189941e-01
-1.030090451240539551e-01
-1.786692142486572266e-01
1.098279841244220734e-02
-2.133677899837493896e-02
3.954214453697204590e-01
