6.196853145956993103e-02
5.761147290468215942e-02
7.549089938402175903e-02
-4.412877187132835388e-02
9.712862223386764526e-02
-1.839607395231723785e-02
9.277704358100891113e-02
5.216438323259353638e-03
2.822819624270778149e-05
-2.307269489392638206e-03
1.242145057767629623e-02
6.899476051330566406e-03
6.439370568841695786e-03
1.276299171149730682e-02
-5.770022049546241760e-03
9.680033661425113678e-03
1.723721361486241221e-04
6.060852669179439545e-03
-1.012654742226004601e-03
1.791423186659812927e-03
-7.966223056428134441e-04
7.517057470977306366e-03
8.615732192993164062e-03
1.140744891017675400e-02
1.667604222893714905e-02
1.320331636816263199e-02
2.191225625574588776e-02
2.373440749943256378e-02
3.217395395040512085e-02
1.876153796911239624e-02
1.827527396380901337e-02
8.917406201362609863e-02
2.496735602617263794e-01
-5.902826786041259766e-02
-2.773630619049072266e-02
-4.743945319205522537e-03
6.802790798246860504e-03
1.710756332613527775e-03
4.991371184587478638e-03
1.389465574175119400e-02
1.150671299546957016e-02
9.350595995783805847e-03
6.965544074773788452e-03
7.446793373674154282e-03
6.940585095435380936e-03
-7.866390049457550049e-03
-6.467268685810267925e-04
-2.636281074956059456e-03
-3.536306088790297508e-03
2.288114512339234352e-03
-8.235965855419635773e-03
-2.236344618722796440e-03
9.164404124021530151e-03
-1.390709914267063141e-02
-1.145148649811744690e-02
-6.762733217328786850e-03
-3.722362592816352844e-02
-5.129097402095794678e-02
1.564883813261985779e-02
4.278797283768653870e-02
-1.070501655340194702e-01
5.607197806239128113e-02
-1.025797873735427856e-01
3.558341786265373230e-02
1.407234091311693192e-02
