6.184801459312438965e-02
1.501087844371795654e-01
1.752524673938751221e-01
2.630766481161117554e-02
-5.727913230657577515e-02
-1.830646097660064697e-01
-7.394041866064071655e-02
-3.011687193065881729e-03
-4.130928218364715576e-02
-2.813600935041904449e-03
1.162624172866344452e-02
2.428066357970237732e-02
6.994382943958044052e-03
-5.187515169382095337e-03
-7.894255220890045166e-03
-2.651579678058624268e-03
-1.163683366030454636e-03
6.968122324906289577e-04
-5.164028611034154892e-03
7.475405000150203705e-04
1.341781462542712688e-03
4.864712711423635483e-03
9.879673831164836884e-03
7.919033989310264587e-03
1.401702873408794403e-02
1.876132003962993622e-02
1.731791161000728607e-02
2.122232317924499512e-02
2.125061303377151489e-02
2.021722123026847839e-02
1.921938732266426086e-02
7.272332161664962769e-02
1.781386286020278931e-01
-4.599560424685478210e-02
-2.177513763308525085e-02
-5.300228483974933624e-03
-2.881795866414904594e-03
6.272383965551853180e-03
4.803609102964401245e-03
5.688332952558994293e-03
5.164994858205318451e-03
7.398685906082391739e-03
9.048232808709144592e-03
3.451422788202762604e-03
2.551421290263533592e-03
7.360104471445083618e-03
2.581218024715781212e-03
-5.907075013965368271e-03
-2.817603759467601776e-03
-7.409352343529462814e-03
-5.286077503114938736e-03
-1.326497271656990051e-02
-1.604828238487243652e-02
-1.335643231868743896e-02
-2.661628648638725281e-02
3.983691334724426270e-02
-2.742803283035755157e-02
2.046330459415912628e-02
5.987371131777763367e-02
5.287532228976488113e-03
-1.755883693695068359e-01
1.277182698249816895e-01
-1.391727328300476074e-01
-8.071483671665191650e-02
-9.330528229475021362e-02
