7.702364027500152588e-02
4.865662008523941040e-02
2.080931067466735840e-01
7.385060191154479980e-02
-5.970445647835731506e-02
-3.139065951108932495e-02
-1.327410899102687836e-02
1.261704694479703903e-02
-2.204590709879994392e-03
-9.606995619833469391e-03
-2.467503771185874939e-02
-3.487978130578994751e-02
-6.204654276371002197e-02
-1.026121154427528381e-01
-1.408645659685134888e-01
-2.689611725509166718e-02
-1.960078775882720947e-01
-5.773359443992376328e-03
-1.948879100382328033e-02
-1.757342182099819183e-02
-2.656822651624679565e-02
-1.838142983615398407e-02
-3.966348245739936829e-02
-6.831795722246170044e-02
-9.604658000171184540e-03
2.574440836906433105e-02
-1.880717836320400238e-02
1.320177316665649414e-01
-6.429851800203323364e-02
1.013279110193252563e-01
8.299863338470458984e-02
-8.219032734632492065e-02
1.750445663928985596e-01
