-4.670388996601104736e-02
2.322483658790588379e-01
1.719046473503112793e+00
1.684188127517700195e+00
2.310710191726684570e+00
2.170958518981933594e+00
1.851564407348632812e+00
2.337955474853515625e+00
5.446779727935791016e-01
2.044413328170776367e+00
-1.765361130237579346e-01
1.305871963500976562e+00
-3.065149784088134766e-01
6.801810264587402344e-01
-5.909837484359741211e-01
6.081606745719909668e-01
-6.380922198295593262e-01
2.957067191600799561e-01
-4.559714198112487793e-01
2.387113869190216064e-01
-6.426725387573242188e-01
-4.725231230258941650e-02
-3.137168288230895996e-01
-2.398932410869747400e-04
-2.684054970741271973e-01
-1.135806366801261902e-02
-2.286909222602844238e-01
-1.207498237490653992e-01
-4.012656584382057190e-02
-4.499011337757110596e-01
-3.629973903298377991e-02
-1.146946474909782410e-01
1.579140871763229370e-02
-2.282320857048034668e-01
-5.420704558491706848e-02
-2.662020027637481689e-01
3.098711557686328888e-02
-2.265691459178924561e-01
-8.964794129133224487e-02
1.914618611335754395e-01
-1.003638207912445068e-01
-1.098113283514976501e-01
-8.901191502809524536e-02
-6.344073265790939331e-02
1.219402253627777100e-02
-3.740636408329010010e-01
-2.604418992996215820e-01
2.167114056646823883e-03
3.298040851950645447e-02
-1.911727339029312134e-02
4.789189994335174561e-02
-7.709255814552307129e-02
1.000652462244033813e-01
-1.319573968648910522e-01
1.253411173820495605e-02
-8.159870654344558716e-02
4.517101123929023743e-02
2.845643088221549988e-02
9.912390261888504028e-02
1.544987112283706665e-01
-4.214063286781311035e-02
-4.615774005651473999e-02
-7.611358165740966797e-02
-2.695897966623306274e-02
1.762738637626171112e-02
