-8.713477104902267456e-02
3.858583867549896240e-01
-2.286766767501831055e-01
5.765251349657773972e-03
-4.441064596176147461e-02
1.105710212141275406e-02
8.840585500001907349e-02
2.155446708202362061e-01
2.252302616834640503e-01
-1.136797964572906494e-01
2.632225155830383301e-01
7.359563559293746948e-02
1.003409773111343384e-01
1.149690821766853333e-01
1.278429925441741943e-01
1.499471962451934814e-01
7.906118780374526978e-02
1.537590324878692627e-01
-4.149553552269935608e-02
2.054931223392486572e-01
1.230900138616561890e-01
