1.336692124605178833e-01
-3.882190212607383728e-03
1.376412995159626007e-02
1.397628337144851685e-01
5.376747250556945801e-02
-2.231136709451675415e-02
-6.215165182948112488e-02
-1.132414210587739944e-03
-1.124035660177469254e-02
1.609058678150177002e-02
9.798645041882991791e-03
5.612910911440849304e-02
2.350668609142303467e-02
3.196838125586509705e-02
-2.406150288879871368e-02
3.563528358936309814e-01
-2.593724988400936127e-02
1.866239011287689209e-01
1.362262666225433350e-01
7.675386220216751099e-02
5.481142178177833557e-02
1.802827417850494385e-02
-2.347082644701004028e-02
-2.170868404209613800e-02
-1.231995131820440292e-02
1.223243679851293564e-02
5.584516003727912903e-02
2.225934341549873352e-02
-4.332443233579397202e-03
-4.928448423743247986e-02
-4.933862388134002686e-02
-6.689053028821945190e-02
-1.457549631595611572e-01
