-2.525153756141662598e-01
2.307679504156112671e-01
1.406526863574981689e-01
2.501228882465511560e-04
-9.576831012964248657e-02
-3.098376095294952393e-02
1.074065342545509338e-01
2.323925197124481201e-01
2.535786032676696777e-01
-8.614443987607955933e-02
3.307085633277893066e-01
1.751155406236648560e-01
6.497924774885177612e-02
5.598295107483863831e-02
2.955190651118755341e-02
1.841036573750898242e-04
2.305197156965732574e-02
9.958232939243316650e-02
4.468979537487030029e-01
-3.532297611236572266e-01
1.771978586912155151e-01
