-4.116030931472778320e-01
7.572696208953857422e-01
6.227762222290039062e+00
7.366666793823242188e+00
8.345924377441406250e+00
8.142809867858886719e+00
8.618638038635253906e+00
7.706182479858398438e+00
6.429571628570556641e+00
6.203587532043457031e+00
1.162258505821228027e+00
4.355171680450439453e+00
-8.986577391624450684e-01
3.085150718688964844e+00
-9.028933644294738770e-01
2.525124549865722656e+00
-9.102400392293930054e-02
1.959657788276672363e+00
8.339660167694091797e-01
1.676508069038391113e+00
1.136926531791687012e+00
1.300742983818054199e+00
1.482256412506103516e+00
1.210826158523559570e+00
1.460046052932739258e+00
1.113382816314697266e+00
1.374763607978820801e+00
9.684443473815917969e-01
1.385515809059143066e+00
6.822563409805297852e-01
1.274413943290710449e+00
8.777433633804321289e-01
1.212399959564208984e+00
7.619267702102661133e-01
1.078755021095275879e+00
7.051712274551391602e-01
1.068653702735900879e+00
7.077071070671081543e-01
9.237397313117980957e-01
9.821978211402893066e-01
8.661674857139587402e-01
7.488063573837280273e-01
8.318799734115600586e-01
7.644116878509521484e-01
8.675857782363891602e-01
5.284538269042968750e-01
6.430089473724365234e-01
7.815878987312316895e-01
8.244169950485229492e-01
7.681102752685546875e-01
8.080017566680908203e-01
4.925390779972076416e-01
8.607466816902160645e-01
5.721234679222106934e-01
7.163063883781433105e-01
7.712079286575317383e-01
6.976079344749450684e-01
5.458753108978271484e-01
6.369842886924743652e-01
5.912760496139526367e-01
7.576377987861633301e-01
6.420916914939880371e-01
6.536942124366760254e-01
6.926400065422058105e-01
7.504011392593383789e-01
6.972888112068176270e-01
7.187504172325134277e-01
6.486283540725708008e-01
7.444519996643066406e-01
6.025355458259582520e-01
6.720102429389953613e-01
6.314764618873596191e-01
6.997829675674438477e-01
7.031151056289672852e-01
7.154142260551452637e-01
7.864096760749816895e-01
6.071859598159790039e-01
6.380849480628967285e-01
5.757225155830383301e-01
6.460946798324584961e-01
6.275304555892944336e-01
4.557015001773834229e-01
6.584801077842712402e-01
6.323415637016296387e-01
7.274065613746643066e-01
6.281051039695739746e-01
5.883445143699645996e-01
1.355184614658355713e-01
3.239671513438224792e-02
-2.425570227205753326e-02
1.018760502338409424e-01
-1.758907921612262726e-02
1.993854939937591553e-01
-4.270275682210922241e-02
-5.861297249794006348e-02
3.294878872111439705e-03
1.958512812852859497e-01
-1.079130172729492188e-02
7.861734926700592041e-02
-1.406525373458862305e-01
1.519878804683685303e-01
2.686765603721141815e-02
-4.041361436247825623e-02
-3.147342428565025330e-02
-4.484755545854568481e-02
1.101642474532127380e-01
1.798784434795379639e-01
-9.344451129436492920e-02
-3.114095143973827362e-02
1.236793473362922668e-01
-2.987528406083583832e-02
1.102005690336227417e-02
1.124000623822212219e-01
7.856171578168869019e-03
1.002086512744426727e-02
5.137367919087409973e-02
-5.154780671000480652e-02
1.070866286754608154e-01
7.835503667593002319e-02
-9.347949922084808350e-02
4.624123126268386841e-02
-8.076114207506179810e-02
-1.979670720174908638e-03
2.121469471603631973e-03
7.711172848939895630e-02
-1.431096941232681274e-01
-2.019338905811309814e-01
8.240173337981104851e-04
1.813881448470056057e-03
