-5.972212925553321838e-02
5.468915700912475586e-01
2.291953325271606445e+00
-3.170351982116699219e-01
6.641209125518798828e-01
-7.666892409324645996e-01
-1.318817585706710815e-01
-3.693059682846069336e-01
-4.026496782898902893e-02
-5.895724892616271973e-01
-5.058219283819198608e-02
-3.086170554161071777e-01
3.175044804811477661e-02
-1.768108308315277100e-01
2.964763343334197998e-01
1.546380221843719482e-01
6.854439526796340942e-02
9.434418380260467529e-02
-3.976000249385833740e-01
-1.861313212430104613e-04
1.232681497931480408e-01
