4.390233010053634644e-02
1.065535470843315125e-01
9.065312892198562622e-02
2.257443219423294067e-02
-1.842457987368106842e-02
-3.199836611747741699e-01
1.307753771543502808e-01
-4.928653314709663391e-02
1.105421967804431915e-02
-1.302024349570274353e-02
2.384604662656784058e-01
-3.736143112182617188e-01
1.672721281647682190e-02
-6.032100412994623184e-03
-1.143976207822561264e-02
-2.567707095295190811e-03
-4.168177489191293716e-03
-1.430628588423132896e-03
-2.470449311658740044e-03
6.026102695614099503e-03
-2.273321850225329399e-03
-3.114812076091766357e-03
-1.808643527328968048e-02
-5.326197482645511627e-03
1.267387252300977707e-02
6.760469637811183929e-03
6.642657332122325897e-03
-7.885570637881755829e-03
2.664926694706082344e-03
1.858949777670204639e-03
-3.017762675881385803e-03
9.231397882103919983e-03
6.407668814063072205e-03
-9.777414612472057343e-03
-7.931032218039035797e-03
-3.963513765484094620e-03
-3.785813460126519203e-04
-2.847668947651982307e-03
7.980195223353803158e-04
1.685599330812692642e-03
1.254753733519464731e-04
5.374756176024675369e-03
2.104915445670485497e-03
1.097615808248519897e-03
2.117125317454338074e-03
4.736315924674272537e-03
1.032309228321537375e-05
2.367046690778806806e-04
5.366894416511058807e-03
4.614249803125858307e-03
3.831072011962532997e-03
6.376414559781551361e-03
4.252355545759201050e-03
5.357656162232160568e-03
7.913790643215179443e-03
3.821537131443619728e-03
5.516597535461187363e-03
9.881344623863697052e-03
7.227819412946701050e-03
3.774239914491772652e-03
7.040787953883409500e-03
-1.127635780721902847e-02
-4.619231075048446655e-02
1.636839359998703003e-01
2.460448145866394043e-01
-8.234949409961700439e-02
-3.482447192072868347e-02
-1.812832430005073547e-02
-8.109079673886299133e-03
-5.320869386196136475e-03
-1.780738006345927715e-03
2.331895484530832618e-05
-1.302806893363595009e-03
1.426431350409984589e-03
1.999052008613944054e-03
1.190202310681343079e-03
3.154586069285869598e-03
2.461188705638051033e-03
3.881197888404130936e-03
2.952979411929845810e-04
2.551507670432329178e-03
2.422969555482268333e-03
3.128483367618173361e-04
5.107871838845312595e-04
3.707662224769592285e-03
2.398738637566566467e-03
-1.672724843956530094e-03
2.622370666358619928e-04
8.478718809783458710e-04
-5.999450804665684700e-04
1.654844149015843868e-03
2.911865245550870895e-03
3.513324307277798653e-03
3.186915069818496704e-03
7.304768078029155731e-03
5.684136878699064255e-03
-3.299874253571033478e-03
1.596734509803354740e-03
1.036269590258598328e-02
-2.760936738923192024e-03
-2.882727421820163727e-03
-1.752247847616672516e-02
4.460123833268880844e-03
1.372163416817784309e-03
7.201192900538444519e-03
-1.362588535994291306e-02
-1.487699919380247593e-03
2.530694240704178810e-03
6.686427630484104156e-03
5.828967317938804626e-03
-6.720795296132564545e-03
9.445092640817165375e-03
1.317453850060701370e-02
-1.911719702184200287e-02
2.362133702263236046e-03
2.389161847531795502e-03
-5.316410586237907410e-02
-3.932937979698181152e-02
-1.296307891607284546e-02
-2.077797614037990570e-02
-7.445313781499862671e-02
8.027496933937072754e-02
8.648873865604400635e-02
-1.709493622183799744e-02
-1.325428485870361328e-01
6.064833328127861023e-02
-3.597252815961837769e-02
9.371818043291568756e-03
2.463601343333721161e-02
