6.304192356765270233e-04
3.355882654432207346e-04
4.297483444213867188e+00
1.014775596559047699e-03
-1.184856519103050232e-02
1.969128474593162537e-02
-3.975245356559753418e-02
-2.437206683680415154e-03
-3.579927608370780945e-02
3.580579068511724472e-03
-1.868525333702564240e-02
-6.942281499505043030e-03
-3.903848410118371248e-04
-1.143607543781399727e-03
4.439423792064189911e-03
7.033404428511857986e-03
6.006502080708742142e-03
6.819189991801977158e-03
8.431128226220607758e-03
9.268139488995075226e-03
1.821577548980712891e-02
4.616289399564266205e-03
9.548051282763481140e-03
7.680671289563179016e-03
6.829038262367248535e-03
5.493463017046451569e-03
6.225027143955230713e-03
5.230867769569158554e-03
-3.953713923692703247e-03
-1.775881275534629822e-02
-5.911478027701377869e-02
2.021684795618057251e-01
8.295725286006927490e-02
1.191876828670501709e-02
2.829677611589431763e-02
2.591404505074024200e-02
2.341345138847827911e-02
1.904422417283058167e-02
1.817227527499198914e-02
1.304242108017206192e-02
7.016496732831001282e-03
2.307708142325282097e-03
3.954274579882621765e-03
3.142302390187978745e-03
9.221544489264488220e-03
-1.512593240477144718e-03
-3.782072104513645172e-03
3.107514232397079468e-03
-4.710359964519739151e-03
1.303250901401042938e-02
-2.296780934557318687e-03
-1.510884799063205719e-02
-1.381144858896732330e-02
3.663724288344383240e-03
4.784991964697837830e-03
1.431896962458267808e-04
-1.550167426466941833e-02
2.867756877094507217e-03
-3.173321601934731007e-04
-7.364981138380244374e-05
1.011092448607087135e-03
-1.905855060613248497e-05
6.279293447732925415e-04
6.358333048410713673e-04
6.449289798736572266e+00
