6.286949664354324341e-02
2.247571796178817749e-01
-1.986361265182495117e+00
2.542719364166259766e+00
-4.652551651000976562e+00
3.881196260452270508e+00
-5.153803825378417969e+00
4.426600456237792969e+00
-4.587437152862548828e+00
3.926281929016113281e+00
-3.874343395233154297e+00
3.058845281600952148e+00
-2.928525924682617188e+00
2.288419246673583984e+00
-2.120820045471191406e+00
1.822736740112304688e+00
-1.515196681022644043e+00
1.738858819007873535e+00
-8.651071190834045410e-01
1.388745188713073730e+00
-3.392473757266998291e-01
7.591805458068847656e-01
-1.933247298002243042e-01
6.908717751502990723e-01
-4.409775510430335999e-02
5.382022857666015625e-01
6.245742365717887878e-02
5.447413325309753418e-01
2.539692521095275879e-01
1.088352724909782410e-01
2.515516616404056549e-02
4.037449955940246582e-01
1.400423794984817505e-01
1.900386363267898560e-01
1.020575463771820068e-01
-4.308809991925954819e-03
-1.206121146678924561e-01
2.770013213157653809e-01
5.902807042002677917e-02
2.246488071978092194e-02
-4.902851954102516174e-02
-4.540205374360084534e-02
-3.077419474720954895e-02
3.510606586933135986e-01
1.079229265451431274e-01
2.268994450569152832e-01
1.436906158924102783e-01
7.105757296085357666e-02
1.321741640567779541e-01
-1.437366846948862076e-02
1.173085272312164307e-01
-6.539437919855117798e-02
-1.402736734598875046e-02
6.723267026245594025e-03
1.463051885366439819e-01
-3.335795365273952484e-03
1.099549308419227600e-01
8.565161377191543579e-02
4.007608294486999512e-01
-1.197062805294990540e-01
-6.381872296333312988e-02
8.882600814104080200e-03
1.599095314741134644e-01
-5.844358354806900024e-02
-7.636182755231857300e-02
