-6.636821199208498001e-04
3.473724126815795898e-01
4.019747972488403320e-01
3.689476251602172852e-01
-1.769681985024362803e-04
5.757899489253759384e-04
-3.985282778739929199e-01
4.589753150939941406e-01
-9.731660829856991768e-04
-4.796617627143859863e-01
9.972428670153021812e-04
-3.604623377323150635e-01
3.293925821781158447e-01
3.948395606130361557e-04
-4.038545191287994385e-01
-1.805557161569595337e-01
-4.604566493071615696e-05
-3.043645061552524567e-03
-1.009445264935493469e-02
-3.986672759056091309e-01
-8.965573273599147797e-03
-2.329051941633224487e-01
-3.640320897102355957e-01
-1.157731190323829651e-01
-1.379470974206924438e-01
-2.361946552991867065e-01
-1.548500359058380127e-01
-1.753300242125988007e-02
2.010814398527145386e-01
-8.330714702606201172e-02
1.461221873760223389e-01
1.935980468988418579e-01
-1.141613163053989410e-02
8.675468713045120239e-02
-6.343495845794677734e-02
-7.619892060756683350e-02
-1.525858789682388306e-01
-2.823312282562255859e-01
-1.704570055007934570e-01
-2.596755325794219971e-01
-2.724514901638031006e-01
-3.077391386032104492e-01
-3.383599966764450073e-02
-2.682152390480041504e-01
-1.653951406478881836e-01
-2.110069245100021362e-01
1.137022278271615505e-03
1.454521785490214825e-03
3.905276060104370117e-01
9.554740972816944122e-04
-1.636943407356739044e-02
-3.315918445587158203e-01
-4.840661585330963135e-01
-4.358866214752197266e-01
4.299679994583129883e-01
8.994801640510559082e-01
9.480727910995483398e-01
-3.314627707004547119e-01
6.480306386947631836e-01
-4.846758544445037842e-01
-5.404036045074462891e-01
-8.521904945373535156e-01
-7.077028155326843262e-01
-3.465676903724670410e-01
-1.122982124797999859e-03
