9.789786417968571186e-05
1.089199678972363472e-03
-5.641373157501220703e+00
-1.125388895161449909e-03
6.273161852732300758e-04
8.557882392778992653e-04
-8.872963953763246536e-04
5.558890342712402344e+00
2.189025253755971789e-04
-3.484457492828369141e+00
1.045433746185153723e-04
1.122627989389002323e-03
7.507695700041949749e-04
1.335717854090034962e-03
6.645573885180056095e-04
2.357415156438946724e-03
2.924364525824785233e-03
3.598966577555984259e-04
1.520901769399642944e-01
1.378807723522186279e-01
1.961701065301895142e-01
2.428983449935913086e-01
2.768731713294982910e-01
1.156510710716247559e-01
2.776058912277221680e-01
1.023198850452899933e-02
1.354403197765350342e-01
-5.304371472448110580e-03
-2.099870704114437103e-02
-1.129605714231729507e-02
-1.178082600235939026e-01
-2.452702028676867485e-03
-1.725038141012191772e-01
9.874003939330577850e-03
1.944452337920665741e-02
7.477785646915435791e-02
1.731272190809249878e-01
1.977849900722503662e-01
1.808944642543792725e-01
2.323455214500427246e-01
2.302554100751876831e-01
3.427906930446624756e-01
4.137549102306365967e-01
2.500343881547451019e-02
9.979935362935066223e-03
-9.656108450144529343e-04
-8.369801566004753113e-03
-1.335304789245128632e-02
-1.080433577299118042e-01
-1.182942301966249943e-03
-4.249674966558814049e-04
2.301999484188854694e-04
-2.070129383355379105e-03
-6.647736154263839126e-05
3.311549371574074030e-04
-3.532190561294555664e+00
4.564590562949888408e-05
4.730257205665111542e-04
1.336484099738299847e-03
2.550689096096903086e-04
-5.219885497353971004e-04
7.968970458023250103e-04
-1.059945323504507542e-03
2.635087585076689720e-04
-1.569985943206120282e-05
