-1.201606391987297684e-05
-5.815580880152992904e-05
1.073572057066485286e-04
1.072064973413944244e-03
9.626427199691534042e-04
3.373700892552733421e-04
-1.076285261660814285e-03
1.192094059661030769e-03
1.178903039544820786e-03
-2.652240514755249023e+00
6.884387112222611904e-04
-1.301557495025917888e-04
2.553502798080444336e+00
3.599926421884447336e-04
-1.404375536367297173e-03
-2.852823972702026367e+00
-1.500855549238622189e-03
4.655692027881741524e-04
2.077762126922607422e+00
1.600706134922802448e-03
2.184529585065320134e-04
-5.630173109238967299e-05
3.338770475238561630e-04
6.794602959416806698e-04
9.329966851510107517e-04
-8.406492997892200947e-04
-4.173956345766782761e-03
-1.009541214443743229e-03
-1.143560861237347126e-03
-1.856640563346445560e-03
9.004588937386870384e-04
1.598197966814041138e-03
2.155686495825648308e-03
1.748872746247798204e-04
1.566970534622669220e-02
-3.691211808472871780e-03
-4.789542555809020996e-01
2.945868764072656631e-03
3.001545555889606476e-03
4.913653247058391571e-04
-7.179207750596106052e-04
3.196781268343329430e-03
5.264244042336940765e-03
2.947732210159301758e-01
2.021712437272071838e-02
4.379215240478515625e-01
1.783350706100463867e-01
2.529002130031585693e-01
2.225989997386932373e-01
3.252393007278442383e-01
4.314754009246826172e-01
1.941340267658233643e-01
1.107179820537567139e-01
3.658679127693176270e-01
2.305074334144592285e-01
1.544432193040847778e-01
1.582847088575363159e-01
1.252216249704360962e-01
8.473172783851623535e-02
1.158360242843627930e-01
-5.358196329325437546e-03
-4.227905068546533585e-03
-3.648246452212333679e-02
-2.251571416854858398e-02
-1.328043788671493530e-01
-8.087126165628433228e-02
-1.023724824190139771e-01
-9.407281130552291870e-02
-1.230426877737045288e-01
-1.622123643755912781e-02
-3.964180126786231995e-02
-6.221895106136798859e-03
-6.491155177354812622e-02
3.404757753014564514e-02
1.746054142713546753e-01
1.186735462397336960e-02
3.887553513050079346e-02
1.398222446441650391e-01
1.623554229736328125e-01
1.542205065488815308e-01
8.714987337589263916e-02
2.419835329055786133e-01
6.193602085113525391e-02
3.057662844657897949e-01
2.144105136394500732e-01
3.232211172580718994e-01
1.441593319177627563e-01
3.470004498958587646e-01
5.825744196772575378e-02
4.347590729594230652e-02
2.060561478137969971e-01
6.153836380690336227e-03
3.495062934234738350e-03
1.416553714079782367e-04
5.164052709005773067e-04
1.731334486976265907e-03
4.338880535215139389e-03
1.699952874332666397e-03
2.197824884206056595e-03
1.942443894222378731e-03
1.879842369817197323e-03
1.146136666648089886e-03
3.997653839178383350e-04
-1.201022067107260227e-03
-2.608254435472190380e-04
-7.473876848962390795e-06
4.958171630278229713e-04
-1.856296206824481487e-03
2.471463203430175781e+00
6.117782592773437500e-01
-2.196629611717071384e-05
9.788877650862559676e-05
4.660676931962370872e-04
1.762264490127563477e+00
1.254482660442590714e-03
1.953332830453291535e-04
-3.972233098465949297e-04
4.033676304970867932e-05
-4.651614581234753132e-04
-8.118662517517805099e-04
4.093481402378529310e-04
-7.123758792877197266e-01
-2.005334854125976562e+00
7.038025069050490856e-04
4.208456084597855806e-04
6.693904288113117218e-04
-3.277716459706425667e-04
3.635598841356113553e-05
2.490194082260131836e+00
