-4.009514523204416037e-04
9.693000316619873047e-01
1.135501027107238770e+00
9.209244847297668457e-01
-8.033046033233404160e-04
3.374613588675856590e-04
-9.266738295555114746e-01
7.452592253684997559e-01
1.513290917500853539e-03
-1.146908197551965714e-02
2.903765439987182617e-01
9.007084369659423828e-02
3.391803205013275146e-01
2.104246169328689575e-01
-1.213961094617843628e-01
-1.677001714706420898e-01
-9.713213890790939331e-02
5.439648032188415527e-02
1.387264132499694824e-01
3.428554236888885498e-01
2.958166301250457764e-01
5.506300181150436401e-02
2.780372500419616699e-01
2.424305072054266930e-03
2.742352895438671112e-03
-2.799726789817214012e-04
8.781204819679260254e-01
1.388708478771150112e-03
6.207290571182966232e-04
-1.061420321464538574e+00
9.150382280349731445e-01
9.362630248069763184e-01
-8.996619582176208496e-01
