2.129676192998886108e-02
1.444525569677352905e-01
6.298887729644775391e-02
1.162243410944938660e-01
-1.778215020895004272e-01
-2.453475892543792725e-01
-5.087696947157382965e-03
-1.401011496782302856e-01
1.510336645878851414e-03
-4.055210575461387634e-02
-7.921339944005012512e-03
9.443892166018486023e-03
-2.721674181520938873e-02
5.717498715966939926e-04
-4.254783503711223602e-03
-2.886382490396499634e-02
-1.833211746998131275e-03
-2.082023024559020996e-02
9.066558443009853363e-03
4.790337290614843369e-03
1.938097557285800576e-04
1.203872635960578918e-02
4.631847608834505081e-03
7.745105307549238205e-03
-1.376637723296880722e-02
-3.392926009837538004e-04
-2.552496269345283508e-03
-4.702265505329705775e-05
6.128934212028980255e-03
-2.221472794190049171e-03
-3.438593354076147079e-03
1.521823578514158726e-03
-2.162272721761837602e-04
-1.859846524894237518e-03
-1.079454086720943451e-03
3.162320703268051147e-03
4.661787301301956177e-03
1.767815556377172470e-03
-4.612008575350046158e-03
-3.726744791492819786e-03
-1.626434386707842350e-03
-3.490658709779381752e-03
-1.250563072971999645e-03
1.062039402313530445e-03
-3.316855523735284805e-03
-2.502590185031294823e-03
-1.859566546045243740e-03
-3.132701851427555084e-03
-1.964229624718427658e-03
-3.511994378641247749e-03
4.879136758972890675e-05
-1.722619752399623394e-03
-2.056843135505914688e-03
1.266963081434369087e-04
-2.470277831889688969e-04
1.499954611063003540e-03
1.190011273138225079e-03
2.291973913088440895e-03
5.589975975453853607e-03
8.612059988081455231e-03
1.599035784602165222e-02
3.551974147558212280e-02
8.052571862936019897e-02
-2.882891893386840820e-01
-1.479243636131286621e-01
2.911851368844509125e-02
1.106258947402238846e-02
-3.468245500698685646e-03
-7.177383173257112503e-03
-8.153438568115234375e-03
-8.281192742288112640e-03
-6.401327904313802719e-03
-6.967444438487291336e-03
-4.604675341397523880e-03
-6.290389224886894226e-03
-4.868822172284126282e-03
-3.048223676159977913e-03
-4.970826208591461182e-03
-5.973100662231445312e-03
-4.624916706234216690e-03
-3.704418428242206573e-03
-5.137257277965545654e-03
-1.631855964660644531e-03
-2.368542598560452461e-03
-2.813261700794100761e-03
7.964811520650982857e-04
-2.985234372317790985e-03
-2.985489554703235626e-03
6.201364449225366116e-04
4.703733138740062714e-03
-9.251916198991239071e-04
3.529210807755589485e-03
-1.759653678163886070e-03
5.454597063362598419e-03
-1.077430904842913151e-03
3.012863220646977425e-03
-3.518770914524793625e-03
2.981351688504219055e-03
7.834939286112785339e-03
-5.873727612197399139e-03
-6.095787510275840759e-03
3.127540461719036102e-03
-9.100750321522355080e-04
-4.170461616013199091e-04
-9.073189459741115570e-03
-5.973692517727613449e-03
6.224727723747491837e-03
-4.337077960371971130e-03
-8.914839127101004124e-04
-5.328655708581209183e-03
4.840942565351724625e-03
7.218978367745876312e-03
-2.456039004027843475e-02
-2.302803657948970795e-02
-8.353146724402904510e-03
3.689137473702430725e-02
-6.737697869539260864e-02
-7.410614937543869019e-02
-5.848405882716178894e-02
1.372054778039455414e-02
6.592871155589818954e-03
-8.121550083160400391e-02
1.158760264515876770e-01
-9.647040814161300659e-02
1.816148497164249420e-02
-7.660843431949615479e-02
-2.645017206668853760e-02
-3.213663026690483093e-02
-1.883224844932556152e-01
