-5.296420305967330933e-02
3.528437912464141846e-01
1.944625377655029297e+00
1.535121917724609375e+00
2.591383695602416992e+00
1.890576243400573730e+00
2.703142166137695312e+00
1.544898390769958496e+00
2.560053348541259766e+00
7.814032584428787231e-02
2.128598213195800781e+00
-7.468878030776977539e-01
1.837823510169982910e+00
-9.812712669372558594e-01
1.319260954856872559e+00
-1.122447490692138672e+00
1.378206491470336914e+00
-7.810996174812316895e-01
1.250332832336425781e+00
-6.623358130455017090e-01
1.198428511619567871e+00
-2.862105965614318848e-01
7.980511784553527832e-01
1.504465704783797264e-03
7.450061440467834473e-01
-2.218465507030487061e-01
4.149702787399291992e-01
1.158787161111831665e-01
7.910153269767761230e-01
8.391156792640686035e-02
5.589084029197692871e-01
2.971321344375610352e-01
2.361701577901840210e-01
2.462185025215148926e-01
2.980859577655792236e-01
2.419365942478179932e-01
2.708120346069335938e-01
1.133771985769271851e-01
2.765535414218902588e-01
1.759914308786392212e-01
1.548905968666076660e-01
1.028209924697875977e-01
3.092449903488159180e-01
9.913731366395950317e-02
5.567895621061325073e-02
2.497160993516445160e-02
2.009698301553726196e-01
2.432481944561004639e-01
2.589388787746429443e-01
7.416403293609619141e-02
-2.844409085810184479e-02
-1.321227755397558212e-02
-3.626349568367004395e-02
-4.555203020572662354e-02
1.889359354972839355e-01
1.808027625083923340e-01
9.053694456815719604e-02
7.050758693367242813e-03
1.033371835947036743e-01
-7.325761020183563232e-02
-2.036861330270767212e-01
4.059142619371414185e-02
-6.213124841451644897e-02
5.124635994434356689e-03
3.891781717538833618e-02
