-6.699071964249014854e-04
9.423563024029135704e-04
4.188278198242187500e+00
1.413232530467212200e-03
4.601320251822471619e-04
1.155740697868168354e-03
1.086014453903771937e-04
-2.959638950414955616e-04
-4.612702832673676312e-05
-1.783313200576230884e-04
-1.536545634269714355e+00
-4.914329038001596928e-04
-8.670851821079850197e-04
2.946045715361833572e-04
1.594528730493038893e-04
2.231555758044123650e-03
5.340160100786306430e-07
2.041116822510957718e-03
5.425082053989171982e-03
1.196225639432668686e-02
7.588580250740051270e-01
4.712792336940765381e-01
6.649324297904968262e-02
2.826709449291229248e-01
2.229674756526947021e-01
5.708467960357666016e-02
5.009341612458229065e-02
1.043292209506034851e-01
-3.542998805642127991e-02
-9.056855738162994385e-02
-3.136057034134864807e-02
-1.696893274784088135e-01
-5.638192221522331238e-02
-4.111535102128982544e-02
-2.184727974236011505e-02
2.480983436107635498e-01
4.256159812211990356e-02
2.301250398159027100e-01
3.054310679435729980e-01
2.887368202209472656e-01
2.053201198577880859e-01
1.147264987230300903e-01
2.837775051593780518e-01
2.830590307712554932e-02
2.094429731369018555e-02
-8.105909451842308044e-03
-2.155129797756671906e-03
-6.928270682692527771e-03
2.148826839402318001e-03
1.331889536231756210e-03
-1.136553706601262093e-03
4.265164316166192293e-04
-5.817066994495689869e-04
-1.269541447982192039e-03
-9.891540976241230965e-04
-1.256978954188525677e-03
-1.117882420658133924e-04
9.435920510441064835e-04
3.810403723036870360e-05
3.478195285424590111e-04
1.241479534655809402e-03
-9.411776409251615405e-05
-9.258025093004107475e-04
-4.832412741961888969e-05
4.554062366485595703e+00
