-3.622637013904750347e-04
1.813961029052734375e+00
3.214871976524591446e-04
1.656203269958496094e+00
-1.313629746437072754e+00
1.113558530807495117e+00
1.138755753636360168e-01
3.467333018779754639e-01
1.382771879434585571e-01
-1.335791498422622681e-01
-2.847036421298980713e-01
1.552047431468963623e-01
5.802569389343261719e-01
-6.673026364296674728e-03
-2.900618873536586761e-02
-1.322201639413833618e-01
1.820028846850618720e-04
-1.564830660820007324e+00
-6.742036784999072552e-04
1.183066051453351974e-03
1.829512000083923340e+00
