-6.917893188074231148e-04
1.395609021186828613e+00
9.107074141502380371e-01
8.829671889543533325e-03
-1.921445876359939575e-01
-2.314518019556999207e-02
1.264481097459793091e-01
2.933840751647949219e-01
3.207824230194091797e-01
-1.643175482749938965e-01
4.165741503238677979e-01
2.480350583791732788e-01
5.824363976716995239e-02
6.787408143281936646e-02
1.296990737318992615e-02
-3.137707244604825974e-04
2.920959144830703735e-03
2.890649775508791208e-04
1.533198475837707520e+00
-1.627684235572814941e+00
8.431867361068725586e-01
