4.197546005249023438e+00
2.006761496886610985e-04
-4.394511051941663027e-04
-2.124072489095851779e-04
9.266483248211443424e-04
-3.328263992443680763e-03
-6.599506363272666931e-03
-7.503350973129272461e-01
2.937670331448316574e-03
-3.922205567359924316e-01
4.364171326160430908e-01
-1.812690682709217072e-02
-3.845568001270294189e-02
-4.903451204299926758e-01
3.486040979623794556e-03
-1.593284076079726219e-03
-9.274608455598354340e-04
-5.443940639495849609e+00
3.695761843118816614e-04
-7.717754342593252659e-04
7.887684041634202003e-04
