-3.047708980739116669e-02
2.936790585517883301e-01
1.383399069309234619e-01
1.430837363004684448e-01
7.385421544313430786e-02
-2.621440961956977844e-02
-7.766597718000411987e-02
-1.095586195588111877e-01
-1.105670332908630371e-01
-2.990691065788269043e-01
8.350968360900878906e-02
-2.543255686759948730e-01
-2.297904640436172485e-01
-7.685015350580215454e-02
-7.296331226825714111e-03
1.017080917954444885e-01
8.519367873668670654e-02
-7.770862430334091187e-02
6.777641922235488892e-02
5.515711847692728043e-03
1.191246584057807922e-01
