4.398788139224052429e-02
4.089505597949028015e-02
5.358662828803062439e-02
8.468785136938095093e-02
-5.920036230236291885e-03
-9.742591530084609985e-02
4.793644696474075317e-02
-1.764522679150104523e-02
6.820074468851089478e-02
-2.150746760889887810e-03
-3.460387885570526123e-02
3.648996353149414062e-02
1.361778751015663147e-02
3.156904131174087524e-03
2.139117941260337830e-02
-1.059165783226490021e-02
-1.306557748466730118e-02
-4.878825508058071136e-03
-2.333339117467403412e-02
-9.486836381256580353e-03
1.796022430062294006e-02
-1.142308302223682404e-02
-6.646599154919385910e-03
-6.924222689121961594e-03
4.063890781253576279e-03
6.473390851169824600e-03
1.021895371377468109e-02
-2.421972807496786118e-03
3.031387692317366600e-03
8.113053627312183380e-03
-1.418612780980765820e-03
1.730275107547640800e-03
3.830935806035995483e-03
4.864236805588006973e-03
7.100417278707027435e-03
1.754975761286914349e-03
-6.811823113821446896e-04
-3.836462274193763733e-03
7.303960155695676804e-04
1.548875239677727222e-03
2.734213368967175484e-03
2.937014913186430931e-03
3.565972438082098961e-03
5.130206700414419174e-03
3.978687338531017303e-03
3.295639762654900551e-03
1.434755045920610428e-03
1.498159836046397686e-04
1.295157941058278084e-03
1.310112420469522476e-03
-4.968328867107629776e-04
6.624817033298313618e-04
-3.292040782980620861e-04
1.959074521437287331e-03
-1.899797935038805008e-04
8.770798449404537678e-04
-2.584633184596896172e-03
-1.055833417922258377e-03
-2.764703938737511635e-03
-8.133112452924251556e-03
-1.937350071966648102e-02
-3.680650144815444946e-02
-7.873022556304931641e-02
2.376630604267120361e-01
1.575327068567276001e-01
-4.563024640083312988e-02
-9.740654379129409790e-03
8.244190830737352371e-04
7.221001666039228439e-03
1.053368579596281052e-02
7.343901321291923523e-03
6.915593985468149185e-03
6.764631718397140503e-03
7.098774891346693039e-03
6.024117581546306610e-03
6.994274910539388657e-03
5.845055915415287018e-03
3.478402737528085709e-03
5.149853881448507309e-03
4.866247531026601791e-03
1.934897270984947681e-03
1.033347682096064091e-03
3.353307256475090981e-03
2.048953436315059662e-03
3.885875688865780830e-03
4.524468095041811466e-04
1.807132968679070473e-03
-8.489656029269099236e-04
-1.871718559414148331e-03
-3.064682474359869957e-03
-4.471842665225267410e-03
1.325928722508251667e-03
-2.406802814221009612e-04
-6.792451255023479462e-03
-5.762319546192884445e-03
-5.981473077554255724e-05
-6.234004627913236618e-03
-3.913227410521358252e-04
-1.251477189362049103e-02
2.117008902132511139e-03
1.650082413107156754e-03
-5.031198728829622269e-03
-1.127767935395240784e-02
7.570770569145679474e-03
4.178403876721858978e-03
1.459095254540443420e-02
1.089504687115550041e-03
-4.887671209871768951e-03
-1.151346415281295776e-02
1.283979881554841995e-02
1.247451733797788620e-02
1.674597524106502533e-02
1.212989352643489838e-02
-1.241446286439895630e-02
-8.771798573434352875e-03
-2.355312928557395935e-02
2.901384839788079262e-03
1.542794611304998398e-02
-2.150941826403141022e-02
1.091917231678962708e-02
3.985451161861419678e-02
7.843178510665893555e-02
-5.151617806404829025e-03
-1.021391451358795166e-01
7.711172848939895630e-02
-1.431096941232681274e-01
-2.019338905811309814e-01
8.240173337981104851e-04
1.813881448470056057e-03
