-1.473982911556959152e-02
4.206421375274658203e-01
2.811688661575317383e+00
3.619301080703735352e+00
3.922257900238037109e+00
3.951768636703491211e+00
4.179698467254638672e+00
3.809698343276977539e+00
4.101964473724365234e+00
2.878124713897705078e+00
3.572173357009887695e+00
9.160123467445373535e-01
1.655367374420166016e+00
-9.414856433868408203e-01
2.681493461132049561e-01
-1.807330012321472168e+00
-4.292161464691162109e-01
-1.863268494606018066e+00
-3.975989818572998047e-01
-1.943899154663085938e+00
-3.697003722190856934e-01
-1.788485527038574219e+00
-4.218669831752777100e-01
-1.526174187660217285e+00
-4.206018149852752686e-01
-1.489278316497802734e+00
-1.329191029071807861e-01
-1.242484211921691895e+00
-3.260375261306762695e-01
-1.324692964553833008e+00
-5.995456129312515259e-03
-1.225276112556457520e+00
-1.318693757057189941e-01
-9.743939638137817383e-01
-1.739986985921859741e-01
-1.039486408233642578e+00
-1.892131865024566650e-01
-9.020443558692932129e-01
-9.832479804754257202e-02
-7.986363768577575684e-01
1.473198235034942627e-01
-8.972083926200866699e-01
8.770620077848434448e-02
-8.328019976615905762e-01
-6.397132575511932373e-02
-5.856564044952392578e-01
3.458546474575996399e-02
-6.303345561027526855e-01
-7.236657291650772095e-02
-6.138076186180114746e-01
2.600091695785522461e-01
-5.339794158935546875e-01
3.214315176010131836e-01
-5.287166833877563477e-01
-5.919761955738067627e-02
-6.471841931343078613e-01
1.227765381336212158e-01
-5.968860387802124023e-01
2.940944135189056396e-01
-4.690926373004913330e-01
2.706497907638549805e-01
-3.211985528469085693e-01
1.306135207414627075e-01
-5.131210684776306152e-01
8.834484219551086426e-02
-5.809371471405029297e-01
4.751532338559627533e-03
-6.045250296592712402e-01
6.726042926311492920e-02
-4.350605309009552002e-01
1.762291043996810913e-01
-4.967990517616271973e-01
2.856276631355285645e-01
-3.183223605155944824e-01
1.908497959375381470e-01
-3.372125923633575439e-01
2.509716153144836426e-01
-5.450551509857177734e-01
5.298153311014175415e-02
-4.706832468509674072e-01
1.035131067037582397e-01
-4.422305226325988770e-01
2.455652505159378052e-01
-4.975659847259521484e-01
8.836944401264190674e-02
-3.477899432182312012e-01
2.176645994186401367e-01
-3.441848456859588623e-01
4.597852006554603577e-03
-3.324668407440185547e-01
2.926221787929534912e-01
-5.691854283213615417e-02
-1.259229797869920731e-02
8.976494520902633667e-02
3.177740424871444702e-02
-6.860042456537485123e-03
-1.232405006885528564e-01
7.185278087854385376e-02
-1.025205664336681366e-02
4.722008854150772095e-02
-1.899154298007488251e-02
1.284134089946746826e-01
-5.719109252095222473e-02
3.989177942276000977e-02
9.105542302131652832e-02
-1.212237551808357239e-01
-4.246458783745765686e-02
-1.036090105772018433e-01
-1.245768740773200989e-01
-5.590840056538581848e-02
-3.481439873576164246e-02
1.721320301294326782e-02
-1.036199629306793213e-01
-1.164058968424797058e-01
8.216110989451408386e-03
1.612063683569431305e-02
9.199012070894241333e-02
3.836492449045181274e-02
-1.534033939242362976e-02
6.113995611667633057e-02
9.201792627573013306e-02
-8.313242346048355103e-02
8.648873865604400635e-02
-1.709493622183799744e-02
-1.325428485870361328e-01
6.064833328127861023e-02
-3.597252815961837769e-02
9.371818043291568756e-03
2.463601343333721161e-02
