6.336699589155614376e-04
3.139804601669311523e+00
-1.308815899392357096e-05
-1.302549117099260911e-05
-3.034863038919866085e-04
-6.493187393061816692e-04
5.476420046761631966e-04
1.042378367856144905e-03
-4.403569221496582031e+00
-3.995266743004322052e-04
5.466392613016068935e-04
4.888414859771728516e+00
-4.035551392007619143e-04
-3.223588228225708008e+00
-4.824426651000976562e+00
-5.235961289145052433e-04
5.640558811137452722e-05
8.225804194808006287e-04
5.447205039672553539e-04
2.764115342870354652e-04
-5.344682722352445126e-04
-7.402406772598624229e-04
4.942824840545654297e+00
6.559312460012733936e-04
8.218328002840280533e-04
2.149008447304368019e-03
8.848814759403467178e-04
1.491145696491003036e-03
-5.968761397525668144e-04
1.251562847755849361e-03
6.155575392767786980e-04
-4.346153000369668007e-04
-3.704865463078022003e-03
-6.985246203839778900e-03
-1.019129715859889984e-02
-9.973998181521892548e-03
-6.704153958708047867e-03
-5.117884837090969086e-03
-1.543519273400306702e-02
5.635374784469604492e-02
-3.331873798742890358e-03
-1.392632536590099335e-02
-2.511306107044219971e-01
-1.789308637380599976e-01
-8.977257646620273590e-03
-3.797190785408020020e-01
-4.040979743003845215e-01
-2.053336799144744873e-01
-3.047587573528289795e-01
-2.699927389621734619e-01
-1.722872704267501831e-01
-4.295411109924316406e-01
-7.338707149028778076e-02
-2.847088277339935303e-01
-1.768644750118255615e-01
-1.327812522649765015e-01
-1.268130242824554443e-01
-1.691382080316543579e-01
-5.561883002519607544e-02
-7.265204936265945435e-02
4.191347863525152206e-03
3.237854316830635071e-02
1.553970295935869217e-02
4.574465379118919373e-02
1.093653067946434021e-01
6.249504163861274719e-02
1.089368164539337158e-01
2.952459454536437988e-02
1.201912239193916321e-01
-5.650251987390220165e-04
6.210424751043319702e-02
5.817304365336894989e-03
-1.787872286513447762e-03
-1.099718641489744186e-02
-3.644490987062454224e-02
-1.839253678917884827e-02
-6.532035022974014282e-02
-8.539738506078720093e-02
-2.072967290878295898e-01
-1.011377796530723572e-01
-1.216906011104583740e-01
-3.340100646018981934e-01
-1.574874967336654663e-01
-4.244366288185119629e-01
-8.869925141334533691e-02
-9.961679577827453613e-02
-4.004262685775756836e-01
-2.464854270219802856e-01
-1.387896984815597534e-01
-3.759085834026336670e-01
-1.066542267799377441e-01
-2.250654436647891998e-02
-2.704036654904484749e-03
-3.223376581445336342e-03
-1.387820485979318619e-02
-1.215074956417083740e-02
2.482903655618429184e-03
3.610422601923346519e-03
6.761140655726194382e-03
9.848973713815212250e-03
8.513529784977436066e-03
2.646330744028091431e-03
2.288089366629719734e-03
2.549180528149008751e-03
2.922514220699667931e-03
1.106888055801391602e-03
-6.908157956786453724e-04
-2.100010635331273079e-03
4.725598264485597610e-04
-1.574139343574643135e-03
-3.856779098510742188e+00
1.075032399967312813e-03
-6.110348622314631939e-04
9.338516392745077610e-04
4.869572876486927271e-05
-1.014369423501193523e-03
6.507223006337881088e-04
7.987183053046464920e-04
3.688183787744492292e-04
-1.795371994376182556e-03
9.155034786090254784e-05
4.182031843811273575e-04
1.014030422084033489e-03
-6.381121347658336163e-04
-2.403855614829808474e-04
-1.811242109397426248e-04
-3.607114558690227568e-05
1.078635919839143753e-03
-1.067196833901107311e-03
