-8.952439576387405396e-02
1.658247709274291992e-01
3.318599462509155273e+00
5.502771854400634766e+00
7.846122264862060547e+00
6.948348045349121094e+00
9.157830238342285156e+00
7.082076549530029297e+00
8.665493011474609375e+00
6.088192462921142578e+00
6.953571319580078125e+00
4.155848503112792969e+00
3.909956932067871094e+00
2.233105182647705078e+00
8.563611507415771484e-01
1.068964242935180664e+00
-1.255885243415832520e+00
7.880651354789733887e-01
-1.589653849601745605e+00
4.170532524585723877e-01
-1.478917479515075684e+00
3.647896945476531982e-01
-1.338028311729431152e+00
4.678709208965301514e-01
-1.112505197525024414e+00
2.708272933959960938e-01
-5.182144045829772949e-01
3.934969902038574219e-01
-6.446869969367980957e-01
7.850002497434616089e-02
-8.808165043592453003e-02
4.424663633108139038e-02
-1.926446408033370972e-01
2.460998147726058960e-01
-2.052499800920486450e-01
2.304019220173358917e-02
-1.998901516199111938e-01
1.030334234237670898e-01
-5.996430292725563049e-02
1.505034267902374268e-01
2.871633470058441162e-01
-7.324048131704330444e-02
1.967088878154754639e-01
-5.593642964959144592e-02
-2.843007259070873260e-02
2.285908758640289307e-01
9.590317308902740479e-02
1.103248149156570435e-01
-7.089403271675109863e-02
-6.698583811521530151e-02
-8.382090926170349121e-02
-1.240382865071296692e-01
1.400606823153793812e-03
9.288188815116882324e-02
1.509487330913543701e-01
-1.417416799813508987e-02
1.444163173437118530e-01
2.186836004257202148e-01
1.619620472192764282e-01
1.748107820749282837e-01
2.415916621685028076e-01
-1.340970396995544434e-01
-4.235164448618888855e-02
-4.441050440073013306e-02
1.442397711798548698e-03
