7.282942771911621094e+00
-7.838275050744414330e-04
2.734363079071044922e-04
-3.724668640643358231e-04
1.275472459383308887e-03
-7.085348624968901277e-05
3.247699642088264227e-04
-4.807419900316745043e-04
-1.814403687603771687e-03
1.730601489543914795e-02
6.719550490379333496e-02
5.731591582298278809e-01
6.392354145646095276e-03
1.371259838342666626e-01
-9.875100851058959961e-02
-6.121437996625900269e-03
-1.786979883909225464e-01
-1.313529908657073975e-03
1.873557865619659424e-01
2.366813123226165771e-01
3.432083725929260254e-01
1.713768243789672852e-01
1.020528189837932587e-02
-3.036777779925614595e-04
1.155322301201522350e-03
6.653953460045158863e-04
4.532265011221170425e-04
-7.690692436881363392e-04
-4.229766368865966797e+00
-7.046337123028934002e-04
7.263087900355458260e-05
6.027834024280309677e-04
5.583142046816647053e-04
