-6.355278939008712769e-02
9.645432978868484497e-02
2.115404844284057617e+00
3.224487543106079102e+00
4.997566699981689453e+00
4.893020153045654297e+00
5.233536720275878906e+00
5.367102622985839844e+00
3.461315393447875977e+00
4.413130760192871094e+00
1.910484433174133301e+00
2.452032566070556641e+00
1.071655154228210449e+00
1.082961201667785645e+00
2.215900570154190063e-01
7.305648922920227051e-01
-2.596038281917572021e-01
3.140505254268646240e-01
-3.614240288734436035e-01
2.109695374965667725e-01
-7.022703289985656738e-01
-9.795664250850677490e-02
-4.424207508563995361e-01
-6.132986769080162048e-02
-4.197091162204742432e-01
-7.500422745943069458e-02
-3.801603913307189941e-01
-1.822394728660583496e-01
-1.821383684873580933e-01
-5.067120194435119629e-01
-1.654340177774429321e-01
-1.657412201166152954e-01
-9.985813498497009277e-02
-2.732925713062286377e-01
-1.569506973028182983e-01
-3.055179715156555176e-01
-5.986312776803970337e-02
-2.605953812599182129e-01
-1.697202473878860474e-01
1.622026115655899048e-01
-1.707398146390914917e-01
-1.348196566104888916e-01
-1.506898999214172363e-01
-8.467198163270950317e-02
-4.168510809540748596e-02
-3.919373154640197754e-01
-3.073298931121826172e-01
-1.271581836044788361e-02
-7.633594330400228500e-03
-3.132446855306625366e-02
1.290807314217090607e-02
-8.689631521701812744e-02
7.013718783855438232e-02
-1.395930945873260498e-01
-1.285238284617662430e-02
-8.727277070283889771e-02
2.386573515832424164e-02
2.456432022154331207e-02
8.148671686649322510e-02
1.522289216518402100e-01
-5.648045241832733154e-02
-4.694750905036926270e-02
-8.748958259820938110e-02
-2.639607712626457214e-02
8.915596641600131989e-03
