6.584334187209606171e-04
-3.832807706203311682e-04
-5.802751541137695312e+00
-4.992003086954355240e-04
-2.421575045445933938e-04
-3.293631016276776791e-04
7.605224964208900928e-04
5.717362880706787109e+00
-8.677448495291173458e-04
-3.539559841156005859e+00
1.314868102781474590e-03
1.012364868074655533e-03
1.032619155012071133e-03
1.436996855773031712e-03
2.575999591499567032e-03
7.851514965295791626e-04
-8.666138164699077606e-04
7.574395742267370224e-03
1.344898790121078491e-01
1.377268433570861816e-01
1.800475269556045532e-01
2.204926460981369019e-01
2.768121063709259033e-01
1.292632520198822021e-01
2.854986190795898438e-01
1.386460661888122559e-02
1.336714476346969604e-01
-6.048081908375024796e-03
-2.219339646399021149e-02
-1.393579598516225815e-02
-1.182561591267585754e-01
-6.194873712956905365e-03
-1.736652404069900513e-01
9.385837242007255554e-03
2.078904584050178528e-02
7.129141688346862793e-02
1.647253632545471191e-01
1.897921264171600342e-01
1.759350746870040894e-01
2.287449091672897339e-01
2.331423461437225342e-01
3.441572785377502441e-01
4.117165207862854004e-01
1.064599491655826569e-02
8.071089163422584534e-03
-1.371531561017036438e-02
-2.893205545842647552e-02
-4.504211619496345520e-02
-5.828826501965522766e-02
-8.952230564318597317e-04
-3.492911346256732941e-03
-1.140300882980227470e-03
3.801849961746484041e-04
-1.205845735967159271e-03
-5.742073408327996731e-04
-3.592208623886108398e+00
3.009628853760659695e-04
-7.050434942357242107e-05
-1.027182559482753277e-03
-4.833757120650261641e-04
-2.340098144486546516e-04
-7.321980083361268044e-04
8.200270240195095539e-04
1.076724613085389137e-03
1.528119464637711644e-04
