-6.067414581775665283e-02
5.111384987831115723e-01
2.108210325241088867e+00
-8.901083469390869141e-02
6.778261065483093262e-01
-6.852226853370666504e-01
-2.754331231117248535e-01
-4.989927113056182861e-01
-6.748266816139221191e-01
-3.817983865737915039e-01
-1.761397123336791992e-01
-5.704403519630432129e-01
-2.730837464332580566e-01
-4.599610865116119385e-01
2.224921584129333496e-01
1.965517103672027588e-01
-7.693800330162048340e-02
2.828619480133056641e-01
2.814054302871227264e-02
-9.372188150882720947e-02
-1.200123573653399944e-03
