6.934564560651779175e-02
3.009396493434906006e-01
-2.188329935073852539e+00
1.984094262123107910e+00
-4.483324050903320312e+00
3.030430316925048828e+00
-4.754547595977783203e+00
2.645949602127075195e+00
-3.046224117279052734e+00
2.533102273941040039e+00
-1.696571350097656250e+00
2.890516996383666992e+00
-8.675892949104309082e-01
2.609970569610595703e+00
-7.539246082305908203e-01
2.254715681076049805e+00
-6.630845665931701660e-01
1.849392771720886230e+00
-5.057347416877746582e-01
1.313649058341979980e+00
-7.016935944557189941e-01
7.898415327072143555e-01
-6.991007924079895020e-01
4.243142902851104736e-01
-5.980505943298339844e-01
3.306014835834503174e-01
-4.208415448665618896e-01
1.775813996791839600e-01
-3.179675340652465820e-01
7.574907690286636353e-02
-9.869039058685302734e-02
3.414838612079620361e-01
-1.770036518573760986e-01
1.275376826524734497e-01
2.320854067802429199e-01
-4.296570271253585815e-02
2.860654592514038086e-01
-1.046460717916488647e-01
2.456270391121506691e-03
1.265950351953506470e-01
-1.360970586538314819e-01
1.461474150419235229e-01
-8.310104906558990479e-02
-9.192645549774169922e-03
-1.455418020486831665e-01
-4.542800039052963257e-02
1.319979410618543625e-02
-1.231062635779380798e-01
4.183798283338546753e-02
1.118392776697874069e-02
2.863778918981552124e-02
-4.882454406470060349e-03
-2.576976120471954346e-01
-4.624866321682929993e-02
-6.823474913835525513e-02
-2.433064579963684082e-02
-1.222880929708480835e-01
-6.585878133773803711e-02
-1.791986525058746338e-01
-9.980127215385437012e-03
-6.808309257030487061e-02
-5.939716845750808716e-02
9.012181311845779419e-02
-9.197743982076644897e-02
1.085734516382217407e-01
