-6.224201060831546783e-04
3.318935155868530273e+00
1.285447506234049797e-03
6.455887341871857643e-04
-2.550762146711349487e-04
3.236541306250728667e-05
-5.636408459395170212e-04
1.427205424988642335e-04
-3.171099662780761719e+00
-7.726554031250998378e-05
1.033482723869383335e-03
-2.662468910217285156e+00
-2.110575296683236957e-04
-1.469075214117765427e-04
-6.733289046678692102e-05
-2.266698516905307770e-03
-2.935539232566952705e-03
-3.170036943629384041e-03
-5.581209901720285416e-03
-5.004773661494255066e-02
-1.265434771776199341e-01
-5.902454853057861328e-01
-1.867166608572006226e-01
-2.160399407148361206e-01
-1.890457868576049805e-01
-1.361002922058105469e-01
-6.507958471775054932e-02
-1.995468046516180038e-03
3.455593064427375793e-02
2.493394725024700165e-02
9.621880948543548584e-03
1.991934180259704590e-01
3.149477764964103699e-02
8.527360111474990845e-02
-3.359904885292053223e-02
-7.849699258804321289e-02
-3.037597239017486572e-01
-1.101420912891626358e-02
-3.988861143589019775e-01
-1.775866895914077759e-01
-3.889260888099670410e-01
-1.893762499094009399e-01
-2.322990149259567261e-01
-6.637906190007925034e-03
-4.592956509441137314e-03
4.162083566188812256e-01
-1.517395285191014409e-04
4.501750692725181580e-03
2.138117793947458267e-03
-1.648789329919964075e-04
-1.506524626165628433e-03
-2.101118676364421844e-03
2.438150113448500633e-04
1.627333229407668114e-03
7.803075714036822319e-04
-6.532158004119992256e-04
3.291136526968330145e-04
3.780667543411254883e+00
-1.273773377761244774e-03
-3.800664663314819336e+00
3.372214268893003464e-04
-5.073446664027869701e-04
-9.068308863788843155e-04
1.323450269410386682e-04
6.701525999233126640e-04
