6.369263865053653717e-03
1.132875755429267883e-01
9.317373484373092651e-02
1.257174462080001831e-01
-1.685855984687805176e-01
4.027573391795158386e-02
-2.120466083288192749e-01
-4.975929111242294312e-02
-4.986542090773582458e-02
-3.552859649062156677e-02
9.001025930047035217e-03
-2.688924223184585571e-02
-5.579921416938304901e-03
-9.609556756913661957e-03
-1.333635766059160233e-02
-2.153566339984536171e-03
7.908784784376621246e-03
5.362257361412048340e-03
1.253131870180368423e-02
8.659021928906440735e-03
1.902682334184646606e-02
1.371383294463157654e-02
9.632361121475696564e-03
4.386997781693935394e-03
1.451833453029394150e-02
1.557676121592521667e-03
3.211050760000944138e-03
3.612406319007277489e-03
4.378831363283097744e-04
-2.260935120284557343e-02
-5.621062964200973511e-02
2.896111309528350830e-01
1.121108978986740112e-01
1.982540823519229889e-02
3.107198327779769897e-02
2.722399868071079254e-02
2.750446274876594543e-02
2.169287577271461487e-02
1.331478543579578400e-02
1.636939868330955505e-02
1.039582118391990662e-02
1.063491869717836380e-02
1.069364603608846664e-02
-2.043292857706546783e-03
7.747336640022695065e-04
7.643863558769226074e-03
-1.423622015863656998e-03
2.068290719762444496e-03
7.614113390445709229e-03
-2.064575674012303352e-03
1.110507547855377197e-02
7.584184408187866211e-03
-3.628670936450362206e-03
-1.970935054123401642e-02
3.047797828912734985e-03
-3.371988981962203979e-02
4.104477539658546448e-02
1.863859593868255615e-02
7.998064160346984863e-02
-1.849553585052490234e-01
-2.226233929395675659e-01
-6.995693594217300415e-02
-7.726613432168960571e-02
-1.044075563549995422e-01
2.707725763320922852e-02
