-6.186166428960859776e-04
3.771046467591077089e-04
6.322750568389892578e+00
-9.973489213734865189e-04
2.136576804332435131e-04
-6.640829087700694799e-05
5.002852412872016430e-04
3.254488692618906498e-04
4.597960796672850847e-04
2.099659031955525279e-04
-2.844303962774574757e-04
2.134470742021221668e-05
-4.089302383363246918e-04
-2.164127799915149808e-04
-1.281869481317698956e-04
-1.264205930056050420e-04
8.388254791498184204e-03
6.039745640009641647e-03
1.354620140045881271e-02
1.149207260459661484e-02
7.507150769233703613e-01
3.653505742549896240e-01
4.386409744620323181e-02
3.113850653171539307e-01
1.607632935047149658e-01
6.349320709705352783e-02
6.929337233304977417e-02
3.768184408545494080e-02
-2.873146440833806992e-03
-8.413919061422348022e-02
-2.140026539564132690e-02
-1.339293867349624634e-01
-4.563344642519950867e-02
-3.713794797658920288e-02
-2.565260604023933411e-02
1.938672512769699097e-01
5.252638831734657288e-02
2.238382101058959961e-01
2.630061507225036621e-01
2.526790201663970947e-01
2.064773589372634888e-01
1.395974308252334595e-01
1.995111405849456787e-01
1.945800893008708954e-02
2.441874891519546509e-02
1.296398509293794632e-02
2.980191959068179131e-03
1.585658174008131027e-03
1.480080652981996536e-03
1.783980289474129677e-03
2.223422052338719368e-03
-2.586694317869842052e-04
9.120420872932299972e-05
-9.508769144304096699e-04
-8.453020709566771984e-04
-1.866873208200559020e-04
-1.181269180960953236e-03
2.447804727125912905e-04
-1.560093951411545277e-04
4.369505040813237429e-04
-5.180839798413217068e-04
-6.084519554860889912e-04
6.456234841607511044e-04
-6.420995923690497875e-04
6.869236946105957031e+00
