7.589906454086303711e-01
6.090089082717895508e-01
-5.969901103526353836e-04
-5.558060407638549805e-01
8.166280388832092285e-02
-4.484983533620834351e-02
-8.387449197471141815e-03
1.159081235527992249e-01
2.687824070453643799e-01
-3.153137266635894775e-01
5.914808511734008789e-01
3.048202991485595703e-01
2.756012380123138428e-01
2.035736292600631714e-01
1.829141527414321899e-01
4.305162727832794189e-01
7.102615199983119965e-04
-7.470790147781372070e-01
2.011744538322091103e-03
4.348790645599365234e-01
7.611564360558986664e-04
