3.895705938339233398e-02
1.580089777708053589e-01
1.444180309772491455e-01
2.712285704910755157e-02
-1.733602285385131836e-01
-8.816809952259063721e-02
1.161777526140213013e-01
-6.766527146100997925e-02
-3.034857474267482758e-02
-2.308253198862075806e-03
-7.674526423215866089e-03
-2.830281853675842285e-02
1.545587833970785141e-02
-1.875525526702404022e-02
1.535868505015969276e-03
-2.116446616128087044e-03
-1.441600965335965157e-03
-1.918601617217063904e-02
-2.652508206665515900e-02
-1.777889952063560486e-02
-7.110558915883302689e-03
-6.335170473903417587e-03
-7.655548863112926483e-03
4.253120161592960358e-03
2.529825316742062569e-03
1.853889040648937225e-02
3.015349153429269791e-03
7.525570254074409604e-05
3.800796985160559416e-04
9.577440097928047180e-03
6.923515815287828445e-03
-2.906009787693619728e-03
-3.187085385434329510e-04
3.469763090834021568e-03
8.243799675256013870e-04
4.594057332724332809e-03
-1.033085747621953487e-03
6.805889308452606201e-03
-1.632811035960912704e-03
4.075699835084378719e-04
5.194424884393811226e-04
4.106471315026283264e-03
4.667841363698244095e-03
4.601480904966592789e-03
-1.545790000818669796e-04
-7.316812989301979542e-04
3.182852175086736679e-03
3.047946607694029808e-03
2.160168718546628952e-03
4.958846140652894974e-03
3.139901673421263695e-03
1.824769075028598309e-03
-1.094848383218050003e-03
1.876203925348818302e-03
2.864264883100986481e-03
4.105729749426245689e-04
-9.560156031511723995e-04
-3.703619586303830147e-03
-6.275152787566184998e-03
-7.058953400701284409e-03
-1.556950807571411133e-02
-4.069916158914566040e-02
-6.621075421571731567e-02
2.290708273649215698e-01
1.465173810720443726e-01
-3.182299062609672546e-02
-1.094236131757497787e-02
-2.185865014325827360e-04
5.123213399201631546e-03
5.805843975394964218e-03
3.139324020594358444e-03
5.939117167145013809e-03
5.624862853437662125e-03
8.039642125368118286e-03
5.701774731278419495e-03
1.059351488947868347e-02
7.780103478580713272e-03
6.801676936447620392e-03
4.421213176101446152e-03
1.916005159728229046e-03
2.614241791889071465e-03
4.549303557723760605e-03
3.673752769827842712e-03
2.241997513920068741e-03
2.367582637816667557e-03
-3.771279705688357353e-03
-8.150217472575604916e-04
1.713036675937473774e-03
-2.066966146230697632e-03
-1.025061355903744698e-03
1.156841055490076542e-03
-2.738278417382389307e-04
2.152726519852876663e-03
1.633188367122784257e-04
2.419030759483575821e-03
5.025880411267280579e-03
1.068743062205612659e-03
5.294611910358071327e-04
-8.755682036280632019e-03
2.941134385764598846e-03
-6.265640258789062500e-04
-5.358282011002302170e-03
8.486168459057807922e-03
5.191020201891660690e-03
6.004370283335447311e-03
-1.253294944763183594e-02
2.086789580062031746e-03
-3.206359222531318665e-03
-2.017675340175628662e-02
1.547954604029655457e-02
-1.937986817210912704e-03
5.882221274077892303e-03
-2.509225159883499146e-02
4.148230887949466705e-03
6.145496387034654617e-03
-9.088285267353057861e-02
7.913111150264739990e-02
-5.171325802803039551e-02
1.455261744558811188e-02
-1.326080858707427979e-01
-5.180103704333305359e-03
-1.495502740144729614e-01
-1.340495795011520386e-01
-1.748465299606323242e-01
-1.669513583183288574e-01
-3.559622541069984436e-02
-2.661224007606506348e-01
-1.105031296610832214e-01
1.239172965288162231e-01
