-2.190814912319183350e-02
7.650388032197952271e-02
-2.245681360363960266e-02
1.098138764500617981e-01
-9.875757247209548950e-02
1.528890337795019150e-02
-1.230474933981895447e-02
2.881022868677973747e-03
1.423970889300107956e-02
-3.890139982104301453e-02
-2.351100891828536987e-01
3.625423461198806763e-02
2.376462519168853760e-02
-1.827969402074813843e-02
3.011718019843101501e-02
3.271982818841934204e-02
1.422151806764304638e-03
-5.305903032422065735e-03
5.056586116552352905e-03
9.206273593008518219e-03
-2.486404031515121460e-03
4.489040002226829529e-03
-1.903652097098529339e-03
-1.001751609146595001e-02
-2.165970858186483383e-03
-7.074002642184495926e-03
-4.695190116763114929e-03
4.074687138199806213e-03
4.923958797007799149e-03
-3.703566733747720718e-03
4.022579640150070190e-03
-4.016584716737270355e-03
-5.222116014920175076e-04
-1.751393661834299564e-03
-5.510871764272451401e-03
-2.451813779771327972e-03
-7.038380950689315796e-03
-1.690721837803721428e-04
2.204430056735873222e-04
-2.014110505115240812e-04
4.445674829185009003e-03
-1.190060167573392391e-03
2.602035528980195522e-04
5.560087971389293671e-03
-2.791709499433636665e-03
5.161531269550323486e-03
2.115699462592601776e-03
3.700775094330310822e-03
5.357212852686643600e-03
2.634577918797731400e-03
1.840953715145587921e-03
6.316973827779293060e-03
7.703998591750860214e-03
6.982732098549604416e-03
7.506156340241432190e-03
7.143820170313119888e-03
1.035672985017299652e-02
8.494785986840724945e-03
5.410085897892713547e-03
4.069464281201362610e-03
-1.270126667805016041e-03
-1.539048831909894943e-02
-5.248015001416206360e-02
2.332521975040435791e-01
3.333898484706878662e-01
-1.200261488556861877e-01
-5.507830902934074402e-02
-2.543550916016101837e-02
-9.658930823206901550e-03
-8.685224689543247223e-03
-3.649411257356405258e-03
-2.615997567772865295e-03
-1.208620378747582436e-03
1.517029828391969204e-03
-9.881890146061778069e-04
1.510128262452781200e-03
5.812807008624076843e-03
3.447238996159285307e-04
3.842736594378948212e-03
-1.125680981203913689e-03
9.393870714120566845e-04
3.695477265864610672e-03
2.719521522521972656e-03
5.977120250463485718e-03
8.524804143235087395e-04
-3.391127567738294601e-03
-1.381470210617408156e-04
2.663952764123678207e-03
-6.549807731062173843e-04
1.093394588679075241e-03
3.728507552295923233e-03
1.137031140387989581e-04
8.118732832372188568e-03
-4.538766574114561081e-03
-3.543806087691336870e-04
1.140463259071111679e-02
6.058738566935062408e-03
9.603905491530895233e-03
-5.369641003198921680e-04
7.013786584138870239e-03
-3.249906236305832863e-03
-4.000121862191008404e-06
7.719843182712793350e-03
3.306996077299118042e-03
7.877522148191928864e-04
-1.038688141852617264e-02
8.534201420843601227e-03
-6.558527704328298569e-03
2.061586640775203705e-02
1.182808075100183487e-02
5.796203040517866611e-04
5.009100958704948425e-02
-5.090046674013137817e-02
1.755765452980995178e-02
1.145078539848327637e-01
3.161959722638130188e-02
-1.254660934209823608e-01
1.309674084186553955e-01
-6.971842795610427856e-02
3.699168330058455467e-03
3.897627815604209900e-02
-6.304977834224700928e-02
-5.415131524205207825e-02
-1.007048189640045166e-01
-1.018893793225288391e-01
1.726632565259933472e-01
2.289815992116928101e-02
-1.087828800082206726e-01
4.462773352861404419e-02
