-1.327111870050430298e-01
1.133016124367713928e-01
1.248911991715431213e-01
-1.825525797903537750e-02
-4.904801771044731140e-02
-5.792700499296188354e-02
-3.222109377384185791e-02
-1.363419927656650543e-02
-9.642753750085830688e-03
-6.084825377911329269e-03
8.055652491748332977e-03
-2.101328782737255096e-02
-2.484433911740779877e-02
-2.191656269133090973e-02
-1.204547192901372910e-02
-2.038312554359436035e-01
-4.913452267646789551e-02
-1.306483149528503418e-01
-1.053338870406150818e-01
-7.527309656143188477e-02
-3.936960548162460327e-02
-2.587260305881500244e-02
4.412865382619202137e-04
3.001156728714704514e-03
1.044332236051559448e-02
6.846929434686899185e-03
-1.912105130031704903e-03
-1.892671280074864626e-04
-7.982680201530456543e-02
-1.287652701139450073e-01
-2.354869097471237183e-01
2.692382037639617920e-01
-5.872014909982681274e-02
