9.091798216104507446e-02
1.193789839744567871e-01
2.932957410812377930e-01
-4.111273586750030518e-02
-9.153147041797637939e-02
-7.115792483091354370e-02
-4.667276516556739807e-02
-3.297849372029304504e-02
-1.106549147516489029e-02
-4.060969687998294830e-03
2.205708250403404236e-02
-2.389062941074371338e-02
-2.542873658239841461e-02
-2.553704008460044861e-02
3.750710748136043549e-03
-2.425381839275360107e-01
-8.787753432989120483e-02
-1.569738835096359253e-01
-1.366803348064422607e-01
-9.734238684177398682e-02
-5.277955532073974609e-02
-2.725679054856300354e-02
1.302589196711778641e-03
6.214922759681940079e-03
8.923849090933799744e-03
1.750945486128330231e-02
3.018592298030853271e-02
1.674685999751091003e-02
-1.175095587968826294e-01
-6.247860938310623169e-02
-4.335416480898857117e-02
1.030064448714256287e-01
-5.872014909982681274e-02
