7.506551593542098999e-02
4.186190664768218994e-01
-2.413480758666992188e+00
1.457418799400329590e+00
-3.741811275482177734e+00
2.436444997787475586e+00
-3.848672628402709961e+00
2.515091657638549805e+00
-2.564759492874145508e+00
2.595931768417358398e+00
-1.593239188194274902e+00
2.882179260253906250e+00
-9.038220047950744629e-01
2.443731307983398438e+00
-7.571357488632202148e-01
1.946452021598815918e+00
-5.590919852256774902e-01
1.467679500579833984e+00
-2.942949831485748291e-01
9.339713454246520996e-01
-4.246625602245330811e-01
4.665264189243316650e-01
-4.110032618045806885e-01
1.800277829170227051e-01
-3.428229391574859619e-01
1.599508821964263916e-01
-2.205879837274551392e-01
6.147580966353416443e-02
-1.753098815679550171e-01
-5.130410660058259964e-03
-5.342212505638599396e-03
2.819660007953643799e-01
-1.211799979209899902e-01
8.106039464473724365e-02
2.615858316421508789e-01
-8.089519292116165161e-02
2.983123064041137695e-01
-1.363117545843124390e-01
4.172877874225378036e-03
1.000352948904037476e-01
-1.402084380388259888e-01
1.240497455000877380e-01
-8.990608900785446167e-02
-2.727065421640872955e-02
-1.530506163835525513e-01
-5.986390635371208191e-02
6.182674318552017212e-03
-1.342621147632598877e-01
3.597415238618850708e-02
2.952872309833765030e-03
2.424395084381103516e-02
-1.053238846361637115e-02
-2.605194151401519775e-01
-4.964157566428184509e-02
-6.950944662094116211e-02
-2.576555125415325165e-02
-1.221118494868278503e-01
-6.560544669628143311e-02
-1.777044236660003662e-01
-8.279393427073955536e-03
-6.541248410940170288e-02
-5.646080151200294495e-02
9.382393956184387207e-02
-8.799030631780624390e-02
1.131700947880744934e-01
