-1.491895527578890324e-04
4.383955001831054688e+00
1.241442980244755745e-03
9.309784509241580963e-04
3.911451203748583794e-04
4.392350673675537109e+00
-1.019952236674726009e-03
-5.787821137346327305e-04
-3.636323672253638506e-04
2.647105429787188768e-04
6.029152870178222656e-01
1.417625099420547485e-01
7.513990253210067749e-02
8.684533834457397461e-02
5.726743489503860474e-02
-1.379652768373489380e-01
-1.495545655488967896e-01
6.081009656190872192e-02
2.055874280631542206e-02
4.991102814674377441e-01
2.808842360973358154e-01
2.948645055294036865e-01
7.010964054643409327e-06
-2.320237690582871437e-03
2.253122627735137939e-03
1.663449336774647236e-03
-5.557665717788040638e-04
-8.395067416131496429e-04
1.000873395241796970e-03
3.520926402416080236e-04
1.057272427715361118e-03
-3.083834599237889051e-04
2.959860139526426792e-04
