-3.749470051843672991e-04
1.087912940420210361e-03
5.266018561087548733e-04
-3.781963314395397902e-04
6.255136686377227306e-04
6.751414039172232151e-04
-6.148151005618274212e-04
-1.633819047128781676e-04
3.672292514238506556e-04
4.452365101315081120e-05
8.609807700850069523e-04
6.449219654314219952e-04
-4.079969221493229270e-05
5.572959198616445065e-04
2.805977361276745796e-03
-5.161934532225131989e-03
-7.548581808805465698e-03
-8.176457136869430542e-03
-1.610722020268440247e-02
-5.405090004205703735e-02
-1.515991389751434326e-01
-2.370198071002960205e-01
-3.408060371875762939e-01
-1.566985696554183960e-01
-2.412984818220138550e-01
-1.682994961738586426e-01
-8.507132530212402344e-02
1.076948363333940506e-02
5.624466016888618469e-02
2.375094220042228699e-02
7.532614469528198242e-02
1.315148472785949707e-01
2.502151019871234894e-02
5.702076479792594910e-02
-2.440971694886684418e-02
-1.054407730698585510e-01
-1.059481650590896606e-01
-2.587338387966156006e-01
-1.708458811044692993e-01
-2.176357060670852661e-01
-2.654671669006347656e-01
-3.413392901420593262e-01
-2.859356999397277832e-02
-2.704649865627288818e-01
-1.873926073312759399e-02
-4.118313547223806381e-03
-8.248424855992197990e-04
-7.893417030572891235e-03
-1.878310227766633034e-03
-1.397062093019485474e-03
-2.329843584448099136e-03
-1.268981955945491791e-03
-3.177791659254580736e-04
-2.895263314712792635e-04
-1.178673352114856243e-03
5.237944602966308594e+00
5.295789718627929688e+00
3.448264906182885170e-04
1.377537380903959274e-03
-6.535191787406802177e-04
1.090625883080065250e-03
-5.231709480285644531e+00
-3.581646442413330078e+00
-3.975000872742384672e-04
-1.498069905210286379e-04
