-5.840598046779632568e-02
1.509134173393249512e-01
2.047967910766601562e+00
2.491323232650756836e+00
3.488331794738769531e+00
3.478637456893920898e+00
3.048312902450561523e+00
3.801304340362548828e+00
1.261537075042724609e+00
3.356035470962524414e+00
7.131826132535934448e-02
2.312601804733276367e+00
-3.442266881465911865e-01
1.426148772239685059e+00
-7.657020688056945801e-01
1.154383301734924316e+00
-8.569822311401367188e-01
6.840889453887939453e-01
-6.710586547851562500e-01
5.049954056739807129e-01
-8.332605361938476562e-01
1.292040795087814331e-01
-4.731802940368652344e-01
1.131348162889480591e-01
-3.975809812545776367e-01
5.923340842127799988e-02
-3.317270874977111816e-01
-7.842016220092773438e-02
-1.218888163566589355e-01
-4.257932901382446289e-01
-1.011500284075737000e-01
-1.019911468029022217e-01
-3.565375879406929016e-02
-2.223480045795440674e-01
-9.493131190538406372e-02
-2.640709280967712402e-01
-1.032412750646471977e-03
-2.261497676372528076e-01
-1.144728809595108032e-01
1.915167123079299927e-01
-1.191358715295791626e-01
-1.092432513833045959e-01
-1.026069372892379761e-01
-6.180091574788093567e-02
3.089966485276818275e-03
-3.710111975669860840e-01
-2.656037807464599609e-01
6.822336930781602859e-03
3.131064400076866150e-02
-1.276903878897428513e-02
4.933751001954078674e-02
-6.903107464313507080e-02
1.043038889765739441e-01
-1.222091764211654663e-01
1.928571797907352448e-02
-7.022214680910110474e-02
5.418832972645759583e-02
4.138355329632759094e-02
1.101863458752632141e-01
1.688864827156066895e-01
-2.923213690519332886e-02
-3.040686622262001038e-02
-6.153931468725204468e-02
-9.944560937583446503e-03
3.370333090424537659e-02
