8.390390430577099323e-04
-5.133739905431866646e-04
-6.263060495257377625e-04
6.486993515864014626e-04
-4.345297336578369141e+00
6.227286648936569691e-04
-6.923951441422104836e-04
-2.838768523361068219e-05
1.077204942703247070e-03
-6.641700165346264839e-04
-1.138785955845378339e-05
1.111879711970686913e-03
-7.780316809657961130e-05
3.599808931350708008e+00
-6.590990815311670303e-04
8.274556603282690048e-04
4.370348930358886719e+00
-1.471872557885944843e-03
3.814880132675170898e+00
-1.118731335736811161e-03
1.051617786288261414e-03
-5.761009742855094373e-05
2.735851448960602283e-04
-6.481941454694606364e-06
9.720736416056752205e-04
8.372113807126879692e-04
-6.986191729083657265e-04
-5.498743848875164986e-04
1.866436679847538471e-03
2.558064647018909454e-03
3.263733582571148872e-03
1.485201762989163399e-03
1.118640881031751633e-03
2.007993898587301373e-04
-6.179029121994972229e-03
-4.225629847496747971e-03
3.923480398952960968e-03
-1.357146189548075199e-03
-1.728950534015893936e-03
-1.722585409879684448e-02
-1.992517858743667603e-01
-2.382509410381317139e-01
3.954138606786727905e-03
-2.966294288635253906e-01
-1.752833276987075806e-01
-2.521906793117523193e-01
-1.782324314117431641e-01
-1.229190900921821594e-01
-1.102942675352096558e-01
-2.791433632373809814e-01
-5.287929903715848923e-03
-2.508404850959777832e-01
-2.647796645760536194e-02
-4.290200024843215942e-02
-4.436170309782028198e-02
-8.370797731913626194e-04
1.643557474017143250e-02
5.948064848780632019e-03
1.059872955083847046e-01
5.654945038259029388e-03
1.056348606944084167e-01
5.227646231651306152e-02
1.208219528198242188e-01
7.750687748193740845e-02
1.148401051759719849e-01
1.440068427473306656e-02
5.576567351818084717e-02
-2.497139154002070427e-03
-5.073964595794677734e-03
-1.280023157596588135e-01
-1.239077933132648468e-02
-1.591598242521286011e-01
-9.400157630443572998e-02
-2.163194715976715088e-01
-1.313029527664184570e-01
-3.086595535278320312e-01
-2.135301679372787476e-01
-1.929831653833389282e-01
-2.702344357967376709e-01
-3.096608221530914307e-01
-2.294122576713562012e-01
-2.311047017574310303e-01
-2.604928910732269287e-01
-2.935133278369903564e-01
-1.332615017890930176e-01
-3.550336658954620361e-01
-1.451928764581680298e-01
-3.821254521608352661e-02
-4.296193271875381470e-02
-7.378298323601484299e-03
3.610781626775860786e-03
1.804480701684951782e-02
2.893100678920745850e-02
6.645529530942440033e-03
-4.513585474342107773e-03
-5.175135564059019089e-03
-1.915538683533668518e-03
1.373801729641854763e-03
3.343709977343678474e-03
3.183652181178331375e-03
9.360415861010551453e-04
2.005524873733520508e+00
-5.835965857841074467e-04
-8.774409070611000061e-04
-1.318084774538874626e-03
4.461213829927146435e-04
-4.837880551349371672e-04
5.680136382579803467e-04
-4.289923667907714844e+00
2.249042736366391182e-04
-2.966882020700722933e-04
6.166940438561141491e-04
7.824952481314539909e-04
4.656459495890885592e-04
-9.602395584806799889e-05
8.053753990679979324e-04
-4.242451190948486328e+00
-4.402760532684624195e-05
4.705426690634340048e-04
-3.895802365150302649e-05
2.545838651712983847e-04
-8.001733222045004368e-04
4.022005014121532440e-04
3.149331605527549982e-04
-1.511786598712205887e-03
-6.589607219211757183e-04
5.530576454475522041e-04
5.301887867972254753e-04
-5.753851728513836861e-04
