1.092770695686340332e-01
1.647873818874359131e-01
-3.566836118698120117e+00
5.331955909729003906e+00
-6.780086517333984375e+00
6.440062046051025391e+00
-7.206165790557861328e+00
5.724650859832763672e+00
-5.395755767822265625e+00
4.222542762756347656e+00
-3.279136657714843750e+00
3.357552766799926758e+00
-2.125218868255615234e+00
2.540227413177490234e+00
-2.030430078506469727e+00
1.906752347946166992e+00
-2.129855394363403320e+00
1.170485258102416992e+00
-2.044764757156372070e+00
8.603416681289672852e-01
-2.226148366928100586e+00
5.357744097709655762e-01
-2.027206420898437500e+00
3.695666790008544922e-01
-1.682348132133483887e+00
2.195879220962524414e-01
-1.577757120132446289e+00
3.115415871143341064e-01
-1.499767184257507324e+00
3.165991902351379395e-01
-1.377696990966796875e+00
3.077788352966308594e-01
-1.370332360267639160e+00
2.964151501655578613e-01
-1.018789172172546387e+00
3.107540607452392578e-01
-9.557211399078369141e-01
2.969861924648284912e-01
-1.006027221679687500e+00
2.689138352870941162e-01
-8.071280717849731445e-01
4.068516492843627930e-01
-7.226862311363220215e-01
3.378022015094757080e-01
-8.491846323013305664e-01
3.036321699619293213e-01
-7.630601525306701660e-01
2.622550427913665771e-01
-8.504648804664611816e-01
2.314673364162445068e-01
-6.365183591842651367e-01
4.378178119659423828e-01
-6.455287337303161621e-01
3.854403793811798096e-01
-6.259694695472717285e-01
2.723414897918701172e-01
-7.091692686080932617e-01
3.513904511928558350e-01
-5.029090046882629395e-01
3.264906704425811768e-01
-5.598872303962707520e-01
5.202345848083496094e-01
-5.786924958229064941e-01
2.633112668991088867e-01
-7.274039983749389648e-01
1.376466155052185059e-01
-5.393236875534057617e-01
3.813169300556182861e-01
-4.884427189826965332e-01
4.876302778720855713e-01
-4.513378441333770752e-01
2.845079600811004639e-01
-6.381752490997314453e-01
2.314409017562866211e-01
-3.296185135841369629e-01
2.597425580024719238e-01
-5.103676915168762207e-01
5.203694105148315430e-01
-5.460433363914489746e-01
3.360913097858428955e-01
-5.722792744636535645e-01
4.130365252494812012e-01
-3.765044510364532471e-01
4.112828969955444336e-01
-5.792886614799499512e-01
2.926317155361175537e-01
-4.638644754886627197e-01
2.698267400264739990e-01
-2.304676473140716553e-01
4.091337919235229492e-01
-4.135065674781799316e-01
4.881169795989990234e-01
-4.988319575786590576e-01
4.935069382190704346e-01
-3.769094944000244141e-01
4.208892881870269775e-01
-4.969721138477325439e-01
2.312000244855880737e-01
-5.530368685722351074e-01
3.954961299896240234e-01
4.001706466078758240e-02
1.082747876644134521e-01
-1.152621433138847351e-01
-1.974653825163841248e-02
-1.134558469057083130e-01
-6.124645005911588669e-03
-1.500088721513748169e-01
-9.466985613107681274e-02
-4.432071000337600708e-02
-1.275850832462310791e-01
-1.188295930624008179e-01
9.001243859529495239e-02
-1.413567662239074707e-01
4.451622255146503448e-03
-6.478868424892425537e-02
-1.392083913087844849e-01
5.928555503487586975e-02
2.578186057507991791e-02
-4.553379118442535400e-02
2.986885979771614075e-02
-5.389355588704347610e-03
5.613996088504791260e-02
-5.179935321211814880e-02
1.750616542994976044e-02
1.075828727334737778e-02
4.387022182345390320e-02
6.598198413848876953e-02
-1.855885982513427734e-01
8.728420734405517578e-02
