6.184801459312438965e-02
1.501087844371795654e-01
1.433839797973632812e-01
4.397273808717727661e-02
3.343596355989575386e-03
-1.296570301055908203e-01
-5.095197260379791260e-02
-1.873959042131900787e-02
-3.882016986608505249e-02
1.631863415241241455e-02
5.730070173740386963e-02
-1.320475339889526367e-02
5.364053882658481598e-03
-2.012580633163452148e-02
-3.873749868944287300e-03
8.912761695683002472e-03
1.427457900717854500e-03
8.228885941207408905e-03
-5.639270879328250885e-03
-1.416577026247978210e-03
-5.684847201337106526e-05
5.022958852350711823e-03
1.033865381032228470e-02
1.625120081007480621e-02
1.831175573170185089e-02
1.910772733390331268e-02
3.272372856736183167e-02
3.672830387949943542e-02
4.703241214156150818e-02
3.908507153391838074e-02
3.704463317990303040e-02
1.561386734247207642e-01
3.775913119316101074e-01
-9.419699013233184814e-02
-3.572987765073776245e-02
-7.910904474556446075e-03
1.125929295085370541e-03
2.178180962800979614e-03
2.978068543598055840e-03
9.132032282650470734e-03
2.192354016005992889e-02
5.537667777389287949e-03
1.655115559697151184e-02
1.056211255490779877e-02
5.365715827792882919e-03
8.743613958358764648e-03
7.460005115717649460e-03
-1.291512604802846909e-02
-1.851691864430904388e-02
-3.197982674464583397e-03
-2.444921247661113739e-02
-1.400190498679876328e-02
-6.946359761059284210e-03
1.391583308577537537e-02
1.781422644853591919e-02
5.247380584478378296e-03
-2.623870037496089935e-02
2.122547291219234467e-02
5.290013179183006287e-02
1.149852126836776733e-01
1.081269681453704834e-01
-1.421315670013427734e-01
-1.391727328300476074e-01
-8.071483671665191650e-02
-9.330528229475021362e-02
