-2.218562811613082886e-01
3.180945515632629395e-01
1.473860815167427063e-02
3.471982479095458984e-02
2.726641856133937836e-02
-2.931021898984909058e-02
-4.762317612767219543e-02
-7.956998050212860107e-02
-1.230621710419654846e-01
-2.896832227706909180e-01
7.160784304141998291e-02
-2.322222739458084106e-01
-2.099429666996002197e-01
-1.407449394464492798e-01
7.678976282477378845e-03
8.194491267204284668e-02
8.249641209840774536e-02
-1.225562244653701782e-01
-2.268485426902770996e-01
8.850620985031127930e-01
1.006271783262491226e-02
