4.980551078915596008e-02
4.040778428316116333e-02
-8.819650113582611084e-02
-1.289926022291183472e-01
-3.506326302886009216e-02
6.122994422912597656e-02
1.788024306297302246e-01
5.202212184667587280e-02
5.362416058778762817e-02
2.977059409022331238e-02
7.634661346673965454e-02
-1.385048218071460724e-02
1.305023953318595886e-02
6.877739448100328445e-03
2.484582364559173584e-02
5.355561152100563049e-04
-5.033735651522874832e-03
2.082578465342521667e-02
1.442589331418275833e-02
3.194460878148674965e-03
7.092726416885852814e-03
1.135660987347364426e-02
8.206437341868877411e-03
9.773413650691509247e-03
4.524612333625555038e-03
-8.890627650544047356e-04
4.857083782553672791e-03
8.815146284177899361e-04
-9.081874974071979523e-03
-3.319690003991127014e-02
-8.576586842536926270e-02
2.902436554431915283e-01
1.248848512768745422e-01
2.648863568902015686e-02
2.994687855243682861e-02
3.761936724185943604e-02
3.255379572510719299e-02
2.213315851986408234e-02
2.223208546638488770e-02
1.934034749865531921e-02
1.659062132239341736e-02
4.192436579614877701e-03
-3.326399950310587883e-03
-5.033475812524557114e-03
1.490538124926388264e-03
-9.002477745525538921e-04
1.219305023550987244e-02
1.610824838280677795e-03
4.255901556462049484e-03
1.315778680145740509e-02
8.676080964505672455e-03
2.429220825433731079e-02
-3.198825567960739136e-02
7.255899161100387573e-02
3.462289460003376007e-03
4.882597550749778748e-02
4.466442915145307779e-04
1.417976319789886475e-01
-2.441669106483459473e-01
1.319810450077056885e-01
8.930309116840362549e-02
8.909747004508972168e-02
-1.600901782512664795e-01
-1.314602494239807129e-01
2.552070468664169312e-02
