-3.086340613663196564e-02
1.077758967876434326e-01
-2.458667568862438202e-02
1.471972018480300903e-01
-1.295726299285888672e-01
-1.180228404700756073e-02
-1.000801101326942444e-01
6.865156441926956177e-02
-7.119234651327133179e-02
-1.830192282795906067e-03
-4.091728478670120239e-02
-1.276217773556709290e-02
2.481871098279953003e-02
2.084258012473583221e-03
2.919056918472051620e-03
2.500648982822895050e-02
2.336122840642929077e-02
2.702464815229177475e-03
2.107923617586493492e-03
1.046537538059055805e-03
-7.947595790028572083e-03
-2.346257446333765984e-03
-1.016411278396844864e-02
-7.107948884367942810e-03
-1.342665869742631912e-02
-1.096842810511589050e-02
-2.314344979822635651e-03
2.473723841831088066e-03
1.544437836855649948e-02
3.921197727322578430e-02
9.561610966920852661e-02
-2.561801373958587646e-01
-2.997022271156311035e-01
-4.855250939726829529e-02
-6.330770999193191528e-02
-5.801114439964294434e-02
-5.101196467876434326e-02
-4.274347051978111267e-02
-3.461240977048873901e-02
-2.204342186450958252e-02
-2.060587890446186066e-02
-1.493632327765226364e-02
-1.870271377265453339e-02
-3.019490512087941170e-03
3.225927008315920830e-03
-7.084628101438283920e-03
-3.298548399470746517e-04
1.061954721808433533e-02
2.388241514563560486e-02
1.267002243548631668e-02
-1.668084599077701569e-02
-1.181315444409847260e-02
-9.076503105461597443e-03
-1.173183415085077286e-02
2.462242916226387024e-02
1.620025187730789185e-02
-2.480105683207511902e-02
8.208132535219192505e-02
2.464233636856079102e-01
-1.127673536539077759e-01
-1.703010946512222290e-01
2.768521569669246674e-02
4.668154567480087280e-02
-3.861800953745841980e-02
-1.858124285936355591e-01
