1.289509236812591553e-03
-2.705287479329854250e-04
-9.782369015738368034e-04
4.490820283535867929e-04
-1.056099659763276577e-03
6.939389109611511230e-01
3.685117244720458984e+00
1.036402187310159206e-03
-5.033951019868254662e-04
3.878797288052737713e-04
-1.368225784972310066e-03
-1.772484276443719864e-03
-5.691272672265768051e-04
1.247377251274883747e-03
2.261321060359477997e-03
4.212939646095037460e-03
-1.723039429634809494e-03
9.429237106814980507e-04
-1.451464631827548146e-04
2.287735603749752045e-02
8.600486442446708679e-03
-2.509281411767005920e-02
-1.941730976104736328e-01
-1.421786844730377197e-01
-4.253872036933898926e-01
-1.770702302455902100e-01
-4.242551922798156738e-01
-1.400375068187713623e-01
-1.516702175140380859e-01
-7.847979664802551270e-02
-1.019531935453414917e-01
1.116018220782279968e-01
7.438278943300247192e-02
1.148675233125686646e-01
6.710742413997650146e-02
5.460137128829956055e-02
5.113006918691098690e-04
-8.776748925447463989e-02
2.079630736261606216e-03
-1.005668565630912781e-01
-3.024527430534362793e-01
-1.671696901321411133e-01
-1.528998091816902161e-02
-2.798166275024414062e-01
-2.994850277900695801e-01
-3.488647565245628357e-02
-1.113497558981180191e-02
-1.154885394498705864e-04
1.010336636682040989e-04
1.131083816289901733e-03
2.304379129782319069e-03
5.035352893173694611e-03
3.179768798872828484e-03
-3.654869556427001953e+00
1.395682775182649493e-04
-4.056750774383544922e+00
5.800059880129992962e-04
9.991687256842851639e-04
6.191717111505568027e-04
7.582475664094090462e-04
6.034902180545032024e-04
-3.557603340595960617e-04
-6.275210762396454811e-04
7.516990444855764508e-05
-2.872129917144775391e+00
