1.043148455210030079e-03
2.986213445663452148e+00
3.483357906341552734e+00
8.315223385579884052e-04
-2.473775148391723633e+00
4.381485341582447290e-04
-1.004738383926451206e-03
5.005851853638887405e-04
-7.220143452286720276e-04
-2.460470190271735191e-03
3.107616603374481201e-01
4.300115108489990234e-01
1.819765418767929077e-01
7.713942229747772217e-02
1.212693285197019577e-02
-1.853692829608917236e-01
-7.885099947452545166e-02
-1.579123362898826599e-02
1.740160137414932251e-01
3.494478464126586914e-01
3.567825853824615479e-01
9.178031980991363525e-02
2.774386433884501457e-03
-6.853107362985610962e-02
-3.957632929086685181e-03
-6.391013157553970814e-04
-2.420116943540051579e-04
2.206444501876831055e+00
-5.150264478288590908e-04
3.865620237775146961e-04
-2.002312685362994671e-04
-6.134529248811304569e-04
5.236405413597822189e-04
