3.961248397827148438e+00
-1.335690903943032026e-04
1.853842259151861072e-04
-4.548537544906139374e-04
1.880555500974878669e-04
2.217755420133471489e-03
-9.775771759450435638e-03
-7.739439010620117188e-01
2.622324740514159203e-03
-4.142469167709350586e-01
4.596174359321594238e-01
-1.580061577260494232e-02
-4.442267492413520813e-02
-5.300316810607910156e-01
-8.083775639533996582e-03
-6.263388204388320446e-04
1.678401604294776917e-04
-4.943597316741943359e+00
-6.131583177193533629e-06
7.964335964061319828e-04
3.853086673188954592e-04
