-5.402930764830671251e-05
1.115151098929345608e-03
4.931184812448918819e-04
1.057597692124545574e-04
-2.710476692300289869e-04
-2.984964812640100718e-04
-4.675388045143336058e-04
-5.607138737104833126e-04
-2.471321204211562872e-04
8.856231579557061195e-04
-3.753897617571055889e-04
-2.962326980195939541e-04
-4.001113120466470718e-05
2.377380442339926958e-04
7.236142409965395927e-04
-4.134845803491771221e-04
4.767948703374713659e-04
9.231811272911727428e-04
-1.233016839250922203e-03
-2.047969847917556763e-01
-3.691016137599945068e-02
-2.381322383880615234e-01
-3.987060189247131348e-01
-1.466690748929977417e-01
-2.138334810733795166e-01
-2.456855773925781250e-01
-1.296737641096115112e-01
-2.214118279516696930e-02
1.127458810806274414e-01
-1.681108213961124420e-02
1.171993240714073181e-01
1.686521172523498535e-01
6.877421867102384567e-03
8.367565274238586426e-02
-4.963470250368118286e-02
-9.501271694898605347e-02
-1.492756307125091553e-01
-2.926877737045288086e-01
-1.732925027608871460e-01
-2.489134818315505981e-01
-3.005141913890838623e-01
-3.544031679630279541e-01
-4.323730245232582092e-02
-2.898885011672973633e-01
-1.233043614774942398e-02
-1.580631826072931290e-03
2.443991135805845261e-03
2.987425541505217552e-03
2.992840018123388290e-04
2.844172122422605753e-04
5.948041216470301151e-04
-9.358690585941076279e-04
-1.087971264496445656e-03
-1.251484500244259834e-04
7.299561548279598355e-05
3.146490097045898438e+00
3.169084548950195312e+00
-2.061614359263330698e-04
5.605347156524658203e-01
-1.124724163673818111e-03
1.063955132849514484e-03
-3.129297256469726562e+00
-2.557884931564331055e+00
-6.165506874822312966e-06
7.821306353434920311e-04
