9.346549049951136112e-04
3.899624586105346680e+00
6.164699880173429847e-05
-2.520227280911058187e-04
-2.269706130027770996e-02
5.614330619573593140e-02
7.548424601554870605e-02
9.469159692525863647e-02
1.098334044218063354e-01
3.211755156517028809e-01
-1.077519953250885010e-01
2.805252075195312500e-01
2.219458073377609253e-01
5.905713140964508057e-02
-2.567640133202075958e-02
-4.338716343045234680e-02
-1.065487973392009735e-03
-2.603885484859347343e-03
-2.243667986476793885e-04
1.273434027098119259e-03
4.964439868927001953e+00
