5.488129332661628723e-02
2.225973308086395264e-01
2.034508883953094482e-01
-9.636973589658737183e-02
5.188461393117904663e-02
5.163536593317985535e-02
1.938292942941188812e-02
1.288553886115550995e-02
1.878475653938949108e-03
-1.913792686536908150e-03
-9.575390256941318512e-03
5.028167273849248886e-03
-2.815604209899902344e-02
-2.465141192078590393e-02
-1.116051804274320602e-02
-1.793763041496276855e-02
-1.130486000329256058e-02
-3.777606878429651260e-03
-5.434473045170307159e-03
-5.491633899509906769e-03
-7.796578574925661087e-03
-1.103409100323915482e-03
-8.026013150811195374e-03
-5.571649875491857529e-03
-4.864967777393758297e-04
-9.032184258103370667e-03
-3.200002014636993408e-03
-4.103945102542638779e-03
1.285762526094913483e-03
1.672920398414134979e-02
6.377900391817092896e-02
-2.697911262512207031e-01
-1.648935824632644653e-01
-1.201227214187383652e-02
-2.582927420735359192e-02
-2.578085102140903473e-02
-2.814854681491851807e-02
-2.218634821474552155e-02
-1.666727289557456970e-02
-2.174265496432781219e-02
-1.515929028391838074e-02
-4.334255121648311615e-03
-3.688639728352427483e-03
5.168780218809843063e-03
-3.243735525757074356e-03
1.259639207273721695e-02
1.562137389555573463e-03
1.363115943968296051e-02
-4.538888111710548401e-03
5.263017956167459488e-03
-1.772304251790046692e-02
1.761558279395103455e-02
-1.444643083959817886e-02
-1.307921670377254486e-02
1.014137757010757923e-03
5.894509609788656235e-03
6.418587267398834229e-02
-2.464828314259648323e-03
1.455434709787368774e-01
8.441359549760818481e-02
-2.395060285925865173e-02
4.174521192908287048e-02
3.098124265670776367e-02
-6.709273904561996460e-02
-4.244815185666084290e-02
