-6.490783393383026123e-02
6.794802546501159668e-01
2.420859813690185547e+00
-1.144140362739562988e+00
4.959020018577575684e-01
-1.081082463264465332e+00
-1.915394514799118042e-01
-4.587779939174652100e-01
-2.533163726329803467e-01
-6.826268136501312256e-02
4.503976926207542419e-02
2.177519500255584717e-01
4.589999914169311523e-01
-2.468111962080001831e-01
-1.710508465766906738e-01
-2.121011316776275635e-01
5.160034075379371643e-02
4.961797893047332764e-01
-3.113688528537750244e-01
-1.384860128164291382e-01
1.364135742187500000e-01
