7.004571962170302868e-04
-1.509321969933807850e-03
1.495745527790859342e-04
2.536967222113162279e-04
-7.554290932603180408e-04
-6.818321417085826397e-04
1.820365723688155413e-04
-3.156384045723825693e-04
-3.034412657143548131e-05
-4.058589935302734375e+00
-1.705894246697425842e-04
1.058829875546507537e-04
3.892892360687255859e+00
5.607861094176769257e-04
-5.175625574338482693e-06
-4.364747524261474609e+00
-1.047900412231683731e-03
-5.453551420941948891e-04
2.920229196548461914e+00
-4.744399484479799867e-05
-5.979157285764813423e-04
7.776283309794962406e-04
1.131020486354827881e-03
1.631540479138493538e-03
-2.259042114019393921e-03
-3.034317924175411463e-04
-9.864944731816649437e-04
-3.967128694057464600e-03
-5.197601392865180969e-03
-2.497998531907796860e-03
-1.583420817041769624e-04
3.195209195837378502e-03
5.542292259633541107e-03
2.566215116530656815e-03
-1.279440894722938538e-02
-2.030017040669918060e-02
-9.418552368879318237e-02
1.385151036083698273e-02
3.492329642176628113e-02
3.401895985007286072e-02
3.104442916810512543e-02
1.825535297393798828e-02
2.212626673281192780e-02
2.722042500972747803e-01
3.213348612189292908e-02
4.371362328529357910e-01
1.425973027944564819e-01
2.137268036603927612e-01
2.203163355588912964e-01
2.977108359336853027e-01
3.784754276275634766e-01
1.978381127119064331e-01
1.487267017364501953e-01
3.155892193317413330e-01
1.998556554317474365e-01
1.672924906015396118e-01
1.353703588247299194e-01
1.247324720025062561e-01
7.072988897562026978e-02
9.604891389608383179e-02
6.442357785999774933e-03
-4.808260127902030945e-04
-3.253752365708351135e-02
-2.673575654625892639e-02
-1.165815889835357666e-01
-5.530007556080818176e-02
-9.500192850828170776e-02
-6.933556497097015381e-02
-1.083744689822196960e-01
-3.067107684910297394e-02
-5.294327810406684875e-02
-1.702751405537128448e-02
-3.675263747572898865e-02
1.507777720689773560e-02
1.235987097024917603e-01
-8.014178834855556488e-03
5.269714444875717163e-02
9.673406928777694702e-02
1.523227691650390625e-01
1.528909206390380859e-01
9.508753567934036255e-02
2.515377700328826904e-01
3.904450684785842896e-02
3.400897085666656494e-01
1.925171315670013428e-01
3.066993653774261475e-01
1.129973232746124268e-01
3.307492733001708984e-01
3.366838768124580383e-02
6.127512827515602112e-02
2.585022151470184326e-01
9.818213991820812225e-03
2.066758088767528534e-02
2.830985933542251587e-02
1.217088382691144943e-02
3.525537671521306038e-03
2.320929896086454391e-03
7.844573119655251503e-04
1.602458418346941471e-03
1.561585231684148312e-03
-3.967441734857857227e-04
-3.524933999869972467e-04
3.726760623976588249e-03
5.998673150315880775e-04
-2.197424764744937420e-04
7.223728462122380733e-04
6.051935488358139992e-04
8.830806473270058632e-04
3.782584190368652344e+00
-4.962574457749724388e-04
-2.421702956780791283e-04
-9.436318650841712952e-04
6.572224810952320695e-05
1.922336578369140625e+00
2.046258450718596578e-04
-5.718214670196175575e-04
5.787582631455734372e-05
2.248478558612987399e-04
-9.393888176418840885e-04
3.085979260504245758e-04
-5.145728937350213528e-04
-2.531937207095324993e-05
-2.749301195144653320e+00
-6.756636430509388447e-04
5.911281914450228214e-04
7.026783423498272896e-04
-5.445549031719565392e-04
4.083979583811014891e-04
3.787755012512207031e+00
