-1.775272190570831299e-01
1.949965953826904297e-01
2.912808395922183990e-02
1.159643474966287613e-02
2.235549502074718475e-02
-3.064335510134696960e-02
-2.974518015980720520e-02
-6.948403269052505493e-02
-1.498497724533081055e-01
-3.407731056213378906e-01
9.709997475147247314e-02
-2.792716920375823975e-01
-2.425659149885177612e-01
-1.649962663650512695e-01
-4.183647688478231430e-03
1.093059405684471130e-01
8.913487195968627930e-02
-1.044206544756889343e-01
-6.741254031658172607e-02
4.690912365913391113e-01
1.006271783262491226e-02
