3.320836275815963745e-02
4.016617536544799805e-01
-8.306183218955993652e-01
4.076305925846099854e-01
-4.531543850898742676e-01
-1.805426180362701416e-01
-4.388745725154876709e-01
-2.662667930126190186e-01
2.741870842874050140e-02
-2.216781079769134521e-01
5.849638022482395172e-03
-1.010944247245788574e-01
-1.685401499271392822e-01
1.158477813005447388e-01
-5.922121554613113403e-02
1.372108757495880127e-01
-1.177576780319213867e-01
-2.981648445129394531e-01
-8.654859662055969238e-02
1.180604621767997742e-01
8.252480626106262207e-02
