-6.921348720788955688e-02
5.650938749313354492e-01
2.586115598678588867e+00
-1.270074099302291870e-01
4.282390475273132324e-01
-8.461573719978332520e-01
-4.859587550163269043e-01
-6.603603959083557129e-01
-7.227914333343505859e-01
-4.462428689002990723e-01
-1.607583016157150269e-01
-5.605844855308532715e-01
-2.554127573966979980e-01
-4.306635856628417969e-01
2.283027917146682739e-01
2.162958830595016479e-01
-7.904144376516342163e-02
2.885245680809020996e-01
2.506108395755290985e-02
-9.668079763650894165e-02
8.854379848344251513e-05
