-4.396573081612586975e-02
3.060798943042755127e-01
1.724229812622070312e+00
1.333611011505126953e+00
1.811352610588073730e+00
1.723080515861511230e+00
1.864544153213500977e+00
1.999655127525329590e+00
4.277644753456115723e-01
1.852223753929138184e+00
-5.187357068061828613e-01
1.599214911460876465e+00
-1.000641942024230957e+00
1.175991654396057129e+00
-1.215020537376403809e+00
8.960747718811035156e-01
-9.169312715530395508e-01
8.828946948051452637e-01
-6.512902975082397461e-01
9.569199085235595703e-01
-5.919645428657531738e-01
5.131570696830749512e-01
-5.130041837692260742e-01
6.080844402313232422e-01
-2.884639799594879150e-01
4.974074959754943848e-01
-3.598568439483642578e-01
3.260341882705688477e-01
-4.909489154815673828e-01
4.027634859085083008e-01
-2.637198865413665771e-01
2.274410873651504517e-01
-2.111584991216659546e-01
1.844320893287658691e-01
-7.459028810262680054e-02
3.116906583309173584e-01
-2.803709916770458221e-02
2.009822279214859009e-01
-1.768459826707839966e-01
-1.714635938405990601e-01
-2.479007244110107422e-01
1.720000356435775757e-01
-1.133082732558250427e-01
3.563565015792846680e-01
-1.383804380893707275e-01
-7.000261545181274414e-02
-7.761096954345703125e-02
1.296099126338958740e-01
3.592461720108985901e-02
1.275269985198974609e-01
-1.175237298011779785e-01
3.014286234974861145e-02
-9.770205616950988770e-02
5.887802690267562866e-02
8.122994005680084229e-02
-5.088730901479721069e-02
-4.972872138023376465e-02
1.484456360340118408e-01
3.646444678306579590e-01
-2.443039231002330780e-02
1.577211357653141022e-02
5.225288495421409607e-02
4.631672799587249756e-02
-3.456133231520652771e-02
-2.530715428292751312e-02
