-4.999873042106628418e-02
4.806781113147735596e-01
1.774439811706542969e+00
-3.827469795942306519e-02
7.714813947677612305e-01
-5.828392505645751953e-01
-1.027313768863677979e-01
-4.004184901714324951e-01
-5.999374985694885254e-01
-3.329959213733673096e-01
-1.804716140031814575e-01
-5.644180178642272949e-01
-3.060763776302337646e-01
-4.697683155536651611e-01
1.922798603773117065e-01
1.869587153196334839e-01
-9.320364892482757568e-02
2.780675888061523438e-01
2.606178447604179382e-02
-9.444417804479598999e-02
7.321828510612249374e-03
