8.938999846577644348e-03
1.700474023818969727e-01
7.828180491924285889e-02
1.247280165553092957e-01
-5.971114709973335266e-02
1.042229589074850082e-02
-4.453017900232225657e-04
-2.212044782936573029e-02
3.471736330538988113e-03
6.685300031676888466e-04
1.585113257169723511e-02
3.020563162863254547e-02
2.416047640144824982e-02
9.450467303395271301e-03
-2.586426027119159698e-02
1.866707801818847656e-01
9.358854591846466064e-02
2.180825322866439819e-01
1.505201160907745361e-01
9.209421277046203613e-02
5.158232524991035461e-02
3.317858278751373291e-02
2.034026198089122772e-02
-1.190320588648319244e-02
1.246208325028419495e-02
1.557406736537814140e-03
1.563906669616699219e-01
-1.803959533572196960e-02
-2.783016487956047058e-02
-1.504661291837692261e-01
1.785361766815185547e-01
1.691071391105651855e-01
-1.892396807670593262e-01
