2.134601026773452759e-02
3.960099443793296814e-02
3.299140185117721558e-02
-1.537536680698394775e-01
2.515127649530768394e-03
1.054194420576095581e-01
7.092319428920745850e-02
3.639814257621765137e-02
9.235387295484542847e-02
-2.543214894831180573e-02
7.604643702507019043e-02
-9.148731827735900879e-02
-6.085540726780891418e-02
2.160092350095510483e-03
6.104502826929092407e-02
-5.318322405219078064e-02
1.694528036750853062e-03
4.367011040449142456e-02
2.138369530439376831e-02
2.352245710790157318e-02
-1.488163368776440620e-03
-4.639349877834320068e-03
-6.708289962261915207e-03
1.066146069206297398e-03
-2.222285419702529907e-02
-6.612818222492933273e-03
-6.340550025925040245e-04
1.544025959447026253e-03
2.479057991877198219e-03
1.323058968409895897e-03
6.010275334119796753e-03
-2.768146805465221405e-04
-8.612283505499362946e-03
-5.048822145909070969e-03
-6.724638864398002625e-03
-9.068842045962810516e-04
-4.106319509446620941e-03
6.191572756506502628e-04
2.601900196168571711e-04
1.292876782827079296e-03
4.584094509482383728e-03
3.544061910361051559e-03
4.280511289834976196e-03
-2.004289301112294197e-03
5.724651739001274109e-03
4.979067016392946243e-03
2.399862511083483696e-03
8.616564795374870300e-03
4.953409545123577118e-03
7.689513731747865677e-03
5.021364428102970123e-03
7.255081087350845337e-03
9.063510224223136902e-03
6.600352935492992401e-03
9.071996435523033142e-03
1.158413104712963104e-02
1.238780748099088669e-02
1.283543743193149567e-02
1.306881569325923920e-02
5.936603061854839325e-03
-3.900042502209544182e-04
-1.767804101109504700e-02
-6.059775501489639282e-02
3.601983189582824707e-01
3.919036090373992920e-01
-1.425863355398178101e-01
-6.878309696912765503e-02
-2.641320601105690002e-02
-9.778911247849464417e-03
-1.192123536020517349e-02
-2.038731705397367477e-03
3.657668130472302437e-03
1.107497606426477432e-03
5.540762562304735184e-03
7.434830768033862114e-04
8.677039295434951782e-04
2.661342732608318329e-03
3.616539528593420982e-03
7.809718605130910873e-03
6.411268375813961029e-03
1.514829928055405617e-04
1.450018142350018024e-03
4.234067630022764206e-03
2.498194109648466110e-03
8.823115378618240356e-03
8.146398700773715973e-03
-5.940535920672118664e-04
1.096665742807090282e-03
3.968687262386083603e-03
3.360197180882096291e-03
3.144783433526754379e-03
1.952659571543335915e-03
3.062188159674406052e-03
-5.907453130930662155e-03
-7.634006906300783157e-03
9.709644131362438202e-03
1.247016596607863903e-03
6.329855532385408878e-04
-7.777330465614795685e-03
8.525921963155269623e-03
-1.181220635771751404e-03
-1.353518199175596237e-02
-1.300341449677944183e-02
1.977998204529285431e-02
3.654796397313475609e-03
-7.670070510357618332e-03
-2.744724787771701813e-02
1.365572959184646606e-02
1.726719364523887634e-02
-3.871487826108932495e-02
7.853116095066070557e-02
5.726354662328958511e-03
4.092856496572494507e-02
4.035023972392082214e-02
1.522452533245086670e-01
-7.296287920325994492e-03
-1.091386470943689346e-02
8.287504315376281738e-03
-1.092069894075393677e-01
-8.413827978074550629e-03
-3.520101308822631836e-02
8.972008526325225830e-02
-2.827306278049945831e-02
7.085795700550079346e-02
-6.311594974249601364e-03
-3.544171154499053955e-02
-1.591026932001113892e-01
2.494818419218063354e-01
-2.072969824075698853e-02
