-1.177814192487858236e-04
1.143726985901594162e-03
-2.985940955113619566e-04
5.433379650115966797e+00
-9.430201607756316662e-04
-4.635167598724365234e+00
-8.292839629575610161e-04
-2.513346727937459946e-03
-1.393851591274142265e-03
6.237862980924546719e-04
-2.591638767626136541e-04
1.718364804983139038e-01
4.946435093879699707e-01
1.680027693510055542e-01
7.372536510229110718e-02
1.776078641414642334e-01
-2.384473681449890137e-01
-1.055287867784500122e-01
3.602293506264686584e-02
-1.135787577368319035e-03
3.018032908439636230e-01
1.670175939798355103e-01
2.964925169944763184e-01
8.894711732864379883e-01
9.428190969629213214e-05
-1.254632836207747459e-03
-8.789576240815222263e-04
-6.184620724525302649e-05
1.106957090087234974e-03
1.208869623951613903e-03
-5.842266837134957314e-04
-5.735503509640693665e-04
5.792226875200867653e-04
