8.477433002553880215e-04
8.295375704765319824e-01
7.994611263275146484e-01
5.645207129418849945e-04
-8.622845411300659180e-01
-8.201125310733914375e-04
6.583014130592346191e-01
-2.996552793774753809e-04
2.487485529854893684e-03
2.108117341995239258e-01
2.071551829576492310e-01
3.229241073131561279e-01
1.985719949007034302e-01
6.707704812288284302e-02
-5.062794685363769531e-02
-2.270625233650207520e-01
-1.883596926927566528e-02
-2.204305492341518402e-02
1.713273227214813232e-01
3.324369490146636963e-01
2.629438638687133789e-01
2.054654657840728760e-01
-2.843183232471346855e-03
-5.950102806091308594e-01
4.618908464908599854e-01
1.310854102484881878e-03
1.476496341638267040e-03
8.907289505004882812e-01
3.443923487793654203e-04
-4.701815545558929443e-01
-6.206582766026258469e-04
1.007431186735630035e-03
9.814036311581730843e-04
