2.129676192998886108e-02
1.444525569677352905e-01
6.298887729644775391e-02
1.162243410944938660e-01
-1.778215020895004272e-01
-2.453475892543792725e-01
-5.087696947157382965e-03
-1.617361754179000854e-01
-1.473494432866573334e-02
-4.731853306293487549e-02
-3.258540481328964233e-02
2.311942912638187408e-02
-8.117406629025936127e-03
1.183069031685590744e-02
-1.279766764491796494e-02
2.326188795268535614e-02
1.309264730662107468e-02
-1.273470837622880936e-02
5.086190532892942429e-03
1.167333312332630157e-02
-3.725660732015967369e-03
1.098616048693656921e-02
-4.051733296364545822e-03
2.944917185232043266e-03
-3.479318111203610897e-04
1.164575479924678802e-02
-2.963576000183820724e-03
7.087407633662223816e-03
7.061518728733062744e-03
-4.035645630210638046e-03
-2.119288546964526176e-03
7.415119907818734646e-04
3.081082366406917572e-03
-1.049409271217882633e-03
4.747586790472269058e-03
1.794395153410732746e-03
-7.247974281199276447e-04
-5.174423102289438248e-03
6.932427641004323959e-04
-5.920204333961009979e-03
-2.245541429147124290e-03
-3.178151324391365051e-03
-8.196513517759740353e-04
-2.964334271382540464e-04
-1.669223420321941376e-03
-2.225883537903428078e-03
-3.241263562813401222e-03
-1.697979983873665333e-03
-2.015132689848542213e-03
-4.083751235157251358e-03
-4.013822879642248154e-03
1.709780888631939888e-03
-5.329966661520302296e-04
-6.597593892365694046e-04
-1.094032893888652325e-03
2.099472563713788986e-03
1.571770408190786839e-03
4.224177449941635132e-03
6.462391000241041183e-03
8.976656943559646606e-03
2.107164449989795685e-02
3.266366198658943176e-02
9.535873681306838989e-02
-2.720262706279754639e-01
-1.653250306844711304e-01
2.969121187925338745e-02
1.075028069317340851e-02
-6.346227135509252548e-03
-6.379162427037954330e-03
-5.275259725749492645e-03
-8.163575083017349243e-03
-7.104792632162570953e-03
-5.126926582306623459e-03
-5.629766732454299927e-03
-6.171357817947864532e-03
-6.290604826062917709e-03
-8.201201446354389191e-03
-5.967812612652778625e-03
-5.487601272761821747e-03
-2.798208035528659821e-03
-3.921042196452617645e-03
-2.965193474665284157e-03
-2.883352106437087059e-03
-2.683680504560470581e-03
-2.484614262357354164e-03
-5.935507215326651931e-05
-4.269053693860769272e-03
3.263633232563734055e-03
-1.710750861093401909e-03
-3.774496726691722870e-04
-3.002947487402707338e-04
6.038386374711990356e-03
1.998425228521227837e-03
2.820670837536454201e-03
-4.004613962024450302e-03
3.168031340464949608e-03
-3.649378195405006409e-03
1.666700933128595352e-03
-3.872151253744959831e-03
-5.514669232070446014e-03
-5.372333340346813202e-03
2.079199301078915596e-03
2.434356603771448135e-03
5.190331139601767063e-04
2.771920058876276016e-03
1.304220780730247498e-02
8.538578636944293976e-03
3.958713496103882790e-04
-1.726937294006347656e-02
1.150399353355169296e-02
4.091067239642143250e-03
-4.496063105762004852e-03
-8.346275426447391510e-03
-3.490600502118468285e-03
-2.006648480892181396e-02
6.832237821072340012e-03
-5.319733172655105591e-02
-6.135242432355880737e-02
-2.071117050945758820e-02
1.259797718375921249e-02
7.691761944442987442e-03
-8.121550083160400391e-02
1.158760264515876770e-01
-9.647040814161300659e-02
1.816148497164249420e-02
-7.660843431949615479e-02
-2.645017206668853760e-02
-3.213663026690483093e-02
-1.883224844932556152e-01
