5.911716446280479431e-02
5.644145607948303223e-01
-1.733927130699157715e+00
4.030762314796447754e-01
-1.551568388938903809e+00
1.084750533103942871e+00
-1.216836690902709961e+00
1.353356480598449707e+00
-6.491104364395141602e-01
1.308956027030944824e+00
-5.808232426643371582e-01
1.343758106231689453e+00
-4.101091921329498291e-01
8.341364264488220215e-01
-4.684025347232818604e-01
5.156456232070922852e-01
-3.415227532386779785e-01
3.527426123619079590e-01
-1.183875873684883118e-01
1.444482654333114624e-01
-2.887644469738006592e-01
-5.847254395484924316e-02
-3.125381171703338623e-01
-1.574265360832214355e-01
-2.756374478340148926e-01
-5.490267649292945862e-02
-1.775040924549102783e-01
-7.675719261169433594e-02
-1.498581171035766602e-01
-9.648098796606063843e-02
7.616485003381967545e-03
2.191204428672790527e-01
-1.169010177254676819e-01
3.558796644210815430e-02
2.599036395549774170e-01
-1.156955063343048096e-01
2.925585508346557617e-01
-1.644797623157501221e-01
-4.350636620074510574e-03
7.605132460594177246e-02
-1.506144404411315918e-01
1.027554646134376526e-01
-1.015906557440757751e-01
-4.679434001445770264e-02
-1.656004041433334351e-01
-7.818894088268280029e-02
-6.948983296751976013e-03
-1.517468690872192383e-01
2.245604246854782104e-02
-1.392002031207084656e-02
1.047497894614934921e-02
-2.693987078964710236e-02
-2.744476199150085449e-01
-6.567980349063873291e-02
-8.352221548557281494e-02
-4.149869456887245178e-02
-1.361639797687530518e-01
-8.107660710811614990e-02
-1.917628794908523560e-01
-2.352016232907772064e-02
-7.944752275943756104e-02
-7.149217277765274048e-02
7.982905209064483643e-02
-1.028288751840591431e-01
9.923040121793746948e-02
