5.026732687838375568e-04
5.284210681915283203e+00
-3.620237112045288086e-04
-9.635557944420725107e-05
-1.962102716788649559e-03
1.274827867746353149e-03
8.478250354528427124e-03
2.845793068408966064e-01
5.873467922210693359e-01
-1.027450989931821823e-02
-2.646845579147338867e-01
1.819055527448654175e-03
2.412995137274265289e-02
8.986486494541168213e-02
1.163856744766235352e+00
-9.331170469522476196e-03
1.623506424948573112e-03
-2.652515411376953125e+00
-9.966978104785084724e-04
-1.796953874872997403e-04
1.964415241673123091e-05
