4.210672155022621155e-02
4.321463406085968018e-01
1.230219975113868713e-01
-6.916867196559906006e-02
-1.551658213138580322e-01
-8.665592968463897705e-02
-7.151456084102392197e-03
1.315707433968782425e-02
-3.552255406975746155e-02
1.990889944136142731e-02
1.427338644862174988e-02
3.073335811495780945e-02
2.734274975955486298e-02
2.341783978044986725e-02
8.668503724038600922e-04
2.705602943897247314e-01
5.307142436504364014e-02
1.664097011089324951e-01
1.225480437278747559e-01
9.505484998226165771e-02
4.716202989220619202e-02
1.889805123209953308e-02
6.158192991279065609e-04
-1.866490952670574188e-02
-2.460257895290851593e-02
-7.685571163892745972e-02
-1.797737739980220795e-02
5.552232265472412109e-03
-1.024482175707817078e-01
3.152028471231460571e-02
-9.835666418075561523e-02
1.158862709999084473e-01
-2.975942492485046387e-01
