7.702364027500152588e-02
3.855547308921813965e-02
2.324980944395065308e-01
5.400516465306282043e-02
-5.047836899757385254e-02
-5.084577947854995728e-02
-1.106884214095771313e-03
1.420383714139461517e-02
-1.359249348752200603e-03
2.591666067019104958e-03
-2.160217054188251495e-02
-3.043797798454761505e-02
-6.914263963699340820e-02
-1.071919873356819153e-01
-1.632877737283706665e-01
-2.994826994836330414e-02
-2.030522972345352173e-01
-1.804672414436936378e-03
-1.625237800180912018e-02
-1.752289384603500366e-02
-2.568770013749599457e-02
-2.596274018287658691e-02
-3.128587827086448669e-02
-6.384269893169403076e-02
-1.422795932739973068e-02
3.147913515567779541e-02
-1.553483400493860245e-02
1.202672868967056274e-01
-5.594024062156677246e-02
1.237836033105850220e-01
5.068289488554000854e-02
-5.158606544137001038e-02
1.750445663928985596e-01
