-3.487056195735931396e-01
7.151560187339782715e-01
5.558485984802246094e+00
6.461739540100097656e+00
7.250559329986572266e+00
7.112793922424316406e+00
7.475876808166503906e+00
6.759228229522705078e+00
5.834170818328857422e+00
5.535046577453613281e+00
1.593681335449218750e+00
3.946538686752319336e+00
-2.526927292346954346e-01
2.792989015579223633e+00
-3.144829273223876953e-01
2.277054309844970703e+00
3.202924132347106934e-01
1.734103441238403320e+00
1.010437369346618652e+00
1.470365047454833984e+00
1.124400377273559570e+00
1.113803148269653320e+00
1.369638323783874512e+00
1.041029930114746094e+00
1.307512998580932617e+00
9.575053453445434570e-01
1.211342215538024902e+00
8.234408497810363770e-01
1.223457336425781250e+00
5.457295775413513184e-01
1.118297934532165527e+00
7.479175925254821777e-01
1.063475608825683594e+00
6.374894380569458008e-01
9.368940591812133789e-01
5.851379036903381348e-01
9.332103729248046875e-01
5.913247466087341309e-01
7.939356565475463867e-01
8.688771724700927734e-01
7.412449121475219727e-01
6.380832791328430176e-01
7.111611962318420410e-01
6.559148430824279785e-01
7.504909634590148926e-01
4.218842685222625732e-01
5.290479063987731934e-01
6.767046451568603516e-01
7.131804823875427246e-01
6.647181510925292969e-01
6.991468667984008789e-01
3.904767334461212158e-01
7.539874315261840820e-01
4.712588787078857422e-01
6.114062070846557617e-01
6.714324355125427246e-01
5.943668484687805176e-01
4.470970332622528076e-01
5.352329015731811523e-01
4.934184253215789795e-01
6.572345495223999023e-01
5.450909733772277832e-01
5.545149445533752441e-01
5.964421033859252930e-01
6.523438096046447754e-01
6.018458008766174316e-01
6.217237114906311035e-01
5.538999438285827637e-01
6.483809351921081543e-01
5.084864497184753418e-01
5.768256187438964844e-01
5.380764603614807129e-01
6.054261922836303711e-01
6.103370785713195801e-01
6.218339204788208008e-01
6.942275166511535645e-01
5.143369436264038086e-01
5.464776158332824707e-01
4.835633933544158936e-01
5.550420880317687988e-01
5.360277295112609863e-01
3.651866018772125244e-01
5.676015615463256836e-01
5.423483252525329590e-01
6.371231079101562500e-01
5.386165380477905273e-01
4.986309707164764404e-01
1.355184614658355713e-01
3.239671513438224792e-02
-2.425570227205753326e-02
1.018760502338409424e-01
-1.758907921612262726e-02
1.993854939937591553e-01
-4.270275682210922241e-02
-5.861297249794006348e-02
3.294878872111439705e-03
1.958512812852859497e-01
-1.079130172729492188e-02
7.861734926700592041e-02
-1.406525373458862305e-01
1.519878804683685303e-01
2.686765603721141815e-02
-4.041361436247825623e-02
-3.147342428565025330e-02
-4.484755545854568481e-02
1.101642474532127380e-01
1.798784434795379639e-01
-9.344451129436492920e-02
-3.114095143973827362e-02
1.236793473362922668e-01
-2.987528406083583832e-02
1.102005690336227417e-02
1.124000623822212219e-01
7.856171578168869019e-03
1.002086512744426727e-02
5.137367919087409973e-02
-5.154780671000480652e-02
1.070866286754608154e-01
7.835503667593002319e-02
-9.347949922084808350e-02
4.624123126268386841e-02
-8.076114207506179810e-02
-1.979670720174908638e-03
2.121469471603631973e-03
7.711172848939895630e-02
-1.431096941232681274e-01
-2.019338905811309814e-01
8.240173337981104851e-04
1.813881448470056057e-03
