-6.237477436661720276e-02
1.955614089965820312e-01
2.298968553543090820e+00
2.987332820892333984e+00
4.181277751922607422e+00
3.617699146270751953e+00
4.593251228332519531e+00
3.468767404556274414e+00
3.934816598892211914e+00
2.609885931015014648e+00
2.597851991653442383e+00
1.450356602668762207e+00
6.384377479553222656e-01
7.380476593971252441e-01
-7.344665527343750000e-01
4.384152293205261230e-01
-1.449636697769165039e+00
5.439804196357727051e-01
-1.146953105926513672e+00
3.220868408679962158e-01
-8.757359385490417480e-01
3.268738985061645508e-01
-7.634282112121582031e-01
4.529677331447601318e-01
-6.239141821861267090e-01
2.659991979598999023e-01
-1.232732310891151428e-01
3.935661911964416504e-01
-3.346408605575561523e-01
8.142609149217605591e-02
1.497824192047119141e-01
4.940303787589073181e-02
-1.440142653882503510e-02
2.534864544868469238e-01
-7.531565427780151367e-02
3.286014869809150696e-02
-1.083874925971031189e-01
1.154669895768165588e-01
1.556049101054668427e-03
1.656055748462677002e-01
3.257611095905303955e-01
-5.555983632802963257e-02
2.181302458047866821e-01
-3.588879108428955078e-02
-1.963566616177558899e-02
2.507148087024688721e-01
9.559686481952667236e-02
1.341952979564666748e-01
-7.762468606233596802e-02
-4.170484095811843872e-02
-9.497458487749099731e-02
-9.766852855682373047e-02
-1.270017120987176895e-02
1.200470924377441406e-01
1.349761635065078735e-01
1.352636236697435379e-02
1.273458003997802734e-01
2.466942667961120605e-01
1.443434506654739380e-01
2.029416710138320923e-01
2.238089293241500854e-01
-1.060046106576919556e-01
-6.003797799348831177e-02
-1.648735255002975464e-02
-1.597524620592594147e-02
