3.996870946139097214e-04
4.102056980133056641e+00
1.940726069733500481e-03
-2.471449784934520721e-03
-2.517095953226089478e-02
4.573149606585502625e-02
6.458759307861328125e-02
1.023250147700309753e-01
8.548320829868316650e-02
3.007290363311767578e-01
-9.520357102155685425e-02
2.662484049797058105e-01
2.022976130247116089e-01
5.396963655948638916e-02
-1.590284705162048340e-02
-1.849846914410591125e-02
-5.092134699225425720e-03
5.695858853869140148e-04
-7.073946762830018997e-04
9.340256801806390285e-04
5.668672561645507812e+00
