1.200117096304893494e-01
-3.195628821849822998e-01
-1.789001673460006714e-01
-2.418939024209976196e-02
-3.491097316145896912e-02
-4.112213850021362305e-02
-2.884503267705440521e-02
-1.817822642624378204e-02
-2.069863677024841309e-02
-2.598145045340061188e-02
-2.581801079213619232e-02
-3.017202392220497131e-02
-2.156385406851768494e-02
-1.456913910806179047e-02
4.476572386920452118e-03
-1.831590086221694946e-01
-5.646789912134408951e-03
-1.156943738460540771e-01
-9.380976110696792603e-02
-6.880742311477661133e-02
-4.542769864201545715e-02
-8.530892431735992432e-03
1.103464420884847641e-02
1.699638552963733673e-02
4.398735181894153357e-04
-2.783544361591339111e-02
-6.449124217033386230e-02
-1.404084730893373489e-03
-1.015628427267074585e-01
-4.135707020759582520e-02
-2.239208519458770752e-01
9.525577723979949951e-02
2.091592699289321899e-01
