7.747568888589739799e-04
-8.464514976367354393e-04
3.191585128661245108e-04
4.597377264872193336e-04
-2.334810415050014853e-04
-8.456226350972428918e-05
-2.788585424423217773e-01
-2.534745037555694580e-01
-1.812010258436203003e-01
6.166709586977958679e-02
3.720354437828063965e-01
-2.589735090732574463e-01
-2.614721357822418213e-01
-5.985010862350463867e-01
1.956201344728469849e-01
2.636777935549616814e-03
4.347285255789756775e-03
8.356411126442253590e-04
4.602038534358143806e-04
-5.834610939025878906e+00
1.161243766546249390e-03
