-5.227219662629067898e-04
5.394928455352783203e-01
4.694507718086242676e-01
6.190261337906122208e-04
-6.206064224243164062e-01
-4.613807499408721924e-01
-3.285982012748718262e-01
-1.548053324222564697e-01
-4.025250375270843506e-01
-8.870201557874679565e-02
3.425076603889465332e-03
5.571991205215454102e-01
-4.886401593685150146e-01
-1.012882068753242493e-01
-4.165377616882324219e-01
-9.230918949469923973e-04
-1.747202244587242603e-03
-3.446741611696779728e-04
7.916433811187744141e-01
-1.237173128174617887e-04
7.936301408335566521e-04
