-5.990394204854965210e-02
-4.599163532257080078e-01
2.096559286117553711e+00
-4.835390746593475342e-01
2.041090965270996094e+00
-4.481118023395538330e-01
1.825872182846069336e+00
-4.943738579750061035e-01
9.214813709259033203e-01
-4.624631404876708984e-01
-2.702990174293518066e-01
-3.180640637874603271e-01
-4.912634193897247314e-01
-1.276198029518127441e-01
-1.056444883346557617e+00
-1.742676049470901489e-01
-1.097345829010009766e+00
-6.170802190899848938e-02
-7.963249683380126953e-01
-3.331624343991279602e-02
-5.163398981094360352e-01
-2.163704484701156616e-01
1.506420597434043884e-02
-7.096529752016067505e-02
1.830629110336303711e-01
1.469574868679046631e-01
1.673225760459899902e-01
4.286134615540504456e-03
1.390185952186584473e-01
-8.031401783227920532e-02
1.049248874187469482e-01
3.814882040023803711e-02
-6.916124373674392700e-02
