6.196853145956993103e-02
5.761147290468215942e-02
7.549089938402175903e-02
-6.676218658685684204e-02
1.212109848856925964e-01
-2.697121724486351013e-02
1.293840408325195312e-01
5.021047964692115784e-02
-1.472407951951026917e-02
-5.941812414675951004e-03
4.725231789052486420e-03
2.396422903984785080e-03
8.222975768148899078e-03
1.251588575541973114e-02
-4.665698506869375706e-04
1.226205844432115555e-02
-6.468498148024082184e-03
1.934664440341293812e-03
-2.541415393352508545e-03
3.739628707990050316e-03
2.103432962030638009e-05
4.676272161304950714e-03
6.305057555437088013e-03
1.204079948365688324e-02
8.991518989205360413e-03
1.676890626549720764e-02
1.596836559474468231e-02
1.951265707612037659e-02
2.250871248543262482e-02
2.258210815489292145e-02
1.846929080784320831e-02
6.085271015763282776e-02
1.957950890064239502e-01
-5.529409646987915039e-02
-1.542196515947580338e-02
-3.471918869763612747e-03
3.243584651499986649e-03
3.347417805343866348e-03
9.510017000138759613e-03
9.559690952301025391e-03
4.608859773725271225e-03
1.221127063035964966e-02
5.791231989860534668e-03
8.818688802421092987e-03
3.246590786147862673e-04
2.986758481711149216e-03
5.561180296353995800e-05
-1.041457988321781158e-03
-3.534369170665740967e-03
-7.682219147682189941e-03
-1.507985778152942657e-02
6.562217138707637787e-03
1.591782644391059875e-02
-2.517392672598361969e-02
-1.918010041117668152e-02
-5.076739005744457245e-03
-5.809228867292404175e-03
-4.991205409169197083e-02
3.367378935217857361e-02
1.755221374332904816e-02
-1.111197024583816528e-01
5.497369542717933655e-02
-1.993979364633560181e-01
3.558341786265373230e-02
1.407234091311693192e-02
