9.524269402027130127e-02
4.976887628436088562e-02
-5.886388942599296570e-02
1.859821379184722900e-01
1.974442750215530396e-01
3.055667132139205933e-02
-1.635979115962982178e-01
5.636394768953323364e-02
1.952601037919521332e-02
-2.488182112574577332e-02
-4.461374133825302124e-02
2.953406795859336853e-02
5.669818725436925888e-03
-1.685469178482890129e-03
-2.617276739329099655e-03
1.724145142361521721e-03
7.454568520188331604e-03
5.592722911387681961e-03
3.078524488955736160e-03
4.431131295859813690e-03
1.182673871517181396e-02
4.706982057541608810e-03
8.978281170129776001e-03
4.406990949064493179e-03
8.180544711649417877e-03
2.435284433886408806e-03
9.586790692992508411e-04
4.063544794917106628e-03
-6.237885449081659317e-03
-1.509342435747385025e-02
-4.527343437075614929e-02
2.042421847581863403e-01
7.228901982307434082e-02
2.021711878478527069e-02
2.288332954049110413e-02
2.193469367921352386e-02
2.023321762681007385e-02
1.818870194256305695e-02
1.433005742728710175e-02
1.158325560390949249e-02
8.015816099941730499e-03
1.182269956916570663e-02
1.093834452331066132e-02
2.787214703857898712e-03
7.449741242453455925e-04
-1.741297892294824123e-03
-2.987514948472380638e-03
-5.796493031084537506e-03
-5.055812187492847443e-03
-2.882963046431541443e-02
-2.417374029755592346e-02
-1.550643611699342728e-02
4.111599642783403397e-03
-2.445651218295097351e-02
1.643861271440982819e-02
-3.894872590899467468e-02
-3.359416034072637558e-03
7.517801970243453979e-02
3.718142509460449219e-01
-1.170553714036941528e-01
1.816017925739288330e-02
2.481680661439895630e-01
-3.793483227491378784e-02
-1.314558181911706924e-02
-6.653031334280967712e-03
