-7.757816347293555737e-04
4.306638836860656738e-01
4.499472975730895996e-01
4.257061183452606201e-01
-5.907746553421020508e-01
7.951008155941963196e-04
-4.244215190410614014e-01
4.308653473854064941e-01
1.110904850065708160e-03
-4.364198446273803711e-01
-4.464132143766619265e-05
-4.610280394554138184e-01
4.315900504589080811e-01
5.311240553855895996e-01
-4.339361488819122314e-01
-4.293424487113952637e-01
5.964078307151794434e-01
4.851223493460565805e-04
5.421348214149475098e-01
-4.238113462924957275e-01
4.282420873641967773e-01
-1.063607283867895603e-03
-4.692661166191101074e-01
4.246380627155303955e-01
-4.218830144964158535e-04
-4.509643614292144775e-01
-4.307034015655517578e-01
4.832164645195007324e-01
5.186680555343627930e-01
-9.917241986840963364e-04
4.156451523303985596e-01
3.742618262767791748e-01
-4.315980970859527588e-01
1.825504302978515625e-01
6.491891108453273773e-04
-1.485602697357535362e-03
-2.838491462171077728e-02
-8.721947669982910156e-02
-7.907805964350700378e-03
-1.239382661879062653e-02
-9.875804185867309570e-02
-1.552714109420776367e-01
5.461920518428087234e-03
-1.571073532104492188e-01
-1.531323194503784180e-01
-2.495370060205459595e-01
-9.522722661495208740e-02
-1.305915713310241699e-01
-6.862951070070266724e-02
-1.595943421125411987e-01
-8.299230039119720459e-02
-2.824861407279968262e-01
3.128793090581893921e-02
-3.114289231598377228e-02
-5.409614741802215576e-02
-7.633739616721868515e-03
9.784615831449627876e-04
5.384619813412427902e-03
1.128198578953742981e-01
1.404258608818054199e-02
1.110375151038169861e-01
4.321568831801414490e-02
1.447498798370361328e-01
5.315373092889785767e-02
1.148699522018432617e-01
2.843204140663146973e-02
3.746383264660835266e-02
4.266040399670600891e-03
-2.700063632801175117e-03
-1.597757190465927124e-01
-2.771348319947719574e-02
-1.486294865608215332e-01
-9.980425238609313965e-02
-2.645035982131958008e-01
-1.090868785977363586e-01
-2.766786813735961914e-01
-2.699855566024780273e-01
-1.668034642934799194e-01
-2.354924231767654419e-01
-3.094589114189147949e-01
-2.112214118242263794e-01
-1.832281649112701416e-01
-2.176717817783355713e-01
-2.664963006973266602e-01
-2.538671493530273438e-01
-3.749123811721801758e-01
-1.629245877265930176e-01
-1.248388364911079407e-01
-9.978444874286651611e-02
-6.420363485813140869e-02
-1.115698590874671936e-01
-4.915994126349687576e-03
-3.801314625889062881e-03
8.566192537546157837e-02
-1.111724064685404301e-03
-1.814234419725835323e-03
-5.625893245451152325e-04
-3.857197463512420654e-01
3.283385653048753738e-03
-4.154717624187469482e-01
-4.343613386154174805e-01
5.710092186927795410e-01
1.135799218900501728e-03
4.370399117469787598e-01
-4.333743155002593994e-01
-4.746529757976531982e-01
4.429701566696166992e-01
4.244552254676818848e-01
-5.906915664672851562e-01
4.416651427745819092e-01
4.582842290401458740e-01
4.241464734077453613e-01
-1.219773781485855579e-03
4.842841008212417364e-04
4.701999723911285400e-01
-4.270292818546295166e-01
-5.770645737648010254e-01
-4.316215813159942627e-01
-4.320328533649444580e-01
4.453582763671875000e-01
-4.424160122871398926e-01
4.264450669288635254e-01
4.595373570919036865e-01
-5.140493512153625488e-01
4.245470762252807617e-01
-4.545967578887939453e-01
4.245181679725646973e-01
-1.128113595768809319e-03
4.307062923908233643e-01
