9.524269402027130127e-02
4.976887628436088562e-02
-5.886388942599296570e-02
1.859821379184722900e-01
1.722270846366882324e-01
5.579653754830360413e-02
-1.611661016941070557e-01
5.854139477014541626e-02
3.709803149104118347e-02
-9.972063824534416199e-03
-2.835462428629398346e-02
1.949283294379711151e-02
-4.328955896198749542e-03
-4.876327235251665115e-03
-4.614475183188915253e-03
-5.194937344640493393e-03
3.687691874802112579e-03
1.967070056707598269e-05
5.112851038575172424e-03
3.876313567161560059e-03
4.330108407884836197e-03
7.296644616872072220e-03
6.246825680136680603e-03
7.546030916273593903e-03
8.795952424407005310e-03
4.146717023104429245e-03
1.097252126783132553e-03
5.700427573174238205e-04
-5.763323977589607239e-03
-1.779378391802310944e-02
-5.858085677027702332e-02
2.437168061733245850e-01
8.588910847902297974e-02
1.745504140853881836e-02
3.044944629073143005e-02
2.999547310173511505e-02
2.629775740206241608e-02
1.923489384353160858e-02
1.609780825674533844e-02
1.161915808916091919e-02
1.001707743853330612e-02
1.120123546570539474e-02
1.297020725905895233e-02
6.047911010682582855e-03
2.736079739406704903e-03
-5.643896292895078659e-03
-3.866449464112520218e-03
-7.228347938507795334e-03
-2.067102305591106415e-02
-2.208016067743301392e-02
-1.201060507446527481e-02
-1.590304635465145111e-02
-2.465681638568639755e-03
-4.694727063179016113e-02
1.334798149764537811e-02
-3.223111853003501892e-02
1.142214890569448471e-02
5.084282532334327698e-02
2.713669538497924805e-01
-1.170553714036941528e-01
1.816017925739288330e-02
2.481680661439895630e-01
-3.793483227491378784e-02
-1.314558181911706924e-02
-6.653031334280967712e-03
