-6.529420614242553711e-02
2.807959616184234619e-01
2.090327262878417969e+00
1.750692367553710938e+00
2.701073646545410156e+00
2.279609918594360352e+00
2.660511732101440430e+00
2.530361890792846680e+00
2.350759983062744141e+00
2.229608297348022461e+00
1.657916665077209473e+00
2.230516672134399414e+00
9.147961735725402832e-01
2.170760869979858398e+00
8.369793742895126343e-02
1.740398049354553223e+00
-1.321897208690643311e-01
1.462639331817626953e+00
-3.041610121726989746e-01
1.039925456047058105e+00
-3.143087029457092285e-01
8.992679715156555176e-01
-5.190331935882568359e-01
8.064218163490295410e-01
-4.592338800430297852e-01
4.427304863929748535e-01
-5.969520807266235352e-01
5.448469519615173340e-01
-2.429211884737014771e-01
4.310657680034637451e-01
-3.327798843383789062e-01
5.222729444503784180e-01
-4.990304410457611084e-01
4.461934268474578857e-01
-4.029330611228942871e-01
4.163183271884918213e-01
-3.791480362415313721e-01
3.067223131656646729e-01
-3.392965793609619141e-01
3.383780419826507568e-01
-3.958377242088317871e-01
2.773087322711944580e-01
-2.612445056438446045e-01
2.680166363716125488e-01
-4.200720787048339844e-01
2.103702723979949951e-01
-2.989026606082916260e-01
3.614802956581115723e-01
-2.422681897878646851e-01
2.915530800819396973e-01
-3.765468299388885498e-01
2.285335958003997803e-02
-3.293505907058715820e-01
2.432339787483215332e-01
-4.088182449340820312e-01
2.609322965145111084e-01
-3.373532593250274658e-01
2.945198714733123779e-01
-2.538284659385681152e-01
1.795729249715805054e-01
-3.806877434253692627e-01
1.883640736341476440e-01
-2.527806758880615234e-01
2.969355583190917969e-01
-2.599338293075561523e-01
2.197266966104507446e-01
-3.996912837028503418e-01
1.581837385892868042e-01
-3.963259756565093994e-01
1.356720924377441406e-01
-2.287959009408950806e-01
2.967509925365447998e-01
-2.335461229085922241e-01
1.737774312496185303e-01
-2.770961821079254150e-01
1.168966367840766907e-01
-4.899322092533111572e-01
1.980053335428237915e-01
-3.849405050277709961e-01
1.730966866016387939e-01
-2.966669201850891113e-01
2.893674671649932861e-01
-3.332920670509338379e-01
1.702951788902282715e-01
-4.154193401336669922e-01
6.610409170389175415e-02
-3.342715203762054443e-01
2.472498416900634766e-01
-3.293923139572143555e-01
2.326025217771530151e-01
-3.585357964038848877e-01
2.714139223098754883e-01
-3.246480822563171387e-01
2.931082546710968018e-01
-3.329041302204132080e-01
2.251422703266143799e-01
-3.105154633522033691e-01
1.100660711526870728e-01
-3.076963126659393311e-01
9.054371714591979980e-02
-3.583051264286041260e-01
2.748410999774932861e-01
-3.397006988525390625e-01
3.669880330562591553e-01
-3.376317024230957031e-01
-1.176288053393363953e-01
-6.495785713195800781e-02
1.439819931983947754e-01
-1.576071530580520630e-01
2.001240998506546021e-01
-6.952843815088272095e-02
1.333750188350677490e-01
-9.046583622694015503e-02
3.730875998735427856e-02
6.984016299247741699e-02
-7.627707719802856445e-02
-1.328682005405426025e-01
-1.101561039686203003e-01
-1.574745178222656250e-01
5.931601300835609436e-02
-1.283176243305206299e-01
1.004929095506668091e-01
1.027097404003143311e-01
-2.289340198040008545e-01
4.350882023572921753e-02
-7.263926416635513306e-02
4.344419017434120178e-02
-7.171601057052612305e-03
2.332177013158798218e-02
