-5.462224036455154419e-02
4.780602455139160156e-01
4.502385616302490234e+00
7.902287483215332031e+00
9.539235115051269531e+00
8.799277305603027344e+00
1.090400123596191406e+01
8.815525054931640625e+00
2.977860689163208008e+00
6.978212356567382812e+00
-3.876242876052856445e+00
4.358602523803710938e+00
-4.706309795379638672e+00
2.750950574874877930e+00
-4.124250411987304688e+00
1.919135808944702148e+00
-2.749342918395996094e+00
1.209514141082763672e+00
-1.294358372688293457e+00
7.086530923843383789e-01
3.703173995018005371e-01
5.587307214736938477e-01
1.527867197990417480e+00
1.302426904439926147e-01
2.468438863754272461e+00
-1.764235496520996094e-01
2.948989391326904297e+00
-1.328855752944946289e-01
2.983012437820434570e+00
-5.372764468193054199e-01
3.026672840118408203e+00
-6.020959615707397461e-01
3.000304937362670898e+00
-5.949505567550659180e-01
2.924503087997436523e+00
-4.616614878177642822e-01
2.738875150680541992e+00
-7.001991868019104004e-01
2.773579120635986328e+00
-7.057551145553588867e-01
2.490437269210815430e+00
-9.591897726058959961e-01
2.552002191543579102e+00
-7.834806442260742188e-01
2.332526922225952148e+00
-9.059723019599914551e-01
2.294178485870361328e+00
-8.431695699691772461e-01
2.095242500305175781e+00
-9.565739631652832031e-01
2.006367444992065430e+00
-9.874608516693115234e-01
2.096569776535034180e+00
-1.026681184768676758e+00
1.855797767639160156e+00
-8.606096506118774414e-01
2.044066905975341797e+00
-1.054140925407409668e+00
1.972359418869018555e+00
-9.251127839088439941e-01
1.786511778831481934e+00
-9.947592020034790039e-01
1.955739974975585938e+00
-1.021670103073120117e+00
1.697091460227966309e+00
-1.029422283172607422e+00
1.751548409461975098e+00
-9.349717497825622559e-01
1.616096377372741699e+00
-9.955101609230041504e-01
1.694321036338806152e+00
-1.148293972015380859e+00
1.562524080276489258e+00
-1.036183476448059082e+00
1.593527555465698242e+00
-1.137849807739257812e+00
1.626983761787414551e+00
-1.063551545143127441e+00
1.544560790061950684e+00
-1.051340341567993164e+00
1.459985256195068359e+00
-1.189650654792785645e+00
1.514855265617370605e+00
-1.071816802024841309e+00
1.466852426528930664e+00
-1.052541851997375488e+00
1.514946341514587402e+00
-1.121726751327514648e+00
1.480459690093994141e+00
-9.174581766128540039e-01
1.478178381919860840e+00
-1.143671989440917969e+00
1.484650492668151855e+00
-9.897513389587402344e-01
1.534250855445861816e+00
-9.799197912216186523e-01
7.505910098552703857e-02
1.237025037407875061e-01
-2.386749535799026489e-02
4.860871005803346634e-03
1.401092708110809326e-01
9.687626361846923828e-02
-2.700470574200153351e-02
-6.269463896751403809e-02
9.692589193582534790e-02
-7.645442336797714233e-02
-5.224319919943809509e-02
-1.121891289949417114e-01
1.275541633367538452e-02
6.645146012306213379e-02
-1.102065667510032654e-01
-1.167840287089347839e-01
-7.323161512613296509e-02
-3.623785451054573059e-02
3.205734789371490479e-01
1.769956946372985840e-01
-2.261138893663883209e-02
5.890290811657905579e-02
-5.771913751959800720e-02
-9.659477509558200836e-03
6.088549643754959106e-02
-8.103838562965393066e-02
1.205229461193084717e-01
-9.630420804023742676e-02
2.279733866453170776e-02
-7.645288109779357910e-02
-2.182503975927829742e-02
-2.975301817059516907e-02
-1.859477311372756958e-01
