4.726936668157577515e-02
3.081136941909790039e-01
-1.362475752830505371e+00
1.326731085777282715e+00
-2.136273622512817383e+00
1.295093297958374023e+00
-1.483079195022583008e+00
1.583022952079772949e+00
-8.674491047859191895e-01
1.193616747856140137e+00
-5.780066177248954773e-02
6.429603695869445801e-01
3.102756142616271973e-01
3.728247582912445068e-01
2.658117115497589111e-01
3.399195671081542969e-01
4.339851140975952148e-01
8.576758950948715210e-02
3.015572130680084229e-01
-4.809031262993812561e-02
3.622324764728546143e-01
2.129301428794860840e-01
2.900062315165996552e-02
-2.226859331130981445e-03
5.737971514463424683e-02
-1.236800104379653931e-01
8.645933121442794800e-02
1.814078837633132935e-01
-9.530932456254959106e-02
-1.971937417984008789e-01
-4.513862729072570801e-02
-1.372300535440444946e-01
9.633543901145458221e-03
-5.744157359004020691e-03
3.945548087358474731e-02
2.808622419834136963e-01
-7.002602517604827881e-02
2.628251165151596069e-02
1.318568587303161621e-01
8.634757250547409058e-02
-1.200951859354972839e-01
-2.135507166385650635e-01
1.043306961655616760e-01
8.247949928045272827e-02
-7.749507576227188110e-02
-4.857165738940238953e-02
-1.453178189694881439e-02
7.570350170135498047e-02
-1.876907646656036377e-01
-2.123036794364452362e-02
-2.834156528115272522e-02
1.244562640786170959e-01
-1.712907254695892334e-01
5.071263015270233154e-02
-1.625086739659309387e-02
-1.539547145366668701e-01
-1.892837733030319214e-01
1.365854870527982712e-02
-7.663647085428237915e-02
-1.206996813416481018e-01
7.705315016210079193e-03
-7.917293347418308258e-03
-7.334058731794357300e-02
1.671572215855121613e-02
3.932252153754234314e-02
