2.226190455257892609e-02
-8.449192345142364502e-02
-1.487857848405838013e-02
-2.692724205553531647e-02
2.636060817167162895e-03
2.243050038814544678e-01
-2.653651870787143707e-02
7.758659124374389648e-02
-2.639370597898960114e-02
-2.433648109436035156e-01
-1.321333274245262146e-02
-6.490393541753292084e-03
4.331938456743955612e-03
-3.531420230865478516e-02
1.448620669543743134e-02
2.639028243720531464e-02
3.442281857132911682e-02
-2.188833802938461304e-02
1.145050488412380219e-02
-1.017786911688745022e-03
-1.157940365374088287e-02
1.110553462058305740e-02
-9.128607809543609619e-03
6.415809039026498795e-03
1.685208175331354141e-03
-1.026029698550701141e-02
1.388596370816230774e-02
2.791804494336247444e-03
1.541786710731685162e-03
1.090318430215120316e-03
-1.115699524234514683e-05
-4.652032803278416395e-04
-1.841408433392643929e-03
4.702961596194654703e-04
-2.769679762423038483e-03
7.273655384778976440e-03
-2.378660254180431366e-03
-1.681480673141777515e-03
-5.299772601574659348e-03
-2.206625184044241905e-03
-4.611147960531525314e-05
-5.763078574091196060e-03
-2.852162346243858337e-03
-1.489018555730581284e-03
-1.442273147404193878e-03
-2.431139117106795311e-03
-3.425064031034708023e-03
-2.605298068374395370e-03
-3.205313347280025482e-03
-5.039189942181110382e-03
-3.605889622122049332e-03
-2.953254850581288338e-03
-2.946718130260705948e-03
-9.825716260820627213e-04
-2.189693273976445198e-03
6.217104382812976837e-04
-2.695777919143438339e-03
2.326500834897160530e-03
4.768324084579944611e-03
9.243438020348548889e-03
1.678389497101306915e-02
3.986896947026252747e-02
8.205170184373855591e-02
-2.345561534166336060e-01
-1.359305381774902344e-01
3.451166301965713501e-02
1.009514927864074707e-02
-4.156148992478847504e-03
-1.996379345655441284e-03
-8.389410562813282013e-03
-7.716002408415079117e-03
-5.572830326855182648e-03
-3.334091976284980774e-03
-6.385672371834516525e-03
-4.297610372304916382e-03
-6.968147587031126022e-03
-4.859366454184055328e-03
-4.514208529144525528e-03
-6.397001445293426514e-03
-6.924740970134735107e-03
-4.489034414291381836e-03
-5.550951696932315826e-03
-5.069757346063852310e-03
-6.149498745799064636e-03
-1.027526683174073696e-03
-3.342440584674477577e-03
8.501403499394655228e-04
-2.403636928647756577e-03
2.662644488736987114e-03
1.484148669987916946e-03
8.628756040707230568e-05
2.767391735687851906e-03
1.153541845269501209e-03
-3.517533885315060616e-03
2.255144761875271797e-03
-2.012111712247133255e-03
3.190875286236405373e-03
2.514881089155096561e-05
4.388181958347558975e-03
-6.107753724791109562e-04
3.273260779678821564e-03
1.051825238391757011e-03
1.576144248247146606e-03
3.055094508454203606e-03
-2.115434268489480019e-03
5.970641970634460449e-03
-2.718644449487328529e-03
-1.052584615536034107e-03
1.025624852627515793e-02
-1.125565264374017715e-02
1.830581761896610260e-02
-1.594269275665283203e-02
1.336669083684682846e-02
-1.002056337893009186e-02
-1.061783259501680732e-04
-5.649246647953987122e-02
-5.160111188888549805e-02
-4.747301340103149414e-03
2.558173425495624542e-02
-9.187460877001285553e-03
1.828524470329284668e-01
-1.705087572336196899e-01
5.495541915297508240e-02
-5.630431696772575378e-02
-8.511502295732498169e-03
-2.315652966499328613e-01
-9.006202220916748047e-03
1.301993578672409058e-01
-7.830859720706939697e-02
