5.537749454379081726e-02
-8.059316128492355347e-02
-1.460883021354675293e-01
2.509681880474090576e-02
-3.837996348738670349e-02
-4.238022118806838989e-02
-5.261940881609916687e-02
-2.230151742696762085e-02
-3.764447197318077087e-02
-1.789902336895465851e-02
-3.068256378173828125e-02
-3.257484361529350281e-02
-2.098075486719608307e-02
-1.778476126492023468e-02
1.200040709227323532e-02
-2.231310904026031494e-01
-7.694177329540252686e-03
-1.600101590156555176e-01
-1.112270206212997437e-01
-7.550171017646789551e-02
-5.547156184911727905e-02
-3.935803193598985672e-03
3.724497044458985329e-03
2.310471236705780029e-02
2.753468696027994156e-03
-3.233169391751289368e-02
-6.143270060420036316e-02
3.709438070654869080e-02
-9.461942315101623535e-02
-6.906565744429826736e-03
1.036233082413673401e-02
9.525577723979949951e-02
2.091592699289321899e-01
