3.674823045730590820e-02
4.409555196762084961e-01
-1.294402718544006348e+00
1.113449805416166782e-03
-1.085796713829040527e+00
-6.643221974372863770e-01
-1.896481215953826904e-01
-2.893202006816864014e-01
3.949405252933502197e-01
-1.139001101255416870e-01
2.586409747600555420e-01
5.312103033065795898e-02
3.496443331241607666e-01
-3.512448966503143311e-01
-1.593487150967121124e-02
3.051155209541320801e-01
-5.587162375450134277e-01
1.522984704934060574e-03
8.110477030277252197e-02
-3.712889924645423889e-02
3.064803406596183777e-02
