9.524269402027130127e-02
4.976887628436088562e-02
-5.886388942599296570e-02
1.859821379184722900e-01
1.669483333826065063e-01
6.064392626285552979e-02
-2.069143056869506836e-01
5.993525683879852295e-02
2.523956820368766785e-03
-1.308371499180793762e-02
-4.634204134345054626e-02
2.627611719071865082e-02
-8.628142066299915314e-03
-9.532180614769458771e-03
8.170776069164276123e-03
7.213043863885104656e-04
-5.099334288388490677e-03
1.094515342265367508e-02
1.052312180399894714e-02
4.039757419377565384e-03
7.052588276565074921e-03
5.169037729501724243e-03
8.070114068686962128e-03
8.396430872380733490e-03
1.244865078479051590e-02
7.152047008275985718e-03
2.363417064771056175e-03
4.843708127737045288e-03
-8.770233951508998871e-03
-2.553671970963478088e-02
-7.581839710474014282e-02
3.350471854209899902e-01
1.125099137425422668e-01
2.664834819734096527e-02
3.712223842740058899e-02
3.825063630938529968e-02
3.249863907694816589e-02
2.201486937701702118e-02
2.173190191388130188e-02
1.430870033800601959e-02
1.338937785476446152e-02
1.727101765573024750e-02
1.121444627642631531e-02
8.588462136685848236e-03
-2.290235832333564758e-03
-4.445318598300218582e-03
-1.088915392756462097e-02
-3.923458512872457504e-03
-2.059025317430496216e-02
-1.406032592058181763e-02
-1.200313400477170944e-02
-1.700778305530548096e-02
1.149428077042102814e-02
-1.751926355063915253e-02
-2.845738315954804420e-03
-4.879217222332954407e-02
5.188756808638572693e-02
-3.868629923090338707e-03
1.802572458982467651e-01
-1.170553714036941528e-01
1.816017925739288330e-02
2.481680661439895630e-01
-3.793483227491378784e-02
-1.314558181911706924e-02
-6.653031334280967712e-03
