-4.136670380830764771e-02
4.798155725002288818e-01
1.235761523246765137e+00
-6.929684877395629883e-01
8.957765102386474609e-01
-4.976000785827636719e-01
3.443402349948883057e-01
-2.979527115821838379e-01
-3.515591844916343689e-02
-2.041270285844802856e-01
-2.907457202672958374e-02
8.997274935245513916e-02
2.404976934194564819e-01
-2.688473463058471680e-01
-3.826192319393157959e-01
-1.704551577568054199e-01
-6.934980303049087524e-02
5.383115410804748535e-01
-3.237487375736236572e-01
-1.331049799919128418e-01
2.147393077611923218e-01
