1.938482373952865601e-01
1.440253853797912598e-01
-5.164739117026329041e-02
-1.679078042507171631e-01
1.214480102062225342e-01
4.564654547721147537e-03
5.130148306488990784e-02
-1.802576705813407898e-02
3.900837153196334839e-02
1.115884166210889816e-02
-6.530455499887466431e-02
3.324399888515472412e-02
-1.734547317028045654e-01
1.306403726339340210e-01
-3.635699301958084106e-02
2.597018890082836151e-02
-1.536483783274888992e-02
1.451119128614664078e-02
-1.276904344558715820e-02
1.640819944441318512e-03
1.200760807842016220e-02
2.012040838599205017e-02
1.490670721977949142e-02
3.669262165203690529e-03
-1.568926312029361725e-02
-1.494729891419410706e-03
8.053442463278770447e-03
-1.621103147044777870e-03
3.444589208811521530e-03
-9.887625928968191147e-04
6.895395927131175995e-03
4.814801737666130066e-03
8.722179569303989410e-03
3.102625254541635513e-03
5.451572593301534653e-03
5.977944936603307724e-03
3.579532494768500328e-03
8.709454908967018127e-03
3.867418039590120316e-03
-2.601648448035120964e-03
-7.934562745504081249e-04
2.844641450792551041e-03
-8.533947984687983990e-04
1.048283651471138000e-03
2.989608095958828926e-03
7.238221587613224983e-04
-1.109352306229993701e-04
1.738788560032844543e-04
3.324628574773669243e-03
3.661387367174029350e-03
3.112882375717163086e-03
5.769531242549419403e-03
6.656718906015157700e-03
3.112484235316514969e-03
5.023649428039789200e-03
5.734731908887624741e-03
7.049751933664083481e-03
8.220217190682888031e-03
8.642978034913539886e-03
5.812422838062047958e-03
3.861799603328108788e-03
-9.800661355257034302e-03
-1.807876303791999817e-02
1.631764024496078491e-01
2.176703512668609619e-01
-6.606819480657577515e-02
-3.762952983379364014e-02
-7.678486872464418411e-03
-7.622822653502225876e-03
-2.017574384808540344e-03
-2.581605454906821251e-03
-1.975306775420904160e-03
-4.554275074042379856e-04
1.412790967151522636e-03
7.792991818860173225e-04
3.338213777169585228e-03
4.635019693523645401e-03
2.737305185291916132e-04
-2.277111634612083435e-04
1.357467845082283020e-03
1.235571573488414288e-03
2.057935576885938644e-03
8.948656613938510418e-04
-2.091665810439735651e-04
7.823710329830646515e-04
-2.273480640724301338e-05
1.642560586333274841e-03
3.019003896042704582e-03
3.687847638502717018e-04
-3.413574537262320518e-03
4.565057810395956039e-03
-5.980141460895538330e-03
1.041148090735077858e-03
7.862497121095657349e-03
-1.724461093544960022e-03
-5.740983760915696621e-04
1.582089229486882687e-03
1.063619856722652912e-03
-1.167136011645197868e-03
-1.636731438338756561e-03
-7.755679544061422348e-03
2.528178039938211441e-03
1.178340869955718517e-03
5.749725271016359329e-03
-1.237702928483486176e-02
1.463029533624649048e-02
2.010921714827418327e-03
1.510292943567037582e-02
-3.371691331267356873e-03
7.533198688179254532e-03
2.342817746102809906e-02
4.134991019964218140e-02
5.281955376267433167e-02
-6.905546784400939941e-02
-4.437708482146263123e-02
-2.231693826615810394e-02
5.463001504540443420e-02
-2.022146731615066528e-01
-1.605879217386245728e-01
-3.399221301078796387e-01
1.113662570714950562e-01
9.246621280908584595e-03
-4.090503230690956116e-02
1.502982527017593384e-02
-1.294806227087974548e-02
-7.507756352424621582e-02
-2.308167889714241028e-02
-2.865943685173988342e-02
-5.371858552098274231e-02
