8.938999846577644348e-03
3.266030251979827881e-01
-7.709759473800659180e-02
2.393085695803165436e-02
-7.623571157455444336e-02
-8.037219196557998657e-02
-5.263090878725051880e-02
5.772965028882026672e-03
-2.437363378703594208e-03
-1.309321261942386627e-03
2.107360959053039551e-02
2.145578525960445404e-02
3.429726883769035339e-02
1.514190994203090668e-02
-2.102552168071269989e-02
2.386083304882049561e-01
4.722901806235313416e-02
1.818896383047103882e-01
1.184503883123397827e-01
7.797913998365402222e-02
4.563302919268608093e-02
2.192031778395175934e-02
5.459235049784183502e-03
-1.726968027651309967e-02
-1.519993506371974945e-02
-1.317312382161617279e-02
1.339946985244750977e-01
3.813007101416587830e-02
-4.870049189776182175e-03
-2.303136698901653290e-02
1.785361766815185547e-01
1.691071391105651855e-01
-1.892396807670593262e-01
