-2.190814912319183350e-02
7.650388032197952271e-02
-2.245681360363960266e-02
1.098138764500617981e-01
-9.875757247209548950e-02
1.528890337795019150e-02
2.468278072774410248e-02
-4.359372332692146301e-02
6.044444814324378967e-02
-3.890139982104301453e-02
-1.822969019412994385e-01
-1.664439402520656586e-02
9.334587492048740387e-03
1.047772914171218872e-02
1.852499693632125854e-02
4.123731516301631927e-03
2.189271338284015656e-02
-1.939520426094532013e-02
2.088167471811175346e-03
1.576082594692707062e-02
-1.322923414409160614e-02
1.408322341740131378e-02
-9.292475879192352295e-03
-1.535701565444469452e-03
-1.078599598258733749e-02
-1.307415310293436050e-02
-1.289265416562557220e-02
-1.505693071521818638e-03
-3.989123797509819269e-04
-7.512049633078277111e-04
6.545432261191308498e-04
8.174089598469436169e-04
-1.066107302904129028e-03
8.550952770747244358e-04
-1.793915987946093082e-03
-1.528452994534745812e-04
-1.451210351660847664e-03
2.411729423329234123e-03
2.108968328684568405e-03
2.483092481270432472e-03
1.095895888283848763e-03
5.701949121430516243e-04
1.896763453260064125e-03
4.110796842724084854e-03
3.923560492694377899e-03
3.575316863134503365e-03
3.911058418452739716e-03
2.925781533122062683e-03
4.927092231810092926e-03
5.851191002875566483e-03
5.709828808903694153e-03
6.255889777094125748e-03
5.386888515204191208e-03
7.796017453074455261e-03
6.588750518858432770e-03
4.917647689580917358e-03
4.040042869746685028e-03
4.206703510135412216e-03
6.867876742035150528e-03
1.018364727497100830e-02
8.585391915403306484e-04
-4.965079948306083679e-03
-5.212217941880226135e-02
1.904270052909851074e-01
2.761219143867492676e-01
-9.737704694271087646e-02
-3.369481116533279419e-02
-1.293853949755430222e-02
-9.273396804928779602e-03
-3.961954265832901001e-03
6.794737146265106276e-06
-2.763411030173301697e-03
3.264622646383941174e-04
2.504063304513692856e-03
-2.286600181832909584e-03
1.284533180296421051e-03
-2.557902771513909101e-04
4.091210663318634033e-03
1.958334818482398987e-03
3.596924711018800735e-03
1.766806119121611118e-03
2.494616201147437096e-03
2.456204500049352646e-03
3.144794842228293419e-03
-1.072945655323565006e-03
1.837612129747867584e-03
2.633854281157255173e-03
3.051107516512274742e-03
-1.899224589578807354e-03
-5.877363146282732487e-04
2.714759204536676407e-03
5.906982114538550377e-04
4.709356464445590973e-03
1.661385409533977509e-03
7.713998784311115742e-04
-1.477549085393548012e-03
1.329803024418652058e-03
3.234873525798320770e-03
1.040115207433700562e-02
6.805612356401979923e-04
-8.741296827793121338e-03
7.768180686980485916e-03
-5.466875154525041580e-03
2.723108744248747826e-03
-4.587910603731870651e-03
4.898002371191978455e-03
-1.142178662121295929e-02
-7.822223007678985596e-03
1.701667904853820801e-03
1.423526275902986526e-02
5.064403638243675232e-03
6.741422414779663086e-02
7.039828225970268250e-03
3.774415329098701477e-02
5.385732278227806091e-02
2.792624570429325104e-02
-9.819214791059494019e-02
1.309073716402053833e-01
-9.274653345346450806e-02
6.479725986719131470e-02
-2.186669409275054932e-02
-6.304977834224700928e-02
-5.415131524205207825e-02
-1.007048189640045166e-01
-1.018893793225288391e-01
1.726632565259933472e-01
2.289815992116928101e-02
-1.087828800082206726e-01
4.462773352861404419e-02
