1.885636738734319806e-04
-1.071570754051208496e+00
5.688580567948520184e-04
-1.076283812522888184e+00
1.098397970199584961e+00
1.138854026794433594e+00
1.169713973999023438e+00
-2.579563006293028593e-04
1.687557552941143513e-03
3.050929866731166840e-03
-9.562999755144119263e-02
3.236474469304084778e-02
4.668203592300415039e-01
2.188387140631675720e-02
-2.702131634578108788e-03
-1.367692202329635620e-01
-1.826751679182052612e-01
7.268689572811126709e-02
1.564213037490844727e-01
3.142859041690826416e-01
2.644305527210235596e-01
8.500660769641399384e-03
6.544817686080932617e-01
2.153523499146103859e-03
1.000324845314025879e+00
9.830074906349182129e-01
1.033428788185119629e+00
-1.240810262970626354e-03
-3.289653250249102712e-05
1.051005325280129910e-03
-4.663245927076786757e-04
-4.110208828933537006e-04
-1.065714240074157715e+00
