-6.273218989372253418e-02
5.464986562728881836e-01
2.283214807510375977e+00
7.453340291976928711e-02
2.067715883255004883e+00
2.462156349793076515e-03
-1.948172450065612793e+00
2.453401327133178711e+00
-1.499188947491347790e-03
-2.029518365859985352e+00
1.546371611766517162e-03
-3.174070715904235840e-01
4.373331088572740555e-03
2.117293328046798706e-02
-1.104380369186401367e+00
9.575318545103073120e-03
-1.924941092729568481e-01
2.409735918045043945e-01
-1.249407306313514709e-01
1.787182837724685669e-01
-4.394267499446868896e-02
-1.772825419902801514e-02
7.068834453821182251e-02
3.243694081902503967e-02
-5.709191411733627319e-02
-7.593917101621627808e-02
2.856727540493011475e-01
-8.621579408645629883e-02
-1.627607084810733795e-02
-1.906481534242630005e-01
2.291236072778701782e-01
1.187506988644599915e-01
-1.254473924636840820e-01
