2.226190455257892609e-02
-8.449192345142364502e-02
-1.487857848405838013e-02
-3.314862400293350220e-02
1.609390228986740112e-02
2.109420001506805420e-01
5.405577365309000015e-03
4.918732121586799622e-02
-1.956612803041934967e-02
-2.608816325664520264e-01
2.125116251409053802e-02
1.471199467778205872e-02
2.191945444792509079e-03
-1.696816273033618927e-02
2.040678076446056366e-02
4.196503385901451111e-02
1.408717036247253418e-02
-9.028888307511806488e-04
9.777105413377285004e-03
-4.069607704877853394e-03
7.989340461790561676e-03
-1.840138249099254608e-02
7.875703275203704834e-03
-5.496236262843012810e-04
7.975089247338473797e-04
-7.128143683075904846e-03
1.139073912054300308e-02
3.997541498392820358e-03
-1.631346414797008038e-03
-3.561081830412149429e-04
-3.648030105978250504e-03
3.763993445318192244e-04
-1.994478749111294746e-03
-3.559582633897662163e-03
-7.943288423120975494e-03
3.709926269948482513e-03
-1.466579968109726906e-03
-4.508259706199169159e-03
2.973465598188340664e-04
-2.527951030060648918e-03
-2.052031224593520164e-03
-6.549266981892287731e-05
-6.365398876368999481e-03
4.304803442209959030e-04
-4.576223436743021011e-03
2.500826376490294933e-04
-1.390429330058395863e-03
-1.321015181019902229e-03
2.657570003066211939e-04
-3.803627798333764076e-03
-3.039326751604676247e-03
-2.012385230045765638e-04
-2.673139329999685287e-03
-2.135520117008127272e-05
-1.965499948710203171e-03
-1.668680226430296898e-03
1.843292848207056522e-03
2.041095634922385216e-03
3.639931557700037956e-03
1.850593276321887970e-02
2.203531935811042786e-02
4.347206279635429382e-02
1.162884235382080078e-01
-3.066231310367584229e-01
-2.014468461275100708e-01
4.109666123986244202e-02
2.392139285802841187e-02
-3.363624913617968559e-03
-1.176907960325479507e-02
-9.861386381089687347e-03
-5.383711308240890503e-03
-6.395422853529453278e-03
-7.584974169731140137e-03
-9.693511761724948883e-03
-6.687514483928680420e-03
-7.840540260076522827e-03
-7.956510409712791443e-03
-6.414717994630336761e-03
-4.981596954166889191e-03
-4.319553263485431671e-03
-6.414923816919326782e-03
-4.459811374545097351e-03
-3.019615076482295990e-03
-3.579820040613412857e-03
-3.176379250362515450e-03
8.948484319262206554e-04
-3.597154747694730759e-03
-2.056284807622432709e-03
-1.189916045404970646e-03
1.091279089450836182e-03
6.392668001353740692e-03
2.540479879826307297e-03
2.050139242783188820e-03
-2.271426346851512790e-04
5.445688962936401367e-03
4.608877003192901611e-03
1.959043322131037712e-03
9.743571281433105469e-03
-1.839493517763912678e-03
2.436005015624687076e-04
6.588246207684278488e-03
1.487763971090316772e-02
1.382472645491361618e-02
-5.512588657438755035e-03
2.512476779520511627e-02
1.842788420617580414e-03
-2.095751650631427765e-02
-7.693821098655462265e-03
3.099633846431970596e-03
1.171821448951959610e-02
8.496830123476684093e-04
2.965830499306321144e-03
-9.403230622410774231e-03
9.603469632565975189e-03
2.624823246151208878e-03
-1.565182209014892578e-02
-7.302666548639535904e-03
-1.177838891744613647e-01
-1.972177624702453613e-02
2.976615354418754578e-02
1.271132677793502808e-01
-1.705087572336196899e-01
5.495541915297508240e-02
-5.630431696772575378e-02
-8.511502295732498169e-03
-2.315652966499328613e-01
-9.006202220916748047e-03
1.301993578672409058e-01
-7.830859720706939697e-02
