6.722958059981465340e-04
4.983956336975097656e+00
8.306962554343044758e-04
-9.751555044203996658e-04
-9.005717583931982517e-04
-1.852078596130013466e-03
-2.134034177288413048e-03
2.873043715953826904e-01
5.988251566886901855e-01
-4.382649902254343033e-03
-2.666787505149841309e-01
4.163383040577173233e-03
3.382749855518341064e-02
1.051036715507507324e-01
1.196879863739013672e+00
3.665515920147299767e-03
-6.284045521169900894e-04
-2.729930877685546875e+00
4.045569803565740585e-04
4.562210815493017435e-04
2.395356423221528530e-04
