-5.505441804416477680e-04
5.604111356660723686e-04
6.621669745072722435e-04
-4.054211603943258524e-04
1.258174423128366470e-02
-1.041112560778856277e-02
3.267329558730125427e-02
-1.855628937482833862e-02
3.290387394372373819e-04
-4.225134849548339844e-03
1.948451809585094452e-02
4.813914746046066284e-02
9.269917756319046021e-02
1.214286237955093384e-01
1.595469266176223755e-01
7.382272183895111084e-02
2.144658714532852173e-01
-5.670418497174978256e-03
9.882669895887374878e-03
1.635216362774372101e-02
2.624598518013954163e-02
1.472646743059158325e-02
3.077302128076553345e-02
5.142740160226821899e-02
5.713004618883132935e-02
4.001858457922935486e-02
-1.337214186787605286e-02
-1.696052961051464081e-02
-2.006314316531643271e-04
-1.006357669830322266e+00
-2.599921464920043945e+00
-5.225708264333661646e-06
4.918882846832275391e+00
