-6.172711146064102650e-04
7.640197145519778132e-05
-5.698456661775708199e-04
6.438581466674804688e+00
-5.182620370760560036e-04
-5.393702507019042969e+00
-3.235653857700526714e-04
6.103265914134681225e-04
-3.076787805184721947e-03
-3.350726561620831490e-03
3.676003776490688324e-03
1.839221268892288208e-01
4.834765195846557617e-01
1.753831058740615845e-01
7.801342010498046875e-02
1.394205689430236816e-01
-2.231929600238800049e-01
-7.959716767072677612e-02
1.510621514171361923e-02
8.486315608024597168e-03
2.704705297946929932e-01
1.662384271621704102e-01
3.316057622432708740e-01
7.331194877624511719e-01
2.652953146025538445e-03
-1.322077936492860317e-03
-8.205793565139174461e-04
-3.866719998768530786e-05
-1.025056699290871620e-03
1.383333932608366013e-03
-4.231142811477184296e-04
-1.904328673845157027e-04
-1.048448146320879459e-03
