-6.459989235736429691e-04
-1.666072930674999952e-04
1.681258797645568848e+00
4.710213840007781982e-02
-4.678535740822553635e-03
-5.272489786148071289e-02
-4.340040683746337891e-02
-1.005574911832809448e-01
-1.491132229566574097e-01
-3.313766121864318848e-01
9.433178603649139404e-02
-3.195369839668273926e-01
-2.492055445909500122e-01
-1.409517377614974976e-01
2.050803601741790771e-02
6.131800636649131775e-02
-1.052430132403969765e-03
-9.592396236257627606e-05
3.983517235610634089e-04
-5.197010040283203125e+00
-6.685862899757921696e-04
