6.184801459312438965e-02
1.501087844371795654e-01
9.961666911840438843e-02
1.542779989540576935e-02
-5.138389393687248230e-02
-8.804269880056381226e-02
-5.244614183902740479e-02
-2.753721363842487335e-02
-4.451895132660865784e-02
-5.107796285301446915e-03
8.039105683565139771e-03
-3.977231681346893311e-03
1.934492774307727814e-02
5.027256440371274948e-03
5.448263138532638550e-03
-7.118237670511007309e-03
-5.046991631388664246e-03
-4.028555471450090408e-03
-2.552692312747240067e-03
-6.489114835858345032e-03
3.813448711298406124e-04
4.261059220880270004e-03
1.010634098201990128e-02
1.508669089525938034e-02
1.350470166653394699e-02
1.762397587299346924e-02
2.323992364108562469e-02
2.990534342825412750e-02
2.362992800772190094e-02
2.518384344875812531e-02
1.905740238726139069e-02
1.046566143631935120e-01
2.681902050971984863e-01
-6.766606122255325317e-02
-2.750913985073566437e-02
-3.795212600380182266e-03
-3.229803638532757759e-03
6.669662892818450928e-03
6.391659379005432129e-03
8.308898657560348511e-03
8.049658499658107758e-03
6.891408469527959824e-03
6.245568860322237015e-03
3.111510013695806265e-04
5.649021826684474945e-03
2.973370021209120750e-03
3.405536990612745285e-03
-9.315460920333862305e-03
-2.018426731228828430e-02
-9.178784675896167755e-03
-1.132928486913442612e-02
-7.090890314429998398e-03
-1.694019325077533722e-02
9.312348440289497375e-03
-1.279513235203921795e-03
7.022118661552667618e-03
-3.944921121001243591e-02
-8.807223639450967312e-04
1.037621963769197464e-02
-2.043098956346511841e-02
-5.390933901071548462e-02
1.360751874744892120e-02
-1.391727328300476074e-01
-8.071483671665191650e-02
-9.330528229475021362e-02
