-9.120842814445495605e-02
2.862204313278198242e-01
1.874188780784606934e-01
9.236706793308258057e-02
-1.230938080698251724e-02
-8.771111071109771729e-02
-4.599309340119361877e-02
-9.179613739252090454e-02
-1.733015626668930054e-01
-3.467704355716705322e-01
1.165339127182960510e-01
-3.503490090370178223e-01
-2.557913959026336670e-01
-1.599673181772232056e-01
6.141261011362075806e-02
1.044343933463096619e-01
1.334298849105834961e-01
4.971832782030105591e-02
1.489879935979843140e-01
-2.203075736761093140e-01
-6.621809303760528564e-02
