-1.103950068354606628e-01
5.848247408866882324e-01
3.436146497726440430e+00
-2.119586803019046783e-02
2.030267953872680664e+00
-9.569006040692329407e-03
-3.501673936843872070e+00
5.445557594299316406e+00
-6.919910665601491928e-04
-3.662617444992065430e+00
-3.133914433419704437e-04
7.662620395421981812e-03
2.472711028531193733e-03
3.339332342147827148e-02
-4.985702931880950928e-01
3.798274323344230652e-02
2.805482596158981323e-03
1.186019629240036011e-01
-2.028400637209415436e-02
1.638334542512893677e-01
-6.974176317453384399e-02
2.673478052020072937e-02
-2.818071655929088593e-02
4.663904383778572083e-02
-1.306338459253311157e-01
-4.622319340705871582e-02
2.156953662633895874e-01
-7.940234243869781494e-02
-4.541773349046707153e-02
-1.964578032493591309e-01
2.229560464620590210e-01
1.052992641925811768e-01
-1.054926514625549316e-01
