1.499989593867212534e-04
2.934588119387626648e-04
-4.403545379638671875e+00
4.248447949066758156e-04
-4.637411038856953382e-04
1.049435668392106891e-04
4.415828227996826172e+00
3.850716457236558199e-04
7.046915707178413868e-04
-4.221216678619384766e+00
-5.863603437319397926e-04
-1.040172719513066113e-04
-4.523639217950403690e-04
-1.174269709736108780e-03
1.394118735333904624e-04
4.022657405585050583e-03
1.106925029307603836e-02
3.140946151688694954e-03
2.498039975762367249e-03
9.519373998045921326e-04
2.494284650310873985e-03
-1.714331507682800293e-01
-1.848529279232025146e-01
-3.162986338138580322e-01
-3.185004889965057373e-01
-2.536293864250183105e-01
-2.377356290817260742e-01
-2.403039634227752686e-01
-1.306913048028945923e-01
-1.358777284622192383e-01
-4.883515648543834686e-03
1.054596751928329468e-01
4.176756367087364197e-02
6.020491942763328552e-02
1.939540356397628784e-01
-1.215142682194709778e-01
1.917979419231414795e-01
-2.129337042570114136e-01
-4.810440540313720703e-02
-8.353542536497116089e-02
-2.451053559780120850e-01
-7.674289867281913757e-03
-3.106028139591217041e-01
-1.873988956212997437e-01
-3.288843631744384766e-01
1.157455891370773315e-02
1.411579735577106476e-02
9.925226680934429169e-03
6.565446499735116959e-03
2.591700758785009384e-03
-9.340966353192925453e-04
-3.950103418901562691e-04
2.123579033650457859e-04
-4.448700346983969212e-04
-1.466672518290579319e-03
-8.774428861215710640e-04
-5.796827099402435124e-05
1.553404028527438641e-03
5.227613728493452072e-04
-6.549026875291019678e-05
-7.645568693988025188e-04
-6.177448085509240627e-04
-5.121963913552463055e-04
-1.157547521870583296e-04
-9.437123480893205851e-06
