2.129676192998886108e-02
1.444525569677352905e-01
6.298887729644775391e-02
1.162243410944938660e-01
-1.778215020895004272e-01
-2.453475892543792725e-01
-5.087696947157382965e-03
-1.883683949708938599e-01
5.858167074620723724e-03
-4.118036106228828430e-02
-6.249523907899856567e-02
1.982652023434638977e-02
7.463049609214067459e-03
3.413055464625358582e-02
-2.169494703412055969e-02
-6.503670738311484456e-05
-6.969911046326160431e-03
3.433167003095149994e-04
3.554110880941152573e-03
6.266219541430473328e-03
-1.497320597991347313e-03
3.416937217116355896e-02
-3.307982813566923141e-03
3.824349492788314819e-03
1.377844065427780151e-02
1.587625942192971706e-03
6.305884569883346558e-03
8.623582310974597931e-03
2.268034033477306366e-03
5.407620337791740894e-04
-5.909327301196753979e-04
-8.839789661578834057e-04
6.376246892614290118e-05
-3.848883556202054024e-03
4.258528817445039749e-03
-2.522160764783620834e-03
1.885044155642390251e-03
-2.248908625915646553e-03
-3.811304224655032158e-03
-1.978071872144937515e-03
-1.135617145337164402e-03
-3.204814391210675240e-03
-1.065044198185205460e-04
1.078894827514886856e-03
-5.051973275840282440e-04
-4.287094343453645706e-04
-5.266432184725999832e-03
-2.216487424448132515e-03
-1.889596111141145229e-03
-3.806967521086335182e-03
-3.236354561522603035e-03
-2.413072157651185989e-03
-1.135431462898850441e-03
-2.299783052876591682e-03
1.242536352947354317e-03
3.512661787681281567e-04
-6.908227805979549885e-05
-3.881829325109720230e-04
4.390356130897998810e-03
4.323222208768129349e-03
1.577250286936759949e-02
3.422619402408599854e-02
8.383724838495254517e-02
-2.956820428371429443e-01
-1.649311631917953491e-01
2.112194709479808807e-02
1.973346807062625885e-02
-1.010631583631038666e-02
-7.639474701136350632e-03
-1.041556149721145630e-02
-8.398244157433509827e-03
-5.097458139061927795e-03
-6.499800831079483032e-03
-6.146551575511693954e-03
-7.926118560135364532e-03
-7.389575242996215820e-03
-4.216062370687723160e-03
-3.624953096732497215e-03
-5.364656914025545120e-03
-2.414277987554669380e-03
-1.144940033555030823e-03
-2.018797909840941429e-03
-1.207224559038877487e-03
-2.815232146531343460e-03
-6.415016832761466503e-05
-5.009593442082405090e-03
2.666338346898555756e-03
-2.580128144472837448e-03
-1.052224761224351823e-04
1.736729318508878350e-04
3.003738354891538620e-03
-1.401776098646223545e-03
-1.340663759037852287e-03
5.311125889420509338e-03
5.265678744763135910e-03
2.177993301302194595e-03
2.411467023193836212e-03
7.488875184208154678e-03
8.262140676379203796e-03
6.183657329529523849e-03
-5.436892388388514519e-04
7.521754130721092224e-03
9.924010373651981354e-03
-5.812590476125478745e-03
-7.968897116370499134e-04
-2.477586735039949417e-03
2.075893804430961609e-03
-6.988097913563251495e-03
-1.120216026902198792e-02
2.256863005459308624e-02
1.132723409682512283e-02
2.320328913629055023e-02
1.761461794376373291e-02
3.607356688007712364e-03
-3.486176207661628723e-02
3.088741004467010498e-02
-9.367112070322036743e-02
-7.185821980237960815e-02
-6.473137438297271729e-02
-1.901998929679393768e-02
3.907466307282447815e-02
-8.121550083160400391e-02
1.158760264515876770e-01
-9.647040814161300659e-02
1.816148497164249420e-02
-7.660843431949615479e-02
-2.645017206668853760e-02
-3.213663026690483093e-02
-1.883224844932556152e-01
