2.129676192998886108e-02
1.444525569677352905e-01
6.298887729644775391e-02
1.162243410944938660e-01
-1.778215020895004272e-01
-2.453475892543792725e-01
-5.087696947157382965e-03
-7.770580053329467773e-02
-6.009093672037124634e-02
-2.694356627762317657e-02
-3.829059749841690063e-02
-1.957498304545879364e-02
5.941045004874467850e-03
4.592361673712730408e-02
-4.719013813883066177e-03
-1.531173009425401688e-02
4.062746185809373856e-03
6.449182517826557159e-03
2.333677001297473907e-02
1.761555857956409454e-02
9.911162778735160828e-03
1.439997274428606033e-02
-9.152686223387718201e-03
2.374260686337947845e-03
7.360984571278095245e-03
2.609198680147528648e-03
4.415763076394796371e-03
6.381587591022253036e-03
-6.285256706178188324e-03
2.746885409578680992e-03
-5.966102238744497299e-03
-8.001740789040923119e-04
-8.140327408909797668e-03
8.628189563751220703e-03
-4.199016839265823364e-04
7.676908862777054310e-04
-2.570060780271887779e-03
4.316028673201799393e-03
-5.632053595036268234e-03
-4.567863652482628822e-04
-3.961977083235979080e-03
-1.523924525827169418e-03
-4.736403934657573700e-03
-1.099528046324849129e-03
-4.015399608761072159e-03
-1.075706095434725285e-03
-4.992287722416222095e-04
-4.750031512230634689e-03
-1.050196704454720020e-03
-1.667713280767202377e-03
-6.456463132053613663e-03
-4.823165363632142544e-04
-2.938008634373545647e-03
1.022632815875113010e-03
1.360077993012964725e-03
-6.542375922435894608e-05
2.421855693683028221e-03
5.590339191257953644e-03
9.732620790600776672e-03
9.451104328036308289e-03
3.009431064128875732e-02
5.695556476712226868e-02
1.503937691450119019e-01
-4.096884131431579590e-01
-3.039897382259368896e-01
5.282924696803092957e-02
1.915240287780761719e-02
-1.970084849745035172e-03
-7.064457517117261887e-03
-6.419793702661991119e-03
-1.223022025078535080e-02
-1.009636651724576950e-02
-7.806117180734872818e-03
-1.157712098211050034e-02
-9.327983483672142029e-03
-6.905161775648593903e-03
-7.865579798817634583e-03
-5.352633073925971985e-03
-7.182447239756584167e-03
-7.074348628520965576e-03
-6.241338327527046204e-03
-9.386698715388774872e-03
-2.141172066330909729e-03
4.225551383569836617e-04
-3.721904708072543144e-03
2.645675092935562134e-03
-1.275239861570298672e-03
2.668049710337072611e-04
-1.417369494447484612e-04
3.315561916679143906e-03
-1.154624478658661246e-04
4.567005205899477005e-03
-2.543875598348677158e-04
5.185665795579552650e-04
-4.837024316657334566e-04
6.979758036322891712e-04
3.090427955612540245e-03
1.467290241271257401e-02
3.092194674536585808e-03
-4.993361420929431915e-03
8.090995252132415771e-03
4.785538185387849808e-03
8.253482170403003693e-03
-1.292650867253541946e-02
1.843087002635002136e-02
1.891859434545040131e-02
-2.396618248894810677e-03
-1.160114165395498276e-02
-4.719370976090431213e-03
-3.704367950558662415e-02
-1.659542880952358246e-02
2.654088020790368319e-04
-2.313819527626037598e-02
2.872025361284613609e-03
6.788702309131622314e-02
7.091534137725830078e-02
6.724157370626926422e-03
3.564929589629173279e-02
-8.181212842464447021e-02
6.835893541574478149e-02
-4.764792323112487793e-02
-8.121550083160400391e-02
1.158760264515876770e-01
-9.647040814161300659e-02
1.816148497164249420e-02
-7.660843431949615479e-02
-2.645017206668853760e-02
-3.213663026690483093e-02
-1.883224844932556152e-01
