-7.611214369535446167e-02
5.750922560691833496e-01
2.740636825561523438e+00
-1.496572643518447876e-01
1.901720762252807617e-01
-9.291974306106567383e-01
-5.710096955299377441e-01
-7.195879220962524414e-01
-6.985677480697631836e-01
-4.505516588687896729e-01
-1.279701143503189087e-01
-5.434795618057250977e-01
-2.465180456638336182e-01
-4.200609922409057617e-01
2.198128551244735718e-01
2.170430123805999756e-01
-9.070540964603424072e-02
2.884868681430816650e-01
2.062947489321231842e-02
-8.842287212610244751e-02
7.785231340676546097e-03
