1.267790503334254026e-05
-1.714136742521077394e-04
1.770860762917436659e-05
-1.240946730831637979e-04
-7.793035474605858326e-04
3.006276674568653107e-04
1.738363789627328515e-05
-6.435886025428771973e-04
-1.012870692647993565e-03
-4.352207660675048828e+00
-5.744087393395602703e-04
-8.404983091168105602e-04
4.173573493957519531e+00
3.340791154187172651e-04
8.198328432627022266e-04
-4.677203655242919922e+00
1.137386425398290157e-03
9.466619230806827545e-04
3.092975616455078125e+00
1.231567934155464172e-03
3.352138155605643988e-04
5.059044342488050461e-04
-1.012668362818658352e-03
-1.185667701065540314e-03
-2.243389841169118881e-03
-1.710522104986011982e-03
-2.050760667771100998e-03
-1.657519489526748657e-03
5.311947781592607498e-03
6.814072374254465103e-03
2.932335250079631805e-03
1.526944688521325588e-03
1.305383513681590557e-03
1.338270842097699642e-03
3.776772646233439445e-04
-6.086356937885284424e-03
-2.493134886026382446e-02
5.182000313652679324e-05
1.803038408979773521e-03
-9.219124331139028072e-04
1.267020497471094131e-02
3.768966719508171082e-02
2.418178506195545197e-02
2.461236119270324707e-01
1.850584521889686584e-03
4.423348009586334229e-01
1.580567359924316406e-01
2.195916175842285156e-01
2.266602218151092529e-01
3.019668459892272949e-01
3.766700625419616699e-01
2.049505263566970825e-01
1.541219949722290039e-01
2.948483824729919434e-01
1.903304159641265869e-01
1.669336408376693726e-01
1.254103630781173706e-01
1.236568689346313477e-01
6.550731509923934937e-02
8.115696907043457031e-02
-1.043026428669691086e-02
-5.825079511851072311e-03
-2.883991599082946777e-02
-1.966769434511661530e-02
-1.048929989337921143e-01
-5.319930613040924072e-02
-1.075352355837821960e-01
-7.331904023885726929e-02
-1.033113822340965271e-01
-2.242801152169704437e-02
-4.629476368427276611e-02
-2.091478928923606873e-02
-3.568639233708381653e-02
2.005268633365631104e-02
1.349012106657028198e-01
7.823044434189796448e-03
6.410505622625350952e-02
9.060004353523254395e-02
1.557432860136032104e-01
1.477441489696502686e-01
8.495892584323883057e-02
2.459348142147064209e-01
3.470110520720481873e-02
3.572606146335601807e-01
1.983743309974670410e-01
3.087714314460754395e-01
1.168628856539726257e-01
3.490595519542694092e-01
4.556591808795928955e-02
6.254299730062484741e-02
2.749717533588409424e-01
2.725490368902683258e-03
3.237094497308135033e-03
1.165030803531408310e-02
1.071018259972333908e-02
1.797858858481049538e-03
7.229218026623129845e-04
1.440483960323035717e-03
2.895378507673740387e-03
4.280724562704563141e-03
2.029472263529896736e-03
-3.297648509033024311e-04
5.427954602055251598e-04
-7.488100090995430946e-04
-6.736305076628923416e-04
5.768715636804699898e-04
-1.705859904177486897e-04
-2.193482825532555580e-03
4.060967922210693359e+00
5.478963721543550491e-04
-4.207709571346640587e-04
2.734797599259763956e-04
-9.915427071973681450e-04
1.865802526473999023e+00
1.210823422297835350e-03
-1.029185485094785690e-03
-5.498432437889277935e-04
-2.163807657780125737e-04
-2.480793045833706856e-04
1.070970247383229434e-04
-7.529506110586225986e-04
1.100939000025391579e-03
-2.899654388427734375e+00
4.191059560980647802e-04
-5.354806853574700654e-05
-1.804458588594570756e-04
-3.021441516466438770e-04
-1.096322201192378998e-03
4.060952186584472656e+00
