-8.200002484954893589e-04
4.877377033233642578e+00
6.046555042266845703e+00
1.699422282399609685e-04
-2.414850711822509766e+00
-5.699925241060554981e-04
1.665045419940724969e-05
1.827633008360862732e-03
1.542379497550427914e-03
-5.061097908765077591e-03
3.059390187263488770e-01
4.103788733482360840e-01
1.372897028923034668e-01
6.263343244791030884e-02
1.678130473010241985e-03
-1.274793744087219238e-01
-8.926929533481597900e-02
-4.401130136102437973e-03
1.446817219257354736e-01
2.883562743663787842e-01
3.730068206787109375e-01
9.456323087215423584e-02
1.152999047189950943e-02
-8.112060837447643280e-03
-1.067781541496515274e-02
1.758361933752894402e-03
3.271100576967000961e-03
7.788176299072802067e-04
-3.344570359331555665e-05
-1.082123839296400547e-03
-2.717015195230487734e-05
6.065076740924268961e-05
-6.514859269373118877e-04
