-1.437593065202236176e-02
4.532917737960815430e-01
7.879095673561096191e-01
6.433203816413879395e-02
2.386899888515472412e-01
-1.683228909969329834e-01
7.756701707839965820e-01
7.565820217132568359e-02
2.722816467285156250e-01
3.285461664199829102e-02
3.777581751346588135e-01
-1.029684860259294510e-02
3.275445103645324707e-01
-2.804284691810607910e-01
6.939806044101715088e-02
-3.828038871288299561e-01
2.753358781337738037e-01
-1.347086578607559204e-01
2.735870778560638428e-01
9.210230410099029541e-02
2.330322712659835815e-01
-1.705432124435901642e-02
-6.463943421840667725e-02
-4.962567687034606934e-01
2.297284007072448730e-01
2.600260451436042786e-02
-1.059820428490638733e-01
3.212105631828308105e-01
-1.874314397573471069e-01
-2.447431832551956177e-01
-1.389011740684509277e-01
6.371340900659561157e-02
9.147818386554718018e-02
