-5.254110321402549744e-02
2.042658030986785889e-01
2.036001205444335938e+00
2.514334917068481445e+00
4.283610343933105469e+00
3.662789821624755859e+00
4.970299243927001953e+00
3.258313179016113281e+00
4.247008800506591797e+00
2.024080038070678711e+00
3.511333465576171875e+00
3.372552692890167236e-01
2.504177093505859375e+00
-3.127210140228271484e-01
1.845078110694885254e+00
-4.405279159545898438e-01
9.940606951713562012e-01
-2.881795540452003479e-02
8.054686784744262695e-01
-1.527632921934127808e-01
4.251871109008789062e-01
-1.030629649758338928e-01
1.598694175481796265e-01
4.612876567989587784e-03
7.353605329990386963e-02
-1.160238981246948242e-01
6.649295985698699951e-02
-7.329235970973968506e-02
1.965804025530815125e-03
-6.654722243547439575e-02
-9.031824767589569092e-02
-5.601015686988830566e-02
-6.919230520725250244e-02
3.584824036806821823e-03
-1.693385541439056396e-01
2.404690533876419067e-01
6.034263409674167633e-03
7.597236335277557373e-02
1.669952571392059326e-01
1.572721451520919800e-01
-1.379845291376113892e-01
1.212806999683380127e-01
-1.626301705837249756e-01
-1.308303475379943848e-01
2.378303743898868561e-02
-4.143814370036125183e-02
1.144680306315422058e-01
1.042134240269660950e-01
-1.400934904813766479e-01
3.117811307311058044e-02
5.652473121881484985e-02
2.402594685554504395e-01
-9.708605939522385597e-04
1.815534234046936035e-01
-4.989048093557357788e-02
6.785693019628524780e-02
-1.840084344148635864e-01
2.373978644609451294e-01
-2.356390655040740967e-01
1.353133022785186768e-01
5.092024430632591248e-02
1.281379610300064087e-01
-1.986072063446044922e-01
-9.234733879566192627e-02
-1.310574915260076523e-02
