3.136176615953445435e-02
-1.559517830610275269e-01
5.807012785226106644e-03
-1.731807589530944824e-01
2.503114640712738037e-01
9.793011844158172607e-02
4.097894579172134399e-02
4.108720459043979645e-03
-6.139107048511505127e-02
-4.882522393018007278e-03
-3.088159114122390747e-02
1.667704060673713684e-02
2.589103765785694122e-02
9.897362440824508667e-03
3.278707386925816536e-03
8.367295376956462860e-03
-1.071374583989381790e-02
1.678442209959030151e-02
1.366570219397544861e-02
1.442606095224618912e-02
2.700708992779254913e-02
1.162926387041807175e-02
2.550883404910564423e-02
1.275540236383676529e-02
1.448178011924028397e-02
1.054737530648708344e-02
-1.077584456652402878e-02
1.088085700757801533e-03
-1.363420672714710236e-02
-4.649983346462249756e-02
-9.011597186326980591e-02
3.416626155376434326e-01
1.355124264955520630e-01
3.815022110939025879e-02
4.674465581774711609e-02
4.273180663585662842e-02
3.775329515337944031e-02
3.165308013558387756e-02
3.424643725156784058e-02
2.757742814719676971e-02
2.327928878366947174e-02
2.299777045845985413e-02
1.414612215012311935e-02
7.670645136386156082e-03
4.826706368476152420e-03
1.656049513258039951e-03
1.153408200480043888e-03
8.298158645629882812e-03
1.684738323092460632e-02
1.431763824075460434e-02
-1.739643863402307034e-03
-6.524707190692424774e-03
3.639580309391021729e-02
1.728704012930393219e-02
2.513634227216243744e-02
5.254087969660758972e-03
1.308012753725051880e-01
-2.543553523719310760e-02
3.739575296640396118e-02
1.865515112876892090e-02
-1.618847399950027466e-01
-1.257526874542236328e-01
2.570777200162410736e-03
-1.380400806665420532e-01
-1.002569422125816345e-01
