-4.094474390149116516e-02
3.790940940380096436e-01
1.401805520057678223e+00
5.024880170822143555e-01
1.910237550735473633e+00
1.150444746017456055e+00
2.278168916702270508e+00
1.041267037391662598e+00
2.266736745834350586e+00
6.825206875801086426e-01
2.018034934997558594e+00
7.069816440343856812e-02
1.202203154563903809e+00
-2.334845252335071564e-02
8.018838763236999512e-01
-8.885250240564346313e-02
2.693611085414886475e-01
2.275895178318023682e-01
3.541262149810791016e-01
5.144354887306690216e-03
1.601880639791488647e-01
-1.197985373437404633e-02
7.313016336411237717e-03
5.618645250797271729e-02
-1.420727930963039398e-02
-8.686996996402740479e-02
1.578968763351440430e-02
-5.688550695776939392e-02
-2.738429419696331024e-02
-5.754728987812995911e-02
-1.071427538990974426e-01
-5.145182833075523376e-02
-7.850509136915206909e-02
5.382167641073465347e-03
-1.740323752164840698e-01
2.404828071594238281e-01
4.254925064742565155e-03
7.478879392147064209e-02
1.671074330806732178e-01
1.552547663450241089e-01
-1.366112530231475830e-01
1.186627298593521118e-01
-1.603914648294448853e-01
-1.338953375816345215e-01
2.663130313158035278e-02
-4.484346881508827209e-02
1.177582219243049622e-01
1.005414575338363647e-01
-1.364719867706298828e-01
2.729428745806217194e-02
6.039058417081832886e-02
2.362022995948791504e-01
3.087256336584687233e-03
1.773553043603897095e-01
-4.567884281277656555e-02
6.354279816150665283e-02
-1.796706765890121460e-01
2.329857498407363892e-01
-2.312016040086746216e-01
1.308187097311019897e-01
5.543702840805053711e-02
1.235740333795547485e-01
-1.940197646617889404e-01
-9.696961194276809692e-02
-8.463201113045215607e-03
