1.928115487098693848e+00
1.720060706138610840e+00
-7.270055357366800308e-03
-1.958772540092468262e-01
-6.279395893216133118e-03
-2.572058886289596558e-02
2.176948450505733490e-02
1.748916506767272949e-01
3.054460287094116211e-01
-2.356901913881301880e-01
4.819012284278869629e-01
1.753639578819274902e-01
1.769260615110397339e-01
1.520048379898071289e-01
1.122572720050811768e-01
1.855132281780242920e-01
1.103206910192966461e-02
-1.349223971366882324e+00
-7.068053237162530422e-04
2.001178979873657227e+00
-4.105257103219628334e-04
