-6.123671680688858032e-02
5.952559113502502441e-01
2.267008543014526367e+00
-6.370563507080078125e-01
3.083610236644744873e-01
-8.826400041580200195e-01
-1.344884485006332397e-01
-1.880645751953125000e-01
-3.965621292591094971e-01
-1.475112978368997574e-02
-1.460257917642593384e-01
5.352528095245361328e-01
-4.828166365623474121e-01
1.886492371559143066e-01
-2.309848368167877197e-01
-1.411584817105904222e-04
-3.157048821449279785e-01
2.058337181806564331e-01
3.472305238246917725e-01
-1.172081232070922852e-01
-5.487326160073280334e-02
