-5.989460274577140808e-02
6.303079724311828613e-01
2.265302419662475586e+00
-6.884227395057678223e-01
1.423499107360839844e+00
-8.452411890029907227e-01
1.518521308898925781e+00
-7.026558518409729004e-01
8.460848927497863770e-01
-1.732709109783172607e-01
5.560943856835365295e-02
-1.547122746706008911e-01
-6.945495009422302246e-01
-2.444438636302947998e-02
-5.254868268966674805e-01
-1.134986430406570435e-01
-6.819109320640563965e-01
-5.893283337354660034e-02
-6.033167243003845215e-01
2.785474956035614014e-01
-2.361556142568588257e-01
5.347311496734619141e-02
8.431585133075714111e-02
1.677351295948028564e-01
-3.857885599136352539e-01
1.127192825078964233e-01
-2.590567767620086670e-01
-2.478677332401275635e-01
3.800779581069946289e-02
-1.296162009239196777e-01
1.905616968870162964e-01
6.811043620109558105e-02
3.726295754313468933e-02
