-7.364930212497711182e-02
6.170769333839416504e-01
2.649588584899902344e+00
-6.563386321067810059e-01
4.057229757308959961e-01
-7.914337515830993652e-01
4.238648340106010437e-02
-1.398696601390838623e-01
3.875954151153564453e-01
-1.796633601188659668e-01
-4.708791151642799377e-02
1.683986634016036987e-01
-3.922103643417358398e-01
5.561868194490671158e-03
5.463094711303710938e-01
3.485809266567230225e-02
-1.526837348937988281e-01
-3.076669871807098389e-01
-1.158118247985839844e-01
1.110482439398765564e-01
4.653463512659072876e-02
