-2.190814912319183350e-02
7.650388032197952271e-02
-2.245681360363960266e-02
1.098138764500617981e-01
-9.875757247209548950e-02
1.528890337795019150e-02
-8.147831261157989502e-02
7.836383581161499023e-02
-6.108779832720756531e-02
-3.890139982104301453e-02
-1.675788760185241699e-01
-3.144490346312522888e-02
4.088782891631126404e-02
-3.402716666460037231e-02
2.054096013307571411e-02
1.659690588712692261e-02
-1.168320979923009872e-02
6.732743233442306519e-02
1.750968024134635925e-02
4.941110499203205109e-03
-4.130523651838302612e-03
1.883653807453811169e-03
-7.958768866956233978e-03
2.701403107494115829e-03
-8.059264160692691803e-03
-1.737765967845916748e-02
-8.235197514295578003e-03
4.260339308530092239e-03
6.179362069815397263e-03
3.841674188151955605e-04
2.102304948493838310e-03
-3.053366672247648239e-03
6.287109572440385818e-03
-1.488626352511346340e-03
-5.434474442154169083e-03
-4.419053439050912857e-03
-2.072233706712722778e-03
8.213419467210769653e-03
-2.418746007606387138e-03
-5.529745831154286861e-04
9.298028424382209778e-03
4.395060241222381592e-03
-1.204564468935132027e-03
3.983748611062765121e-03
-2.267332747578620911e-03
5.873342044651508331e-03
7.520833052694797516e-03
5.534011404961347580e-03
8.021982386708259583e-03
9.916131384670734406e-03
1.057666167616844177e-02
1.172493770718574524e-02
8.251106366515159607e-03
1.654266566038131714e-02
1.296375505626201630e-02
9.944943711161613464e-03
1.450444664806127548e-02
1.242797356098890305e-02
1.056184247136116028e-02
9.647270664572715759e-03
3.923084586858749390e-03
-1.348255947232246399e-02
-8.867885917425155640e-02
3.949946463108062744e-01
4.208426773548126221e-01
-1.907387375831604004e-01
-7.249338924884796143e-02
-4.242336750030517578e-02
-2.024570852518081665e-02
-9.153163991868495941e-03
-8.319901302456855774e-03
-1.909474376589059830e-03
-2.522617811337113380e-03
3.250980284065008163e-03
1.795294461771845818e-03
2.908391645178198814e-03
2.406139392405748367e-03
8.394213393330574036e-03
3.823467995971441269e-03
2.327916212379932404e-03
1.123034977354109287e-03
8.526800083927810192e-04
1.671630656346678734e-03
2.905217930674552917e-03
2.912392141297459602e-03
8.938155137002468109e-03
4.014831036329269409e-03
-1.387401833198964596e-03
2.066218061372637749e-03
-7.767988718114793301e-04
-2.638942794874310493e-03
-5.565721541643142700e-03
1.784630585461854935e-04
3.799995640292763710e-03
3.533168463036417961e-03
-9.899804368615150452e-03
3.241344122216105461e-03
1.347190351225435734e-03
2.374523086473345757e-03
-2.947442000731825829e-03
-1.031219493597745895e-02
-4.179093986749649048e-03
-5.905841477215290070e-03
-5.888491403311491013e-03
-6.333829835057258606e-03
4.935455974191427231e-03
-2.244143746793270111e-03
-1.534076128154993057e-02
-8.883369155228137970e-03
1.091087237000465393e-02
2.455468662083148956e-02
-1.099071092903614044e-02
-7.218600809574127197e-02
-8.676062338054180145e-03
8.470895886421203613e-02
2.182614430785179138e-02
-4.115985706448554993e-02
1.761193126440048218e-01
-1.104879528284072876e-01
1.268442627042531967e-02
3.032567352056503296e-02
-6.304977834224700928e-02
-5.415131524205207825e-02
-1.007048189640045166e-01
-1.018893793225288391e-01
1.726632565259933472e-01
2.289815992116928101e-02
-1.087828800082206726e-01
4.462773352861404419e-02
