-5.365579724311828613e-01
9.203611016273498535e-01
7.474722385406494141e+00
8.736515998840332031e+00
1.013428115844726562e+01
9.689579963684082031e+00
1.045194149017333984e+01
9.110677719116210938e+00
7.376279354095458984e+00
7.177163124084472656e+00
5.437604188919067383e-01
4.940748214721679688e+00
-1.857965230941772461e+00
3.506207227706909180e+00
-1.811116695404052734e+00
2.891790628433227539e+00
-7.846238613128662109e-01
2.303079843521118164e+00
4.615071117877960205e-01
1.997772812843322754e+00
1.077855706214904785e+00
1.595812916755676270e+00
1.618678927421569824e+00
1.480347275733947754e+00
1.684971690177917480e+00
1.361513972282409668e+00
1.630183577537536621e+00
1.199775218963623047e+00
1.645183563232421875e+00
9.005210995674133301e-01
1.527580738067626953e+00
1.085691452026367188e+00
1.455334305763244629e+00
9.615674614906311035e-01
1.310777068138122559e+00
8.979934453964233398e-01
1.290358066558837891e+00
8.948468565940856934e-01
1.136161804199218750e+00
1.164539694786071777e+00
1.070436477661132812e+00
9.270444512367248535e-01
1.029045462608337402e+00
9.391098618507385254e-01
1.058587431907653809e+00
7.000648379325866699e-01
8.286525011062622070e-01
9.504833221435546875e-01
1.005384206771850586e+00
9.345936179161071777e-01
9.848724603652954102e-01
6.568601727485656738e-01
1.034008741378784180e+00
7.344933152198791504e-01
8.863633871078491211e-01
9.317983388900756836e-01
8.648082017898559570e-01
7.048313021659851074e-01
8.016235828399658203e-01
7.487226724624633789e-01
9.199653267860412598e-01
7.981348037719726562e-01
8.139231801033020020e-01
8.473685979843139648e-01
9.087167382240295410e-01
8.507835865020751953e-01
8.753103613853454590e-01
8.009550571441650391e-01
8.993962407112121582e-01
7.537544965744018555e-01
8.254575729370117188e-01
7.816424369812011719e-01
8.518357872962951660e-01
8.522752523422241211e-01
8.661689758300781250e-01
9.346037507057189941e-01
7.567226886749267578e-01
7.853540182113647461e-01
7.241154313087463379e-01
7.924711108207702637e-01
7.748392224311828613e-01
6.012157797813415527e-01
8.047634959220886230e-01
7.770246267318725586e-01
8.727141618728637695e-01
7.719798684120178223e-01
7.327238321304321289e-01
1.355184614658355713e-01
3.239671513438224792e-02
-2.425570227205753326e-02
1.018760502338409424e-01
-1.758907921612262726e-02
1.993854939937591553e-01
-4.270275682210922241e-02
-5.861297249794006348e-02
3.294878872111439705e-03
1.958512812852859497e-01
-1.079130172729492188e-02
7.861734926700592041e-02
-1.406525373458862305e-01
1.519878804683685303e-01
2.686765603721141815e-02
-4.041361436247825623e-02
-3.147342428565025330e-02
-4.484755545854568481e-02
1.101642474532127380e-01
1.798784434795379639e-01
-9.344451129436492920e-02
-3.114095143973827362e-02
1.236793473362922668e-01
-2.987528406083583832e-02
1.102005690336227417e-02
1.124000623822212219e-01
7.856171578168869019e-03
1.002086512744426727e-02
5.137367919087409973e-02
-5.154780671000480652e-02
1.070866286754608154e-01
7.835503667593002319e-02
-9.347949922084808350e-02
4.624123126268386841e-02
-8.076114207506179810e-02
-1.979670720174908638e-03
2.121469471603631973e-03
7.711172848939895630e-02
-1.431096941232681274e-01
-2.019338905811309814e-01
8.240173337981104851e-04
1.813881448470056057e-03
