4.137820720672607422e+00
6.653013988398015499e-04
-3.257837961427867413e-04
-7.668891921639442444e-04
1.656373262405395508e+00
9.395374945597723126e-05
-2.146616752725094557e-04
2.107049513142555952e-04
4.132438451051712036e-03
3.609990235418081284e-03
1.233347039669752121e-02
6.231290698051452637e-01
-7.849676767364144325e-04
1.848650127649307251e-01
-1.408565044403076172e-01
3.780828788876533508e-02
-2.384670078754425049e-01
-1.575448084622621536e-03
2.426987439393997192e-01
2.723142206668853760e-01
3.703950345516204834e-01
1.260359138250350952e-01
1.432102173566818237e-03
-3.345017321407794952e-03
-4.533221945166587830e-03
1.999597443500533700e-04
-1.789372530765831470e-03
6.000103894621133804e-04
-2.866302013397216797e+00
-2.776097680907696486e-04
-1.003713812679052353e-03
1.823425409384071827e-04
-2.324895143508911133e+00
