6.556954979896545410e-02
2.160082161426544189e-01
-2.036251068115234375e+00
2.736077547073364258e+00
-5.243424892425537109e+00
4.251341342926025391e+00
-5.830045223236083984e+00
4.064024925231933594e+00
-3.773287296295166016e+00
2.781589984893798828e+00
-2.284855365753173828e+00
1.828501939773559570e+00
-1.420526623725891113e+00
8.280864357948303223e-01
-1.278143286705017090e+00
3.218677043914794922e-01
-1.249272465705871582e+00
-1.800187677145004272e-01
-1.067541837692260742e+00
-1.093992814421653748e-01
-1.383249163627624512e+00
-1.767103523015975952e-01
-1.227159738540649414e+00
-1.515302509069442749e-01
-8.791731595993041992e-01
-2.106568515300750732e-01
-8.568110466003417969e-01
-3.485105000436306000e-03
-8.501908183097839355e-01
3.544057160615921021e-02
-7.598793506622314453e-01
2.962485514581203461e-02
-8.131238222122192383e-01
7.983421906828880310e-03
-3.675338327884674072e-01
1.759305037558078766e-02
-3.179645240306854248e-01
-1.361025217920541763e-02
-4.205585122108459473e-01
-6.441784650087356567e-02
-1.666591167449951172e-01
1.199376955628395081e-01
-7.012698054313659668e-02
1.422840449959039688e-02
-2.680422067642211914e-01
-4.084052145481109619e-02
-1.645182520151138306e-01
-1.047193109989166260e-01
-3.041310012340545654e-01
-3.286930024623870850e-01
-5.458900332450866699e-02
1.490018703043460846e-02
2.535495720803737640e-02
1.654296368360519409e-01
8.315914869308471680e-02
-1.197210103273391724e-01
1.366557627916336060e-01
-1.933797597885131836e-01
2.595810890197753906e-01
-1.524140983819961548e-01
5.247520282864570618e-03
2.157719880342483521e-01
-4.567317664623260498e-02
-4.291233047842979431e-02
-1.057597436010837555e-02
