-6.082460284233093262e-02
-4.523900747299194336e-01
2.156076669692993164e+00
-4.995181858539581299e-01
2.084634304046630859e+00
-5.126633048057556152e-01
1.973109722137451172e+00
-5.499585866928100586e-01
1.105644702911376953e+00
-4.914446473121643066e-01
-1.280939429998397827e-01
-3.269163072109222412e-01
-4.354873001575469971e-01
-1.284244656562805176e-01
-1.073879003524780273e+00
-1.740101575851440430e-01
-1.148267626762390137e+00
-6.167535856366157532e-02
-8.516236543655395508e-01
-3.262235224246978760e-02
-5.623594522476196289e-01
-2.140159606933593750e-01
-1.744834706187248230e-02
-6.638158857822418213e-02
1.638468950986862183e-01
1.539406776428222656e-01
1.595150232315063477e-01
1.358759403228759766e-02
1.403653919696807861e-01
-6.890403479337692261e-02
1.133451759815216064e-01
5.140701681375503540e-02
-5.540488287806510925e-02
