3.772260665893554688e+00
-6.230371654964983463e-04
1.330048544332385063e-03
6.330941687338054180e-04
1.838678956031799316e+00
6.791715859435498714e-04
6.777981761842966080e-04
-1.015819027088582516e-03
1.523321261629462242e-03
-2.184284850955009460e-03
-1.717484323307871819e-03
6.149816513061523438e-01
6.360340863466262817e-03
1.880709528923034668e-01
-1.521299332380294800e-01
4.421041905879974365e-02
-2.486145943403244019e-01
-3.892075968906283379e-03
2.568849623203277588e-01
2.903155386447906494e-01
3.821815550327301025e-01
1.304109543561935425e-01
-4.278039268683642149e-04
-6.228580023162066936e-04
-9.256192715838551521e-04
-2.024543005973100662e-03
1.057058223523199558e-03
1.149833085946738720e-03
-2.683902502059936523e+00
1.956089836312457919e-04
8.179249707609415054e-04
-5.854413611814379692e-04
-2.280385494232177734e+00
