-3.086340613663196564e-02
1.077758967876434326e-01
9.141486883163452148e-02
-4.253402724862098694e-02
1.129318997263908386e-01
-1.304395049810409546e-01
1.927790581248700619e-03
-3.138314187526702881e-02
-3.734290227293968201e-02
-3.014918416738510132e-02
-2.211918495595455170e-02
7.640165276825428009e-03
1.278626453131437302e-02
-2.507219323888421059e-03
3.853609086945652962e-03
1.994693157030269504e-04
-1.035624998621642590e-03
3.316043643280863762e-03
-5.429348908364772797e-03
-3.172268858179450035e-03
-8.495546877384185791e-03
-8.995682932436466217e-03
-1.080645527690649033e-02
-5.532261915504932404e-03
-7.725616451352834702e-03
-5.999892018735408783e-03
-1.674457918852567673e-03
-1.445699599571526051e-03
4.271785262972116470e-03
1.993879489600658417e-02
5.733378231525421143e-02
-2.129181027412414551e-01
-1.246058642864227295e-01
-2.523074857890605927e-02
-2.806349843740463257e-02
-3.194700926542282104e-02
-2.530040033161640167e-02
-1.929993927478790283e-02
-1.511799357831478119e-02
-1.334105338901281357e-02
-1.633861102163791656e-02
-8.447522297501564026e-03
-3.470392199233174324e-03
5.255428608506917953e-03
2.852935111150145531e-03
5.225799512118101120e-03
1.562721910886466503e-03
9.343352168798446655e-03
-9.250378352589905262e-04
7.177051156759262085e-03
8.415498770773410797e-03
-5.764021538197994232e-03
-1.503367722034454346e-02
5.948169622570276260e-03
9.977715089917182922e-03
-1.039391756057739258e-02
1.000407338142395020e-02
3.357877582311630249e-02
-2.832405641674995422e-02
6.780374050140380859e-02
-3.489064872264862061e-01
2.768521569669246674e-02
4.668154567480087280e-02
-3.861800953745841980e-02
-1.858124285936355591e-01
