-2.190814912319183350e-02
7.650388032197952271e-02
-2.245681360363960266e-02
1.098138764500617981e-01
-9.875757247209548950e-02
1.528890337795019150e-02
6.249724328517913818e-02
-1.056051403284072876e-01
1.214779987931251526e-01
-3.890139982104301453e-02
-2.014759778976440430e-01
2.572861034423112869e-03
-1.129810232669115067e-02
5.979026667773723602e-03
-2.387030236423015594e-02
1.999510638415813446e-02
3.559430688619613647e-02
-3.994768485426902771e-02
5.406273528933525085e-03
8.091097697615623474e-03
6.822415161877870560e-03
-4.244681447744369507e-03
-6.640430539846420288e-03
-1.164454966783523560e-02
5.966467433609068394e-04
-8.600735105574131012e-03
-8.620108477771282196e-03
-8.558276109397411346e-03
-1.963886170415207744e-04
2.921996638178825378e-03
-1.418935135006904602e-03
2.107301726937294006e-03
4.002457018941640854e-03
-3.749708645045757294e-03
-2.910161390900611877e-03
-2.841184032149612904e-04
-4.060832783579826355e-03
3.399426583200693130e-03
1.065573669620789587e-04
-1.671883161179721355e-03
1.664135255850851536e-03
4.152111709117889404e-03
3.625877201557159424e-03
2.876200946047902107e-03
4.524344578385353088e-03
4.478961229324340820e-03
2.034202218055725098e-03
2.146607497707009315e-03
3.058939473703503609e-03
2.347755478695034981e-03
7.912010769359767437e-04
5.242771003395318985e-03
4.515956621617078781e-03
6.537908688187599182e-03
5.497554782778024673e-03
6.793572567403316498e-03
6.433832924813032150e-03
5.522887222468852997e-03
5.824608728289604187e-03
2.961063757538795471e-03
2.137707313522696495e-03
-1.143057644367218018e-02
-3.917437046766281128e-02
1.716947257518768311e-01
2.502504885196685791e-01
-8.873186260461807251e-02
-3.672857210040092468e-02
-2.028598822653293610e-02
-1.005498692393302917e-02
-7.254750002175569534e-03
-3.334602108225226402e-03
-3.786967601627111435e-03
-3.169733390677720308e-04
1.969841308891773224e-03
-8.853216422721743584e-04
9.100781753659248352e-04
1.229474786669015884e-03
4.158247727900743484e-03
1.181885600090026855e-03
2.825367497280240059e-03
1.165188034065067768e-03
4.176328890025615692e-03
3.803654341027140617e-03
-9.881885489448904991e-04
2.914419397711753845e-03
2.609212184324860573e-03
2.571200719103217125e-03
2.187178935855627060e-03
-2.011151955230161548e-04
4.160386451985687017e-04
4.361045139376074076e-04
-1.732358592562377453e-03
2.762948628515005112e-03
1.783329527825117111e-03
1.097609638236463070e-03
-4.269774071872234344e-03
1.170730218291282654e-02
-2.809919882565736771e-03
1.233583875000476837e-02
1.847752428147941828e-04
-5.503322463482618332e-03
-5.098705645650625229e-03
2.135675866156816483e-03
3.121412359178066254e-03
-2.665481297299265862e-03
6.661422085016965866e-03
5.837962962687015533e-03
-1.987869851291179657e-02
8.667616173624992371e-03
1.501355320215225220e-02
1.589472591876983643e-02
4.704561457037925720e-02
-8.876347914338111877e-03
8.498854935169219971e-03
9.091772139072418213e-02
1.787509024143218994e-02
-4.277642443776130676e-02
1.307832896709442139e-01
-5.256794393062591553e-02
1.050448510795831680e-02
3.221475705504417419e-02
-6.304977834224700928e-02
-5.415131524205207825e-02
-1.007048189640045166e-01
-1.018893793225288391e-01
1.726632565259933472e-01
2.289815992116928101e-02
-1.087828800082206726e-01
4.462773352861404419e-02
