2.171805620193481445e+00
-7.753380341455340385e-04
4.404586798045784235e-04
-4.954402102157473564e-04
-5.962454597465693951e-04
-1.761532970704138279e-03
-4.828249514102935791e-01
-7.605567574501037598e-01
-5.217673256993293762e-02
-4.937221109867095947e-01
5.168572068214416504e-01
7.153184711933135986e-02
-9.070565551519393921e-02
-7.533968091011047363e-01
3.054324537515640259e-03
2.165358979254961014e-03
-1.124632428400218487e-03
-2.335775613784790039e+00
1.658693508943542838e-04
2.708335523493587971e-04
-7.661370909772813320e-05
