2.994876205921173096e-01
1.405555307865142822e-01
-3.253948525525629520e-04
-2.207745611667633057e-01
4.851408675312995911e-02
-8.216108195483684540e-03
-5.579296946525573730e-01
-6.987612247467041016e-01
-2.257448434829711914e-02
-4.202142953872680664e-01
4.104480445384979248e-01
1.421150863170623779e-01
-9.778188541531562805e-03
-4.364483654499053955e-01
-1.033075377345085144e-01
2.310364693403244019e-01
-2.343684900552034378e-05
-3.113580048084259033e-01
-1.116397092118859291e-03
-6.074332122807390988e-05
8.069426985457539558e-04
