-7.979613146744668484e-04
9.309809538535773754e-04
6.659682273864746094e+00
1.669108634814620018e-03
-5.328161641955375671e-04
-5.422615795396268368e-04
-4.511595470830798149e-04
3.597289614845067263e-04
-9.561631595715880394e-04
-1.188730588182806969e-03
-1.175756697193719447e-04
1.047456244123168290e-04
-9.608958498574793339e-04
-1.201290637254714966e-03
-9.658868075348436832e-04
-1.487504225224256516e-03
5.961161223240196705e-04
-1.612751802895218134e-04
-1.015002094209194183e-02
-8.278636261820793152e-03
7.285991311073303223e-01
3.299499154090881348e-01
2.478299848735332489e-02
3.008411824703216553e-01
1.414030343294143677e-01
6.402433663606643677e-02
7.161917537450790405e-02
2.173305675387382507e-02
-1.021146494895219803e-02
-8.328051120042800903e-02
-2.315839007496833801e-02
-1.302278488874435425e-01
-4.349171370267868042e-02
-3.432045131921768188e-02
-2.233112975955009460e-02
1.873889714479446411e-01
5.396591871976852417e-02
2.122580558061599731e-01
2.396581918001174927e-01
2.422402054071426392e-01
2.207421809434890747e-01
1.658319085836410522e-01
2.088204771280288696e-01
2.276981621980667114e-02
2.167280390858650208e-02
-5.805078428238630295e-03
-4.225829616189002991e-03
-1.607560669071972370e-03
-6.999472388997673988e-04
1.135901431553065777e-03
1.245178427780047059e-04
2.619579609017819166e-04
-2.003916160902008414e-04
1.066833501681685448e-03
8.214535046136006713e-05
-1.352187595330178738e-03
4.723862002720125020e-05
1.513379829702898860e-04
5.911032203584909439e-04
8.773279841989278793e-04
7.602614932693541050e-04
2.841266395989805460e-04
-1.251322682946920395e-04
-1.387146476190537214e-04
7.234077930450439453e+00
