8.689785748720169067e-02
2.511008977890014648e-01
-3.221485614776611328e+00
3.495942354202270508e+00
-4.878480434417724609e+00
4.839323997497558594e+00
-4.438053607940673828e+00
4.547370910644531250e+00
-2.473219394683837891e+00
3.262285470962524414e+00
-3.783780038356781006e-01
1.965354323387145996e+00
1.382686138153076172e+00
9.343759417533874512e-01
1.904473304748535156e+00
5.651210546493530273e-01
1.812598109245300293e+00
4.834624230861663818e-01
1.645991444587707520e+00
3.928985595703125000e-01
1.250235080718994141e+00
2.944462299346923828e-01
1.029595851898193359e+00
2.566950023174285889e-01
9.083957076072692871e-01
3.528548181056976318e-01
8.705170750617980957e-01
3.549595475196838379e-01
8.100925087928771973e-01
3.549115359783172607e-01
8.609038591384887695e-01
5.904620289802551270e-01
7.250503301620483398e-01
4.699770212173461914e-01
9.548134803771972656e-01
3.710687756538391113e-01
9.475049972534179688e-01
3.438467085361480713e-01
7.117033600807189941e-01
5.210723280906677246e-01
5.870215892791748047e-01
5.456911325454711914e-01
6.042348146438598633e-01
4.444452822208404541e-01
5.438167452812194824e-01
4.263793826103210449e-01
6.435471773147583008e-01
3.777463734149932861e-01
6.532360315322875977e-01
4.130622744560241699e-01
7.008272409439086914e-01
4.221877157688140869e-01
4.481907486915588379e-01
4.599529802799224854e-01
6.637241840362548828e-01
4.699589312076568604e-01
6.279916167259216309e-01
5.184100866317749023e-01
6.365291476249694824e-01
5.069432258605957031e-01
5.874966382980346680e-01
3.748996555805206299e-01
4.348248243331909180e-01
4.485699832439422607e-01
4.762087166309356689e-01
4.845504164695739746e-01
5.921601057052612305e-01
4.756344556808471680e-01
3.854466974735260010e-01
4.482350945472717285e-01
5.168451666831970215e-01
4.653008580207824707e-01
3.333300352096557617e-01
4.369383752346038818e-01
4.326040446758270264e-01
4.773769378662109375e-01
5.089789628982543945e-01
4.427785277366638184e-01
6.188809275627136230e-01
4.198766350746154785e-01
5.262582302093505859e-01
3.891070783138275146e-01
5.722339153289794922e-01
4.352544546127319336e-01
5.506755113601684570e-01
3.309275805950164795e-01
5.509578585624694824e-01
5.049348473548889160e-01
4.210440516471862793e-01
5.892585590481758118e-02
6.918142735958099365e-02
-1.238641217350959778e-01
-7.676426321268081665e-02
-3.521541133522987366e-02
-1.526755280792713165e-03
-3.649190813302993774e-02
-8.583264052867889404e-02
3.218173608183860779e-02
3.992828354239463806e-02
6.850145757198333740e-02
3.657037019729614258e-02
1.450407654047012329e-01
6.971356272697448730e-02
-2.445788308978080750e-02
3.112182207405567169e-02
-3.285431768745183945e-03
2.663724496960639954e-02
-5.765060428529977798e-03
-1.909273117780685425e-02
-3.975326567888259888e-02
-1.209295634180307388e-02
-7.452173531055450439e-02
-9.902407228946685791e-02
-1.626023650169372559e-01
-1.215335950255393982e-01
2.786725200712680817e-02
-1.100778952240943909e-01
-3.966696932911872864e-02
-1.604879200458526611e-01
-1.567045599222183228e-01
-1.617873758077621460e-01
3.867188841104507446e-02
-4.193488880991935730e-02
1.492982544004917145e-02
-1.284806244075298309e-02
-7.517756521701812744e-02
-2.298167906701564789e-02
-2.875943668186664581e-02
-5.361858382821083069e-02
