3.000210598111152649e-02
2.034995257854461670e-01
8.873645216226577759e-02
1.623426526784896851e-01
-1.860947459936141968e-01
-1.854884624481201172e-01
1.859926618635654449e-02
-2.231710962951183319e-02
-9.800431877374649048e-02
-1.621150784194469452e-02
-2.174877375364303589e-02
1.632049214094877243e-03
-1.041424926370382309e-02
2.992060035467147827e-03
-2.666948363184928894e-03
1.905271597206592560e-02
1.108800526708364487e-02
1.257163565605878830e-02
1.761167868971824646e-02
8.653434924781322479e-03
1.458338461816310883e-02
8.719930425286293030e-03
1.080317329615354538e-02
1.196915190666913986e-02
8.384000509977340698e-03
6.976304110139608383e-03
1.006007846444845200e-02
4.778152797371149063e-03
-8.524036966264247894e-03
-3.823811560869216919e-02
-1.069498956203460693e-01
3.277065455913543701e-01
1.935012638568878174e-01
3.385504707694053650e-02
5.450769886374473572e-02
5.051731318235397339e-02
3.282610699534416199e-02
2.617368847131729126e-02
2.504738233983516693e-02
2.285501547157764435e-02
1.260798238217830658e-02
-7.012363639660179615e-04
2.499778056517243385e-03
7.187498733401298523e-03
8.848052471876144409e-03
-1.398649532347917557e-03
9.354944340884685516e-03
-1.769865746609866619e-03
-3.253272152505815029e-04
1.502476260066032410e-02
-6.003183312714099884e-03
1.537849940359592438e-02
-4.232781380414962769e-02
1.394540816545486450e-02
1.430802326649427414e-02
-3.168443590402603149e-02
-8.803994953632354736e-02
1.550913322716951370e-02
-8.084830641746520996e-02
-1.030869595706462860e-02
-4.255031049251556396e-02
-1.683460175991058350e-02
-4.644629731774330139e-02
6.107467226684093475e-03
6.587467342615127563e-02
