-1.327465870417654514e-03
-2.149877673218725249e-06
7.087829057127237320e-03
7.301347795873880386e-03
3.605699632316827774e-03
1.117808627896010876e-03
6.629582028836011887e-03
4.751604981720447540e-03
-2.833926555467769504e-05
1.676877262070775032e-03
2.834741724655032158e-03
4.684547428041696548e-03
4.319984931498765945e-03
6.706852000206708908e-03
3.962403628975152969e-03
1.649334561079740524e-03
1.083564013242721558e-03
1.432470278814435005e-03
-1.035533612594008446e-03
-2.604566281661391258e-03
-4.816832020878791809e-03
-7.188927847892045975e-03
-1.036455109715461731e-02
-1.427269447594881058e-02
-2.098526433110237122e-02
-2.695557102560997009e-02
-3.627743199467658997e-02
-4.776373505592346191e-02
-6.625033169984817505e-02
-1.080972477793693542e-01
-1.825147569179534912e-01
1.721484065055847168e-01
4.275288060307502747e-02
3.106667846441268921e-02
2.230328321456909180e-02
1.694848760962486267e-02
1.402260921895503998e-02
1.065884903073310852e-02
8.606584742665290833e-03
6.191027350723743439e-03
4.964052699506282806e-03
3.315074136480689049e-03
3.149506635963916779e-03
4.466644953936338425e-03
2.320683095604181290e-03
7.361650350503623486e-04
8.570162463001906872e-04
1.033269450999796391e-03
2.213776344433426857e-03
-9.792165365070104599e-04
1.213008072227239609e-03
3.354455984663218260e-04
-4.175484064035117626e-04
-2.155419439077377319e-03
8.910791948437690735e-04
9.583752835169434547e-04
-2.410009270533919334e-03
4.980409517884254456e-03
2.830414101481437683e-03
-2.433880930766463280e-03
3.928279038518667221e-03
3.380098845809698105e-03
1.860170974396169186e-03
8.823578245937824249e-03
6.079139187932014465e-03
