-1.580406387802213430e-04
2.332319505512714386e-03
3.564005251973867416e-03
4.596828948706388474e-04
-1.129365409724414349e-03
-1.453014672733843327e-03
-2.969085238873958588e-03
-1.149276853539049625e-03
-3.445249283686280251e-03
-1.375927357003092766e-03
1.085019088350236416e-03
-1.045936020091176033e-03
1.477942132623866200e-04
2.247456228360533714e-03
5.979083944112062454e-04
1.187259680591523647e-03
2.041583647951483727e-03
-1.303725061006844044e-03
2.218496985733509064e-03
-3.033303655683994293e-04
1.607297454029321671e-03
1.269740518182516098e-03
-2.697563497349619865e-03
-1.196352182887494564e-03
-8.344842353835701942e-04
2.965769497677683830e-03
2.224887954071164131e-03
1.052054692991077900e-03
-2.470241161063313484e-04
1.439226092770695686e-03
3.837346564978361130e-03
1.147698960267007351e-03
8.918802632251754403e-05
-2.372918679611757398e-04
4.426791332662105560e-03
5.153818055987358093e-03
3.427465213462710381e-03
1.739191822707653046e-03
-2.857120307453442365e-05
-1.695222308626398444e-04
-1.092743943445384502e-03
-1.123351044952869415e-03
-1.319185714237391949e-03
3.193406853824853897e-03
1.473541720770299435e-03
2.688942011445760727e-03
-2.366653643548488617e-03
-2.305415226146578789e-03
-4.540174268186092377e-03
-3.738829167559742928e-03
-6.334002595394849777e-03
-6.435937248170375824e-03
-9.607837535440921783e-03
-1.036663539707660675e-02
-1.083213184028863907e-02
-1.479933317750692368e-02
-1.945957355201244354e-02
-2.634995616972446442e-02
-3.752815350890159607e-02
-5.450515821576118469e-02
-9.144889563322067261e-02
-1.779536306858062744e-01
-3.765979111194610596e-01
7.711530923843383789e-01
6.997932195663452148e-01
-2.615650594234466553e-01
-1.127678304910659790e-01
-5.001634731888771057e-02
-2.520106732845306396e-02
-1.304337102919816971e-02
-7.362077943980693817e-03
-2.360888756811618805e-03
-1.031564897857606411e-03
-5.581888835877180099e-04
1.286791870370507240e-03
2.332659205421805382e-03
3.878021845594048500e-03
3.994153346866369247e-03
3.962807357311248779e-03
3.405080875381827354e-03
5.971380975097417831e-03
3.611636813730001450e-03
4.315376747399568558e-03
3.308457089588046074e-03
3.724910551682114601e-03
5.655139684677124023e-03
2.770473482087254524e-03
5.054090637713670731e-03
3.058350645005702972e-03
4.755923524498939514e-03
3.100649919360876083e-03
3.782499115914106369e-03
3.659522160887718201e-03
4.320513922721147537e-03
2.272604731842875481e-03
1.199912396259605885e-03
2.955751726403832436e-03
1.565390382893383503e-03
-5.944560398347675800e-04
2.019570209085941315e-03
1.425800030119717121e-03
2.309255767613649368e-03
1.378937624394893646e-03
1.119804335758090019e-03
3.685622243210673332e-03
-1.163854612968862057e-03
-1.598872826434671879e-03
2.003062400035560131e-04
-4.370248061604797840e-04
2.105070976540446281e-03
3.677088301628828049e-03
-1.985762966796755791e-03
2.806268865242600441e-03
-1.719236955977976322e-03
-2.169616753235459328e-03
1.644036965444684029e-04
1.246534986421465874e-03
2.208096673712134361e-03
6.186079699546098709e-04
-1.452314318157732487e-03
2.137550618499517441e-03
3.624001750722527504e-03
6.767182145267724991e-03
1.386333722621202469e-03
-1.803918421501293778e-04
2.228728728368878365e-03
-1.025610603392124176e-03
-5.943689495325088501e-03
2.926004526671022177e-04
