-3.229446301702409983e-04
-1.535587478429079056e-03
1.636644941754639149e-03
-7.087462581694126129e-03
3.655059845186769962e-04
-1.918710418976843357e-03
-3.338388924021273851e-04
-9.229589486494660378e-04
9.531300747767090797e-04
-1.145902788266539574e-03
-1.984766684472560883e-03
1.252918504178524017e-03
-1.379826688207685947e-03
-2.624664222821593285e-03
-1.830134657211601734e-03
-2.017718041315674782e-03
-1.780618913471698761e-03
-6.580728804692625999e-04
-1.317084184847772121e-03
-7.982398965395987034e-04
-2.791111823171377182e-03
-3.459801664575934410e-03
-4.890031181275844574e-03
-5.131094250828027725e-03
-5.275073461234569550e-03
-7.294447626918554306e-03
-7.321829907596111298e-03
-1.046720147132873535e-02
-1.277727819979190826e-02
-8.986941538751125336e-03
-7.732347003184258938e-04
-1.338209956884384155e-02
-3.143975138664245605e-01
1.929468661546707153e-01
1.065957844257354736e-01
6.533776223659515381e-02
4.306766763329505920e-02
3.207397088408470154e-02
2.222613617777824402e-02
1.664624363183975220e-02
1.300981920212507248e-02
8.856408298015594482e-03
4.684111569076776505e-03
2.287014853209257126e-03
3.928008954972028732e-03
1.424986694473773241e-04
-1.564578968100249767e-03
-1.826399005949497223e-03
-2.804082352668046951e-03
-2.544609131291508675e-03
-1.811121939681470394e-03
-1.942767063155770302e-03
-5.527370609343051910e-03
-4.109951667487621307e-03
-5.177387036383152008e-03
-4.778835456818342209e-03
-3.818866563960909843e-03
-2.327866386622190475e-03
-3.256100229918956757e-03
-1.104736817069351673e-03
-4.155354399699717760e-04
-6.468101870268583298e-03
-3.811476053670048714e-03
-4.144422244280576706e-03
-1.661608228459954262e-03
