9.201609645970165730e-04
2.188263228163123131e-03
3.884711069986224174e-03
1.351342187263071537e-03
1.269344473257660866e-03
-1.522357575595378876e-03
-9.060833253897726536e-04
-2.059003803879022598e-03
-1.162636326625943184e-03
-1.417747815139591694e-03
-1.591969863511621952e-03
2.203463576734066010e-03
8.994963020086288452e-03
2.558742277324199677e-02
5.180785432457923889e-02
-9.798841923475265503e-02
6.939153652638196945e-03
-1.272945553064346313e-01
-9.804366528987884521e-02
-7.337717711925506592e-02
-5.388420820236206055e-02
-3.966731950640678406e-02
-2.704673819243907928e-02
-1.939387805759906769e-02
-1.300405245274305344e-02
-5.352169275283813477e-03
-9.881543228402733803e-04
3.615177411120384932e-04
2.296737162396311760e-03
6.936359219253063202e-03
9.676031768321990967e-04
4.946707747876644135e-03
-3.205241402611136436e-03
