-1.453415583819150925e-02
-1.220986712723970413e-02
-1.080501917749643326e-02
-7.735759485512971878e-03
-6.178503390401601791e-04
6.602425128221511841e-03
2.483485266566276550e-02
4.667357355356216431e-02
7.342731952667236328e-02
-3.635102212429046631e-01
-2.699577212333679199e-01
-2.809159643948078156e-02
-4.726851731538772583e-02
-5.358490347862243652e-02
-4.238694906234741211e-02
-3.670793771743774414e-02
-2.837098576128482819e-02
-3.503965586423873901e-02
-2.873131074011325836e-02
-2.090667560696601868e-02
-2.487464249134063721e-02
