3.529250621795654297e-03
-1.182394567877054214e-03
7.692674174904823303e-03
1.647741068154573441e-03
2.985640661790966988e-03
1.875147718237712979e-04
3.001769306138157845e-03
1.185828354209661484e-03
5.172968842089176178e-03
1.566896447911858559e-03
1.807962893508374691e-03
6.166592240333557129e-03
2.167149679735302925e-03
2.571783261373639107e-03
1.305909943766891956e-03
2.721693133935332298e-03
2.035730984061956406e-03
9.675660985521972179e-04
-1.803323044441640377e-03
-1.920782262459397316e-03
-3.306516911834478378e-03
-7.333476096391677856e-03
-9.703062474727630615e-03
-1.493472326546907425e-02
-1.773290336132049561e-02
-2.515171281993389130e-02
-3.419176489114761353e-02
-4.541710019111633301e-02
-6.771579384803771973e-02
-1.073754876852035522e-01
-1.836972683668136597e-01
1.950467526912689209e-01
5.417450517416000366e-02
1.846288703382015228e-02
1.775930076837539673e-02
1.474590878933668137e-02
1.288959849625825882e-02
1.026947516947984695e-02
6.898500025272369385e-03
6.770873907953500748e-03
5.496203899383544922e-03
4.001764580607414246e-03
2.992191817611455917e-03
3.355441149324178696e-03
-3.496384597383439541e-04
1.207467284984886646e-03
-2.047982998192310333e-04
-8.198529249057173729e-04
1.873517525382339954e-03
-2.649995964020490646e-03
-8.767863619141280651e-05
-3.117342885161633603e-06
1.257569878362119198e-03
-5.406280397437512875e-04
-2.718255855143070221e-03
7.990940473973751068e-03
-4.229957994539290667e-05
9.577295859344303608e-04
-2.301650354638695717e-03
-2.181347692385315895e-03
6.058660801500082016e-04
6.507749669253826141e-03
7.530683651566505432e-03
1.297837216407060623e-02
3.046408237423747778e-04
