-3.719909291248768568e-04
-2.151203574612736702e-03
1.782096805982291698e-03
2.429467160254716873e-03
8.691414259374141693e-03
1.165346521884202957e-02
1.206142641603946686e-02
1.759903319180011749e-02
2.857187949120998383e-02
4.360046237707138062e-02
6.126395985484123230e-02
8.667730540037155151e-02
1.169476881623268127e-01
1.837515830993652344e-01
2.217193841934204102e-01
-3.243286609649658203e-01
-2.323589771986007690e-01
1.028771027922630310e-01
6.551171839237213135e-02
1.127428468316793442e-02
-4.495697095990180969e-02
-6.850507855415344238e-02
-6.877622008323669434e-02
-5.847424268722534180e-02
-4.436116293072700500e-02
-2.583397179841995239e-02
-1.160209067165851593e-02
4.878542851656675339e-03
1.412147469818592072e-02
1.779930479824542999e-02
3.175582364201545715e-02
1.942586526274681091e-02
1.470299810171127319e-02
