3.075905144214630127e-03
2.128195250406861305e-03
6.459916476160287857e-04
3.807047149166464806e-03
4.077458288520574570e-03
3.380063921213150024e-03
1.088653109036386013e-03
-4.190600942820310593e-03
-1.176723930984735489e-02
-1.963320374488830566e-02
-3.205626457929611206e-02
-4.632290825247764587e-02
-6.479293853044509888e-02
-9.348152577877044678e-02
-1.347371637821197510e-01
1.336739659309387207e-01
-1.850525438785552979e-01
5.750505253672599792e-02
2.499675936996936798e-02
8.728574961423873901e-03
3.384525189176201820e-03
-4.944511456415057182e-04
-1.455025631003081799e-03
-7.411828264594078064e-04
1.218020450323820114e-03
1.729998039081692696e-03
6.780893891118466854e-04
2.235461724922060966e-03
2.982483245432376862e-03
4.398114047944545746e-03
5.385328084230422974e-03
5.954150576144456863e-03
9.113263222388923168e-04
