-2.325182314962148666e-03
-6.532179191708564758e-03
1.773501862771809101e-03
1.488909765612334013e-04
-3.228033427149057388e-03
3.387382603250443935e-04
9.190312266582623124e-05
-3.065651049837470055e-03
-1.262789737666025758e-05
-3.887875936925411224e-03
1.091907543013803661e-04
-4.768331069499254227e-03
-4.479766648728400469e-04
-4.874598234891891479e-03
-3.838439937680959702e-03
-1.950364559888839722e-03
4.898446495644748211e-04
-4.483358934521675110e-03
-4.972561262547969818e-03
-2.750275190919637680e-03
-5.307522602379322052e-03
-2.698061754927039146e-03
-1.732777338474988937e-03
-2.621526829898357391e-03
-3.301304241176694632e-04
-3.644548356533050537e-03
2.165760524803772569e-04
-3.758421633392572403e-03
5.169980577193200588e-04
-1.085916999727487564e-03
-3.083952702581882477e-03
2.445630962029099464e-04
-3.427845658734440804e-03
1.463259803131222725e-03
-3.668935096357017756e-04
1.413110992871224880e-03
2.462521661072969437e-04
2.922174753621220589e-03
2.599285682663321495e-03
5.793629214167594910e-03
4.653970245271921158e-03
9.272049181163311005e-03
8.669182658195495605e-03
9.432574734091758728e-03
1.007942482829093933e-02
1.287438906729221344e-02
1.414252817630767822e-02
1.484118122607469559e-02
1.753797568380832672e-02
2.046293579041957855e-02
2.153744548559188843e-02
2.493020147085189819e-02
2.591648139059543610e-02
2.738702297210693359e-02
3.132715448737144470e-02
3.648293018341064453e-02
4.184765368700027466e-02
4.383606091141700745e-02
4.991674050688743591e-02
5.432495102286338806e-02
5.584980919957160950e-02
7.067433744668960571e-02
2.519567310810089111e-02
1.626688241958618164e-02
3.052283637225627899e-02
-1.583996415138244629e-01
-1.029903814196586609e-01
-8.517309278249740601e-02
-6.085290014743804932e-02
-4.091406613588333130e-02
-3.608829528093338013e-02
-2.413633652031421661e-02
-1.901490241289138794e-02
-1.429232023656368256e-02
-1.273942086845636368e-02
-9.523527696728706360e-03
-9.232112206518650055e-03
-6.919059902429580688e-03
-6.105287466198205948e-03
-5.657031200826168060e-03
-5.084603093564510345e-03
-3.786971094086766243e-03
-2.797733061015605927e-03
-5.143373273313045502e-03
-2.991390414535999298e-03
-7.068715058267116547e-04
-8.848159923218190670e-04
-1.178193720988929272e-03
-5.998334963805973530e-04
-3.508001100271940231e-03
-1.805761712603271008e-03
-1.219853525981307030e-03
-1.078195637091994286e-03
-1.961005153134465218e-03
-8.836268098093569279e-04
-1.974854967556893826e-04
-1.201561419293284416e-03
-2.358316443860530853e-03
-2.692625625059008598e-03
-2.268359530717134476e-04
-3.669485449790954590e-03
1.307316939346492290e-03
-1.080571208149194717e-03
-3.203752858098596334e-04
-6.079355371184647083e-04
-3.299651725683361292e-04
-1.599941519089043140e-03
-2.161467680707573891e-03
-1.049646962201222777e-04
-1.860989141277968884e-03
-3.150100528728216887e-04
7.362025207839906216e-04
-1.084214658476412296e-03
-3.260478144511580467e-03
-1.842265774030238390e-04
2.758341841399669647e-03
-1.790003851056098938e-03
-1.110320910811424255e-03
-1.766219851560890675e-03
-5.316404276527464390e-04
-3.264909144490957260e-03
-3.371129045262932777e-03
3.845772589556872845e-04
1.794996438547968864e-03
-2.737201051786541939e-03
-4.127955529838800430e-03
-7.704828865826129913e-03
-2.610961208119988441e-03
-9.246060508303344250e-04
