4.002274945378303528e-03
1.926823519170284271e-03
-6.614279001951217651e-03
-2.147389017045497894e-02
-3.821987658739089966e-02
-6.430443376302719116e-02
-1.030651852488517761e-01
-1.538871526718139648e-01
-1.992114633321762085e-01
1.837292164564132690e-01
-2.136488705873489380e-01
5.894625559449195862e-03
-1.364369224756956100e-02
-1.785539090633392334e-02
-1.615473069250583649e-02
-7.065976969897747040e-03
-4.011042881757020950e-03
1.244925195351243019e-03
2.312261145561933517e-03
6.069519557058811188e-03
7.079296279698610306e-03
