-3.685022704303264618e-03
2.944641513749957085e-03
-4.941150080412626266e-03
2.546986099332571030e-03
-1.334461732767522335e-03
4.749703221023082733e-03
1.985202543437480927e-03
-2.487429184839129448e-03
-5.853394046425819397e-03
-4.235500469803810120e-03
7.174827624112367630e-04
1.720407512038946152e-03
-9.334913920611143112e-04
2.422762772766873240e-04
4.257321706973016262e-04
-4.064511507749557495e-03
-2.340760082006454468e-03
2.907525049522519112e-03
-1.066282624378800392e-03
-2.507266122847795486e-03
2.973689988721162081e-04
-2.111267531290650368e-03
1.348337857052683830e-03
3.403676440939307213e-03
2.447784412652254105e-03
1.892975415103137493e-03
-1.210447051562368870e-03
6.439745775423943996e-04
-4.179381357971578836e-04
1.642799703404307365e-03
5.823104293085634708e-04
-1.392145408317446709e-03
-5.583892925642430782e-04
-1.447906717658042908e-03
3.023781348019838333e-03
1.287141232751309872e-03
1.239362754859030247e-03
2.256227890029549599e-03
9.203090448863804340e-04
2.380976686254143715e-03
4.233032930642366409e-03
2.017335500568151474e-03
5.173215176910161972e-03
2.007679548114538193e-03
2.129434840753674507e-03
8.065907750278711319e-04
1.704769791103899479e-03
2.583624562248587608e-03
4.348984453827142715e-03
2.350598573684692383e-03
6.331666838377714157e-03
4.685656167566776276e-03
7.215358782559633255e-03
7.222700864076614380e-03
1.140835136175155640e-02
1.631403528153896332e-02
1.801786385476589203e-02
2.532268688082695007e-02
3.686530888080596924e-02
5.954240635037422180e-02
9.545356035232543945e-02
1.869842708110809326e-01
3.881526887416839600e-01
-5.439210534095764160e-01
-5.127739906311035156e-01
2.714762389659881592e-01
1.219766363501548767e-01
5.236617848277091980e-02
2.810472622513771057e-02
1.197686977684497833e-02
5.914120934903621674e-03
4.386902786791324615e-03
3.447593888267874718e-03
-8.095037774182856083e-04
-2.487624995410442352e-03
-2.475860994309186935e-03
-2.834211569279432297e-03
3.984932263847440481e-04
-3.818058641627430916e-03
-2.334930002689361572e-03
-4.368436522781848907e-03
-6.374058313667774200e-03
1.406097551807761192e-03
-1.604628632776439190e-03
-5.190520896576344967e-04
-1.672405051067471504e-03
-3.448071191087365150e-03
-2.774972934275865555e-03
-5.251506343483924866e-03
-1.997529296204447746e-03
-3.422515001147985458e-04
-2.741116331890225410e-03
2.036116318777203560e-03
-4.875002778135240078e-04
6.106261280365288258e-04
4.169856663793325424e-03
1.954816514626145363e-03
-8.942427230067551136e-04
1.980366418138146400e-03
-8.036153740249574184e-04
-1.544059021398425102e-03
-3.288396168500185013e-03
-3.496725810691714287e-03
3.831464331597089767e-03
1.582213677465915680e-03
8.418139186687767506e-04
-2.155160531401634216e-03
-2.955433214083313942e-03
-7.682897266931831837e-04
-5.187630886211991310e-04
4.023936577141284943e-03
-2.199319424107670784e-03
6.572535261511802673e-03
-5.824145395308732986e-03
2.075068623526021838e-04
3.339805640280246735e-03
-2.372616436332464218e-03
-2.043829765170812607e-03
2.615591278299689293e-03
8.375112520297989249e-05
5.706145428121089935e-03
4.045604262501001358e-03
-2.185667166486382484e-03
2.013995312154293060e-03
-2.549459924921393394e-03
3.334069391712546349e-03
1.213991898111999035e-03
-6.632859352976083755e-03
-2.577538136392831802e-03
