7.187507580965757370e-03
1.635102927684783936e-02
1.731103658676147461e-02
2.931657619774341583e-02
4.050895571708679199e-02
5.228753015398979187e-02
5.529199540615081787e-02
4.483953118324279785e-02
1.681654900312423706e-02
3.152649700641632080e-01
2.914787828922271729e-01
-5.231028795242309570e-02
-4.423044249415397644e-02
-3.796721249818801880e-02
-3.754511848092079163e-02
-3.211968764662742615e-02
-2.424459718167781830e-02
-2.071108482778072357e-02
-1.547548267990350723e-02
-3.608444239944219589e-03
-9.356454014778137207e-03
