-3.171315183863043785e-04
1.843313686549663544e-03
-2.481583273038268089e-03
-2.148099709302186966e-03
-7.566016283817589283e-04
-9.932334069162607193e-04
-1.748986658640205860e-03
1.119307009503245354e-03
-1.058860798366367817e-03
-1.618494745343923569e-03
5.831837188452482224e-05
-9.358834940940141678e-04
4.643142165150493383e-04
-3.133280551992356777e-04
1.269378000870347023e-03
-1.309079583734273911e-03
4.975073970854282379e-04
1.255621900781989098e-04
-2.002367982640862465e-03
-7.284361054189503193e-04
-1.517627621069550514e-03
2.136077673640102148e-04
6.713220500387251377e-04
-1.094304723665118217e-03
-5.466662114486098289e-04
-1.312433625571429729e-03
4.686938336817547679e-05
5.153859965503215790e-04
1.867929386207833886e-04
-9.689541766420006752e-04
5.672847619280219078e-04
-7.640795083716511726e-04
-1.278331852518022060e-03
5.867318250238895416e-04
4.240415291860699654e-04
1.149346819147467613e-03
1.622688287170603871e-04
-5.138366832397878170e-04
6.256320630200207233e-04
5.857353680767118931e-04
3.482545434962958097e-04
9.234165772795677185e-04
7.905999664217233658e-04
1.843724749051034451e-03
1.073611318133771420e-03
1.741869375109672546e-03
3.171764547005295753e-03
2.199771348387002945e-03
3.672550665214657784e-03
3.545342711731791496e-03
5.039745476096868515e-03
7.239026017487049103e-03
7.888778112828731537e-03
9.340327233076095581e-03
1.240992918610572815e-02
1.448991987854242325e-02
1.873244531452655792e-02
2.434064634144306183e-02
3.441556543111801147e-02
5.517020449042320251e-02
8.687323331832885742e-02
1.732767075300216675e-01
3.759128153324127197e-01
-6.862470507621765137e-01
-6.433259844779968262e-01
2.951318025588989258e-01
1.212004497647285461e-01
5.368102341890335083e-02
2.613698504865169525e-02
1.383975800126791000e-02
8.046039380133152008e-03
4.485864192247390747e-03
2.277955180034041405e-03
-2.224418421974405646e-04
2.537177351769059896e-04
-6.319958483800292015e-04
-1.782762934453785419e-03
-2.080771839246153831e-03
-3.391246544197201729e-03
-1.729660551063716412e-03
-3.642744617536664009e-03
-2.760562812909483910e-03
-2.855253871530294418e-03
-1.662673195824027061e-03
-2.423526486381888390e-03
-3.080795984715223312e-03
-2.628294518217444420e-03
-2.899127779528498650e-03
-3.755282377824187279e-03
-2.153583569452166557e-03
-1.443238346837460995e-03
-2.061530947685241699e-03
-1.090478268451988697e-03
-6.506969803012907505e-04
-2.443335950374603271e-03
-1.635482418350875378e-03
-2.794052939862012863e-03
-1.944671035744249821e-03
-1.265475526452064514e-03
-2.299207728356122971e-03
-1.787552959285676479e-03
-5.210288218222558498e-04
-2.477617235854268074e-03
-1.435766898794099689e-04
-1.376124215312302113e-03
-5.818274221383035183e-04
-1.652010018005967140e-03
-9.797496022656559944e-04
-6.779608520446345210e-05
-3.634530294220894575e-04
-1.741093466989696026e-03
6.130758556537330151e-04
1.014754874631762505e-03
-8.300907938973978162e-05
-1.989367185160517693e-03
-1.460714149288833141e-03
-4.269826167728751898e-04
-1.782466424629092216e-03
6.748489686287939548e-04
-2.431187778711318970e-03
2.107787258864846081e-05
-3.031708474736660719e-04
6.146687082946300507e-04
-2.220749389380216599e-03
-7.224258733913302422e-04
2.226004609838128090e-03
-1.911661638587247580e-05
8.892767364159226418e-04
-7.211430056486278772e-05
