-2.121713245287537575e-03
-1.565396552905440331e-03
-3.454856807366013527e-03
-8.155509131029248238e-04
-8.867707219906151295e-04
-1.436254358850419521e-03
-1.350817270576953888e-03
-1.078876084648072720e-03
-7.308754138648509979e-04
-6.186068640090525150e-04
7.424075156450271606e-04
8.095043594948947430e-04
-4.427717940416187048e-04
-6.929134018719196320e-03
-2.170075289905071259e-02
1.399755179882049561e-01
-3.670428693294525146e-02
8.950859308242797852e-02
7.555678486824035645e-02
6.116273999214172363e-02
5.071134120225906372e-02
4.083046689629554749e-02
3.280289098620414734e-02
2.371500432491302490e-02
1.800894923508167267e-02
1.344714034348726273e-02
1.097052544355392456e-02
5.401332862675189972e-03
2.723517827689647675e-03
9.627484250813722610e-04
-7.173865451477468014e-04
-2.404972212389111519e-03
3.448353963904082775e-04
