5.011740140616893768e-04
4.463503137230873108e-03
4.248937126249074936e-03
-1.070778933353722095e-03
-1.305323530687019229e-04
2.532802755013108253e-03
-1.964215887710452080e-03
3.486519446596503258e-03
2.623928710818290710e-03
2.558974316343665123e-03
2.538656583055853844e-03
-1.552872243337333202e-03
-3.040374023839831352e-03
-1.145539063145406544e-04
-2.407038351520895958e-03
6.154122529551386833e-04
3.685668925754725933e-04
6.089227972552180290e-04
-3.201802901457995176e-04
1.657917047850787640e-03
4.073431249707937241e-03
3.342983312904834747e-03
5.057781003415584564e-03
5.738316103816032410e-03
6.403953302651643753e-03
7.962698116898536682e-03
9.559708647429943085e-03
1.266711018979549408e-02
1.250124350190162659e-02
1.865985244512557983e-02
1.978502422571182251e-02
-7.470478117465972900e-02
2.817244827747344971e-01
-2.226127684116363525e-01
-1.223075613379478455e-01
-7.329850643873214722e-02
-5.009307339787483215e-02
-3.730690106749534607e-02
-2.726898528635501862e-02
-1.987086050212383270e-02
-1.449679955840110779e-02
-9.118110872805118561e-03
-6.126638967543840408e-03
-5.398941691964864731e-03
-3.400556044653058052e-03
1.905966666527092457e-03
1.346834236755967140e-03
1.469434821046888828e-03
1.872193999588489532e-03
2.044201130047440529e-03
2.359583508223295212e-03
-8.833329775370657444e-04
5.725780501961708069e-03
5.851780064404010773e-03
4.328734707087278366e-03
6.316586397588253021e-03
5.071640480309724808e-03
3.415305865928530693e-03
3.884634934365749359e-03
2.070516813546419144e-03
5.646717268973588943e-03
4.064138047397136688e-04
6.414377130568027496e-03
7.923153229057788849e-03
9.356695227324962616e-03
