-7.688312791287899017e-03
1.352172228507697582e-03
-9.593087597750127316e-04
-4.667709581553936005e-03
-1.521391095593571663e-03
-1.361227012239396572e-03
-5.448522046208381653e-03
3.415002254769206047e-03
-1.538208569400012493e-03
-1.887403195723891258e-03
1.260108183487318456e-05
-3.825597697868943214e-03
1.162406639195978642e-03
-4.736660514026880264e-03
-2.655494063219521195e-05
-1.465147128328680992e-03
2.173384185880422592e-03
-2.643407322466373444e-03
-2.067148918285965919e-03
-2.425582380965352058e-03
-3.046496538445353508e-03
1.058404566720128059e-03
3.270765300840139389e-04
-6.298153311945497990e-04
-4.175330977886915207e-03
2.558945212513208389e-03
-2.764176810160279274e-03
-1.748882699757814407e-03
1.332669635303318501e-04
7.788332877680659294e-04
3.768537135329097509e-04
2.063037361949682236e-03
2.080751117318868637e-03
-4.448477644473314285e-03
-1.431636279448866844e-03
3.931062296032905579e-03
-9.669924620538949966e-04
-1.712182769551873207e-03
2.396397059783339500e-03
1.059718080796301365e-03
6.227401318028569221e-04
-5.637536742142401636e-05
3.244326915591955185e-03
2.322774147614836693e-03
1.575166475959122181e-03
1.527941552922129631e-03
5.506831803359091282e-04
2.375626936554908752e-03
4.607813898473978043e-03
4.218165297061204910e-03
5.589274223893880844e-03
7.150992285460233688e-03
6.032418459653854370e-03
1.060762908309698105e-02
1.503595896065235138e-02
1.860371790826320648e-02
2.427180111408233643e-02
3.096934966742992401e-02
4.031041637063026428e-02
6.000381708145141602e-02
9.554320573806762695e-02
1.882007271051406860e-01
3.951126933097839355e-01
-5.484915375709533691e-01
-5.882912874221801758e-01
2.655299007892608643e-01
1.218585297465324402e-01
5.408800020813941956e-02
2.870526164770126343e-02
1.600387133657932281e-02
9.370425716042518616e-03
6.759877316653728485e-03
3.053187392652034760e-03
9.290387388318777084e-04
-2.892050193622708321e-03
-2.390535315498709679e-03
-3.750825533643364906e-03
-3.560570767149329185e-03
-3.868294414132833481e-03
-5.819901823997497559e-03
-3.408995456993579865e-03
-1.595090725459158421e-03
-6.314096041023731232e-03
-5.120040383189916611e-03
-3.612108528614044189e-03
-3.076074644923210144e-03
-2.642413368448615074e-03
-4.142463207244873047e-03
-2.580860862508416176e-03
-4.529261495918035507e-03
-2.221700735390186310e-03
-4.670187830924987793e-03
-3.388081910088658333e-03
-2.223726129159331322e-03
-3.631218569353222847e-03
-2.877729479223489761e-03
1.258761156350374222e-03
-3.789872396737337112e-03
-9.838938713073730469e-04
-8.658246370032429695e-04
-1.082554575987160206e-03
1.275994232855737209e-03
-3.052079817280173302e-03
7.200804539024829865e-04
-3.185552079230546951e-03
-5.292635876685380936e-03
-1.428291900083422661e-03
1.086387084797024727e-03
2.013083547353744507e-03
-2.144771395251154900e-03
-2.106758998706936836e-03
-4.724747966974973679e-03
-4.595428239554166794e-03
-1.502952887676656246e-03
-1.085250696633011103e-04
2.621580846607685089e-03
-4.495182074606418610e-03
-4.131417081225663424e-04
-1.880048541352152824e-03
1.807088265195488930e-03
-6.073975004255771637e-03
-4.009873606264591217e-03
4.453343804925680161e-03
-2.398971992079168558e-04
-5.749714327976107597e-04
-4.124429542571306229e-03
-2.053186995908617973e-03
-4.736335016787052155e-03
-3.758269827812910080e-03
