-3.467076458036899567e-03
3.664741525426506996e-04
1.496504643000662327e-03
5.262875929474830627e-04
2.492118510417640209e-04
-3.305919817648828030e-04
-5.264545325189828873e-04
-1.359783927910029888e-03
-2.903825603425502777e-03
-1.605111407116055489e-03
-6.782143027521669865e-04
-8.595343679189682007e-04
1.401712768711149693e-03
-6.522865733131766319e-04
-2.376096090301871300e-03
-2.534005558118224144e-03
-1.377723645418882370e-03
-1.820077071897685528e-03
-4.449731670320034027e-03
-6.068903021514415741e-03
-5.471199285238981247e-03
-4.500427283346652985e-03
-5.655278451740741730e-03
-6.592104211449623108e-03
-6.278106942772865295e-03
-6.773517001420259476e-03
-7.828574627637863159e-03
-8.272236213088035583e-03
-7.173648104071617126e-03
1.621191404410637915e-05
1.632911153137683868e-02
-1.974506527185440063e-01
-2.756671011447906494e-01
2.147729694843292236e-01
1.185800805687904358e-01
7.061833143234252930e-02
4.579012095928192139e-02
3.413104638457298279e-02
2.428038418292999268e-02
1.706718653440475464e-02
1.043105591088533401e-02
8.076921105384826660e-03
4.133691079914569855e-03
1.457240898162126541e-03
-2.231629332527518272e-04
2.262074267491698265e-04
-1.773158553987741470e-03
-1.945034600794315338e-03
-3.954197280108928680e-03
-2.374578732997179031e-03
-2.563622314482927322e-03
-3.084983036387711763e-04
-4.135929513722658157e-03
-4.873182158917188644e-03
-3.306699916720390320e-03
-1.357908477075397968e-03
-2.748363884165883064e-03
-5.548545159399509430e-03
-5.738479667343199253e-04
-5.054100882261991501e-03
-1.680963090620934963e-03
-2.749980660155415535e-03
-3.848557360470294952e-03
-5.604156758636236191e-03
-3.099576104432344437e-03
