1.338744332315400243e-04
4.287425894290208817e-03
3.032345790416002274e-03
3.458136634435504675e-04
-2.028875169344246387e-04
1.141371394624002278e-04
-1.585025689564645290e-03
-6.884143222123384476e-04
-2.218877198174595833e-03
-2.587117720395326614e-03
-3.611030522733926773e-03
-3.529939567670226097e-04
4.402886610478162766e-03
1.543351821601390839e-02
3.053773753345012665e-02
-1.131961867213249207e-01
6.858893483877182007e-02
-9.908620268106460571e-02
-7.365638017654418945e-02
-5.573855713009834290e-02
-4.059159755706787109e-02
-2.865033224225044250e-02
-2.194241993129253387e-02
-1.444405876100063324e-02
-9.341939352452754974e-03
-3.265704028308391571e-03
2.213973086327314377e-03
1.862902077846229076e-03
4.000906366854906082e-03
2.760991221293807030e-03
7.832199335098266602e-03
4.376872908324003220e-03
6.249229423701763153e-03
