7.947572506964206696e-03
1.162059511989355087e-02
-1.771187968552112579e-02
-4.667718021664768457e-04
-4.799395333975553513e-03
-1.404820103198289871e-02
-8.799930103123188019e-03
-2.045709639787673950e-02
-7.305182516574859619e-03
-5.828736349940299988e-03
-3.641002986114472151e-04
-1.590147241950035095e-02
-2.412619628012180328e-02
-3.065239638090133667e-02
-8.867028169333934784e-03
-1.351085305213928223e-02
-1.430139224976301193e-02
-1.427073124796152115e-02
-8.709453977644443512e-03
-8.583737537264823914e-03
-8.064501918852329254e-03
-3.586641047149896622e-03
2.555295825004577637e-03
-2.006867900490760803e-02
-4.560289904475212097e-03
-2.221292816102504730e-03
-7.552019087597727776e-04
-1.420820597559213638e-03
-1.893941516755148768e-04
1.618916867300868034e-03
-2.131563378497958183e-04
-7.358759175986051559e-04
5.638088565319776535e-03
6.855316925793886185e-03
1.118407770991325378e-02
1.065365411341190338e-02
1.317145954817533493e-02
1.387342903763055801e-02
1.650905050337314606e-02
1.723166741430759430e-02
2.053392864763736725e-02
2.271161042153835297e-02
4.263744130730628967e-02
2.540857158601284027e-02
2.983230911195278168e-02
3.024573624134063721e-02
3.232264146208763123e-02
3.308707103133201599e-02
3.457026928663253784e-02
3.706571087241172791e-02
3.998695313930511475e-02
4.143654555082321167e-02
4.294621571898460388e-02
4.672615230083465576e-02
4.654114693403244019e-02
5.165375396609306335e-02
5.700987949967384338e-02
3.807609528303146362e-02
4.507134482264518738e-02
5.742738023400306702e-02
-6.854907143861055374e-03
-9.026204235851764679e-03
-4.526369646191596985e-02
9.478576481342315674e-02
-9.975512325763702393e-02
-6.174330785870552063e-02
1.630195416510105133e-02
-5.371142923831939697e-02
-5.214197188615798950e-02
-5.870972573757171631e-02
-4.369685798883438110e-02
-3.596529364585876465e-02
-2.447018958628177643e-02
-2.989404089748859406e-02
-2.168412134051322937e-02
-1.960157230496406555e-02
-1.696551963686943054e-02
-8.728294633328914642e-03
-1.986151328310370445e-03
-7.738009095191955566e-03
-5.662613082677125931e-03
-4.574116785079240799e-03
-1.666854252107441425e-03
-1.934047555550932884e-03
-1.926408149302005768e-03
-2.126284176483750343e-03
-7.404875359497964382e-04
2.544727176427841187e-04
2.331124051124788821e-06
1.604304561624303460e-04
-5.113869556225836277e-04
-1.189123286167159677e-04
7.649470935575664043e-04
-1.312109930040605832e-06
4.015149606857448816e-04
-2.347803820157423615e-04
2.238340384792536497e-04
-1.583794713951647282e-03
-5.788340349681675434e-04
-1.679926936049014330e-04
-1.076899119652807713e-03
-1.953381142811849713e-04
-2.485399832949042320e-03
-1.750150579027831554e-03
1.168966991826891899e-03
-4.290837387088686228e-04
-1.176309771835803986e-03
1.038596965372562408e-03
7.116972934454679489e-03
6.151379202492535114e-04
9.348672465421259403e-04
4.370373673737049103e-03
1.705549075268208981e-03
-4.678467812482267618e-04
1.627194287721067667e-04
5.259077530354261398e-03
-1.333308988250792027e-03
-5.556514021009206772e-03
-3.826526459306478500e-03
-2.908300608396530151e-03
3.112996462732553482e-03
6.941755302250385284e-03
1.253429707139730453e-02
-2.246990613639354706e-02
-9.974019601941108704e-03
-7.448092103004455566e-03
-1.155190542340278625e-02
6.536181550472974777e-03
-1.159867178648710251e-02
