-1.184868626296520233e-03
-3.056053537875413895e-03
-2.319925464689731598e-03
-2.917730307672172785e-04
-2.208509482443332672e-03
-1.774550066329538822e-03
-3.540942445397377014e-03
-1.841514953412115574e-03
-2.985434141010046005e-03
-4.240660462528467178e-03
-2.024167682975530624e-03
-5.295446142554283142e-03
-4.003107547760009766e-03
-4.963661078363656998e-03
-4.388516303151845932e-03
-3.502355189993977547e-03
-4.006240516901016235e-03
-4.488692153245210648e-03
-4.338340833783149719e-03
-6.254112347960472107e-03
-6.401190534234046936e-03
-6.021776236593723297e-03
-4.463504534214735031e-03
-7.114338688552379608e-03
-5.015387199819087982e-03
-4.398815333843231201e-03
-9.398965048603713512e-04
5.516207776963710785e-03
1.789422892034053802e-02
5.801148712635040283e-02
1.309335082769393921e-01
-4.690584540367126465e-01
-5.333651304244995117e-01
1.845942288637161255e-01
9.287170320749282837e-02
4.482273384928703308e-02
2.536452189087867737e-02
1.744311302900314331e-02
9.711669757962226868e-03
5.814584437757730484e-03
6.022586952894926071e-03
2.401509322226047516e-03
1.642226707190275192e-03
3.887396305799484253e-03
2.027007431024685502e-04
5.289105465635657310e-04
-6.842676666565239429e-04
-3.007842227816581726e-03
-2.441732445731759071e-03
2.595510741230100393e-04
-3.374033549334853888e-04
-3.082941111642867327e-04
-1.380815170705318451e-03
-1.521913916803896427e-03
2.879974199458956718e-04
-1.101401052437722683e-03
-7.962242816574871540e-04
-1.086904812837019563e-04
1.151920878328382969e-03
6.406838074326515198e-04
2.628963207826018333e-03
3.329820232465863228e-03
1.603248994797468185e-03
-4.159936215728521347e-03
-7.399762980639934540e-03
