-1.283204881474375725e-03
-9.622129728086292744e-04
-1.823457423597574234e-03
-1.276184455491602421e-03
-3.573827678337693214e-03
6.501518073491752148e-04
5.884275888092815876e-04
2.561970148235559464e-03
-1.886554644443094730e-03
1.878524897620081902e-03
4.061756655573844910e-03
2.213669009506702423e-03
4.726525396108627319e-03
2.238886430859565735e-03
9.662842494435608387e-04
1.274758833460509777e-03
-1.137675717473030090e-03
-2.900864230468869209e-03
-7.312294095754623413e-03
-1.272463612258434296e-02
-2.261729165911674500e-02
-3.068836592137813568e-02
-4.251698032021522522e-02
-5.756713077425956726e-02
-7.052460312843322754e-02
-8.615246415138244629e-02
-1.075609400868415833e-01
-1.363858878612518311e-01
-1.692233681678771973e-01
-2.274075746536254883e-01
-1.471461057662963867e-01
3.446564823389053345e-02
2.202174998819828033e-02
9.609971940517425537e-02
8.246082812547683716e-02
8.320666104555130005e-02
6.233111768960952759e-02
4.147445037961006165e-02
3.303337842226028442e-02
2.325476147234439850e-02
1.724524796009063721e-02
1.289556920528411865e-02
1.021323539316654205e-02
6.380036473274230957e-03
3.898792667314410210e-03
4.896019585430622101e-03
2.631496870890259743e-03
1.261209952645003796e-03
3.166336682625114918e-04
2.665308420546352863e-04
2.860311069525778294e-04
-1.261737314052879810e-03
-7.515829638577997684e-04
-2.031917683780193329e-03
-1.741020940244197845e-03
-4.222419112920761108e-03
-3.087068442255258560e-03
-2.843392780050635338e-03
-1.385038602165877819e-03
1.330390688963234425e-03
3.102432703599333763e-03
1.182828447781503201e-03
5.278454162180423737e-03
3.140582237392663956e-03
1.255214330740272999e-03
