1.838780939579010010e-03
5.371432285755872726e-03
-9.183316724374890327e-04
-1.067001465708017349e-02
-2.638310380280017853e-02
-4.573900997638702393e-02
-7.279855757951736450e-02
-1.094493120908737183e-01
-1.334946453571319580e-01
8.023890107870101929e-02
-6.386485695838928223e-02
2.014675177633762360e-03
-8.673605509102344513e-03
-6.866010837256908417e-03
-4.406737629324197769e-03
-1.195075223222374916e-03
1.007329090498387814e-03
2.333247335627675056e-03
3.171102842316031456e-03
4.500868730247020721e-03
7.405335083603858948e-03
