-4.204739350825548172e-03
-3.477521240711212158e-03
-7.907377439551055431e-04
-1.506143715232610703e-03
-4.043286025989800692e-04
-3.595387795940041542e-03
-9.865642059594392776e-04
-3.427097573876380920e-03
-2.494717715308070183e-03
-6.308488547801971436e-03
-3.532697679474949837e-03
-4.238167311996221542e-03
-3.610040992498397827e-03
-2.495748223736882210e-03
-1.579928211867809296e-03
-4.503839183598756790e-03
-4.217236302793025970e-03
-5.585703067481517792e-03
-3.930418286472558975e-03
-5.435019265860319138e-03
-4.273495171219110489e-03
-4.483052063733339310e-03
-5.121057387441396713e-03
-5.856490693986415863e-03
-6.057194899767637253e-03
-7.406285963952541351e-03
-5.877896212041378021e-03
-2.916191006079316139e-03
3.846728941425681114e-03
2.048815786838531494e-02
6.964974850416183472e-02
-2.690296769142150879e-01
-4.317040741443634033e-01
1.963520199060440063e-01
1.054606214165687561e-01
5.695778131484985352e-02
3.497436270117759705e-02
2.449903264641761780e-02
1.624094694852828979e-02
1.194961089640855789e-02
7.150426506996154785e-03
6.075190380215644836e-03
4.564853850752115250e-03
1.708624302409589291e-03
1.835677248891443014e-04
-1.671188394539058208e-03
-1.268367283046245575e-03
-3.024035831913352013e-04
-5.303648649714887142e-04
-1.225259271450340748e-03
-1.528928056359291077e-03
-2.838414628058671951e-03
-1.090820413082838058e-03
-3.750937990844249725e-03
-2.387693151831626892e-03
-5.098087713122367859e-03
-9.712199098430573940e-04
-3.071554005146026611e-03
-3.556194016709923744e-03
-2.224863041192293167e-03
-1.740298350341618061e-03
-5.638837814331054688e-03
-1.814495539292693138e-03
1.377758744638413191e-04
-4.152638837695121765e-03
