1.235163421370089054e-03
3.813278162851929665e-03
1.380390953272581100e-03
-7.427782402373850346e-04
-1.433249417459592223e-04
2.879789972212165594e-04
-2.297624596394598484e-04
3.590453125070780516e-04
-1.112375641241669655e-03
-6.602637004107236862e-04
-2.474025241099298000e-04
-1.220355741679668427e-03
3.808431501965969801e-04
-1.030191662721335888e-03
8.044620626606047153e-04
7.879887707531452179e-04
-1.493184128776192665e-03
-2.427688566967844963e-03
-1.109439253923483193e-04
-7.939619827084243298e-04
-2.414356917142868042e-03
-1.977706328034400940e-03
-1.801136299036443233e-03
-1.255479641258716583e-03
-9.951298125088214874e-04
-2.757258247584104538e-03
-1.598981791175901890e-03
-3.147519193589687347e-03
-4.378189332783222198e-03
-4.557786043733358383e-03
-4.486456979066133499e-03
-3.085350850597023964e-03
-4.200784023851156235e-03
-4.243602044880390167e-03
-5.588646512478590012e-03
-6.293335929512977600e-03
-6.148147862404584885e-03
-6.897206883877515793e-03
-6.150486413389444351e-03
-5.732062738388776779e-03
-6.335654761642217636e-03
-6.966560147702693939e-03
-9.671947918832302094e-03
-7.737008854746818542e-03
-8.784944191575050354e-03
-7.462468929588794708e-03
-7.237419951707124710e-03
-4.744715057313442230e-03
-5.494286771863698959e-03
-6.031686905771493912e-03
-5.012733861804008484e-03
-3.687025513499975204e-03
-2.840001834556460381e-04
1.240689540281891823e-03
6.586257368326187134e-03
1.138099189847707748e-02
2.085127122700214386e-02
2.574487775564193726e-02
4.609993845224380493e-02
7.531084865331649780e-02
1.263163834810256958e-01
2.338526695966720581e-01
4.068625867366790771e-01
-6.855254769325256348e-01
-7.189289927482604980e-01
4.898808002471923828e-01
2.721488773822784424e-01
1.530359536409378052e-01
9.617525339126586914e-02
6.870055198669433594e-02
5.467705428600311279e-02
4.431986436247825623e-02
3.523674979805946350e-02
2.752750553190708160e-02
2.133540436625480652e-02
1.942519843578338623e-02
1.589718088507652283e-02
1.580524258315563202e-02
1.109811291098594666e-02
1.139023900032043457e-02
9.819373488426208496e-03
7.596301380544900894e-03
6.582199595868587494e-03
7.031144574284553528e-03
4.900795407593250275e-03
5.779255181550979614e-03
4.506704863160848618e-03
2.974730450659990311e-03
2.589402021840214729e-03
2.242588205263018608e-03
2.387960208579897881e-03
2.403721679002046585e-03
2.212838968262076378e-03
1.950093079358339310e-03
1.862030359916388988e-03
1.024824683554470539e-03
1.225337968207895756e-03
1.469914917834103107e-03
5.176718696020543575e-04
1.417229184880852699e-03
-1.164489192888140678e-03
-3.354915534146130085e-04
-4.761995514854788780e-04
-1.819672761484980583e-04
-4.302273155190050602e-04
6.540524191223084927e-04
-4.117531352676451206e-04
-1.648058241698890924e-04
1.482207793742418289e-03
9.614645023248158395e-06
2.968238259200006723e-04
2.114634728059172630e-03
1.011830987408757210e-03
1.441048341803252697e-03
-4.818468296434730291e-04
-1.455997553421184421e-04
4.760999581776559353e-04
7.013783906586468220e-04
1.747057394823059440e-04
3.166033886373043060e-03
-1.172248274087905884e-03
1.218020217493176460e-03
1.970103476196527481e-03
-4.693890223279595375e-04
1.018917770124971867e-03
-1.090706558898091316e-03
-1.340173184871673584e-03
-1.582483062520623207e-03
3.036556008737534285e-04
