3.257037140429019928e-03
2.462421834934502840e-04
3.602145705372095108e-03
1.448767143301665783e-03
6.434942595660686493e-03
1.170216244645416737e-03
2.962997416034340858e-03
-4.372827243059873581e-03
-4.714615060947835445e-04
3.067680634558200836e-03
-2.181373129133135080e-04
7.803585613146424294e-04
3.424172289669513702e-03
-1.378652177663752809e-05
-1.317262533120810986e-03
1.585090882144868374e-03
6.258262437768280506e-04
1.458912156522274017e-03
-3.824764644377864897e-05
5.310105625540018082e-03
5.946125384070910513e-05
-7.530924631282687187e-04
1.088489778339862823e-03
5.427136085927486420e-03
3.063867101445794106e-03
2.821189584210515022e-03
3.280076431110501289e-03
2.550386416260153055e-04
5.059988703578710556e-03
5.546160900848917663e-05
2.800514223054051399e-03
3.659959184005856514e-03
1.804364495910704136e-03
1.926855882629752159e-03
1.505835563875734806e-03
2.970765810459852219e-03
3.017931710928678513e-03
3.125639399513602257e-03
2.898799488320946693e-03
3.513711737468838692e-03
4.461931530386209488e-03
5.007339175790548325e-03
3.843117039650678635e-03
2.970677101984620094e-03
3.609454026445746422e-03
2.872523153200745583e-03
2.861693967133760452e-03
4.655393771827220917e-03
3.888184437528252602e-03
2.202620729804039001e-03
2.526361262425780296e-03
1.997251063585281372e-03
1.813343958929181099e-03
2.366955624893307686e-03
-6.091407267376780510e-04
-1.262292382307350636e-03
-6.919687613844871521e-03
-8.025066927075386047e-03
-1.560822874307632446e-02
-2.500292845070362091e-02
-5.210797488689422607e-02
-1.155067160725593567e-01
-2.541724741458892822e-01
7.293090224266052246e-01
8.914752602577209473e-01
-3.505577445030212402e-01
-1.746506541967391968e-01
-9.107425063848495483e-02
-5.473642051219940186e-02
-3.572027757763862610e-02
-2.710625156760215759e-02
-1.726915873587131500e-02
-1.681816577911376953e-02
-1.155904587358236313e-02
-1.148400548845529556e-02
-7.232064381241798401e-03
-5.580196157097816467e-03
-6.567292381078004837e-03
-3.458944614976644516e-03
-2.309001050889492035e-03
-1.962561858817934990e-03
-1.682098838500678539e-03
-1.023061107844114304e-03
1.384311355650424957e-03
-1.236272626556456089e-03
3.872632805723696947e-04
1.014271401800215244e-03
-1.172368138213641942e-04
2.535860403440892696e-04
7.328360807150602341e-04
6.371864583343267441e-04
1.612825552001595497e-03
2.531754726078361273e-04
3.057429566979408264e-03
2.028758171945810318e-03
-3.129944961983710527e-04
-3.743264242075383663e-04
8.526185411028563976e-04
-4.409342363942414522e-04
7.553903269581496716e-04
2.291330136358737946e-03
-6.744034471921622753e-04
1.230822759680449963e-03
2.419583179289475083e-04
5.346596008166670799e-04
8.849628648022189736e-05
9.388072066940367222e-04
3.987507894635200500e-03
-6.578976172022521496e-04
2.186932368203997612e-03
2.196805551648139954e-03
2.039971528574824333e-03
1.430085743777453899e-03
6.909369258210062981e-04
-4.356914723757654428e-04
-4.026049282401800156e-03
-1.492503448389470577e-03
-2.567044459283351898e-03
-1.543720019981265068e-03
-1.895326189696788788e-03
-1.195452408865094185e-03
-9.876930853351950645e-04
1.848377403803169727e-03
2.915898803621530533e-03
-7.090300205163657665e-04
1.635100692510604858e-03
-5.556500400416553020e-04
2.639784943312406540e-03
3.725263290107250214e-03
