2.231288701295852661e-03
-5.735383369028568268e-03
-3.478038357570767403e-03
3.018467221409082413e-03
2.466763835400342941e-03
6.961540784686803818e-03
-1.863784389570355415e-03
-2.381788333877921104e-03
4.245267191436141729e-04
1.875987742096185684e-03
-1.410418888553977013e-03
6.758352392353117466e-04
-1.834374503232538700e-03
-1.551498309709131718e-03
1.076088286936283112e-03
-1.755261450853140559e-06
1.949125900864601135e-03
1.474095508456230164e-03
4.401278565637767315e-04
2.260333625599741936e-03
2.482474781572818756e-03
3.892629174515604973e-03
5.833803676068782806e-03
6.347340065985918045e-03
9.153404273092746735e-03
1.322344690561294556e-02
1.663080975413322449e-02
2.313926443457603455e-02
2.869191020727157593e-02
5.192004516720771790e-02
9.908691793680191040e-02
-1.328433165326714516e-03
1.523386389017105103e-01
-2.380240708589553833e-01
-1.434113681316375732e-01
-8.871141821146011353e-02
-5.955594033002853394e-02
-4.319240525364875793e-02
-3.157264366745948792e-02
-2.304785326123237610e-02
-1.863822340965270996e-02
-1.316240988671779633e-02
-8.638279512524604797e-03
-3.753968281671404839e-03
-4.956298042088747025e-03
-1.506170956417918205e-03
-9.354742360301315784e-05
2.168622741010040045e-04
2.883078763261437416e-03
4.393674433231353760e-03
2.995693823322653770e-03
4.780352581292390823e-03
4.303311929106712341e-03
6.501976866275072098e-03
-1.842037308961153030e-04
-1.240812853211537004e-04
5.781207699328660965e-03
-9.916262933984398842e-05
9.277302888222038746e-04
5.874344613403081894e-03
2.939789090305566788e-03
2.906251000240445137e-03
5.836035124957561493e-03
2.902437001466751099e-03
-3.254769137129187584e-03
