1.959722302854061127e-02
1.480405963957309723e-02
5.558726843446493149e-03
-6.224169395864009857e-03
-3.676849603652954102e-02
-7.696232944726943970e-02
-1.377974897623062134e-01
-2.224233448505401611e-01
-2.933231592178344727e-01
1.013031229376792908e-01
-1.827851086854934692e-01
-3.214969547116197646e-05
-1.603725738823413849e-02
-2.287586778402328491e-02
-1.681365817785263062e-02
-6.424997467547655106e-03
-1.652098493650555611e-03
-8.969937916845083237e-04
4.870041273534297943e-03
5.408041179180145264e-03
-7.687349338084459305e-03
