-2.654915675520896912e-03
-4.334887955337762833e-03
-4.961384925991296768e-03
-1.903630420565605164e-02
-2.941026166081428528e-02
-4.849739372730255127e-02
-6.897730380296707153e-02
-1.049032583832740784e-01
-1.332482993602752686e-01
1.142985001206398010e-01
-1.030951961874961853e-01
1.706435228697955608e-03
-1.266870182007551193e-02
-1.434022746980190277e-02
-1.117388252168893814e-02
-6.803806405514478683e-03
-4.365616943687200546e-03
-3.667631652206182480e-03
1.395874889567494392e-03
-1.688441610895097256e-03
-1.058315276168286800e-03
