-8.845567354001104832e-04
2.691595000214874744e-04
4.209667094983160496e-04
-3.033468092326074839e-04
-1.129665877670049667e-03
-9.586585219949483871e-04
2.830570156220346689e-04
-1.596907502971589565e-03
-2.539651468396186829e-03
-8.956113597378134727e-04
-2.816149732097983360e-03
-3.741263644769787788e-04
1.548869186080992222e-03
1.029573380947113037e-02
2.117137610912322998e-02
-1.330803632736206055e-01
1.227544769644737244e-01
-9.917612373828887939e-02
-7.246146351099014282e-02
-5.192170664668083191e-02
-3.900773450732231140e-02
-2.793857827782630920e-02
-1.791707985103130341e-02
-1.152768079191446304e-02
-6.667134352028369904e-03
-3.067617304623126984e-03
-7.067210390232503414e-04
-2.945832675322890282e-04
3.335980931296944618e-03
2.586481161415576935e-03
7.195544894784688950e-04
6.004194263368844986e-03
1.132478751242160797e-02
