3.027318743988871574e-03
-2.546783536672592163e-03
-3.989430260844528675e-04
-4.606503061950206757e-03
4.228181671351194382e-03
1.873266696929931641e-02
4.178022220730781555e-02
6.319151818752288818e-02
6.936275213956832886e-02
8.389038592576980591e-02
1.923712193965911865e-01
-1.168931573629379272e-01
-1.297900229692459106e-01
-1.003517061471939087e-01
-6.092025712132453918e-02
-2.220918610692024231e-02
2.927948720753192902e-03
1.448652520775794983e-02
2.612033858895301819e-02
1.444511208683252335e-02
1.370798237621784210e-02
