-2.148954430595040321e-03
3.718153107911348343e-03
1.545262988656759262e-02
2.364383824169635773e-02
3.897232189774513245e-02
5.170711874961853027e-02
5.577445030212402344e-02
4.565980285406112671e-02
1.854854077100753784e-02
3.179853260517120361e-01
2.230272442102432251e-01
-6.069568172097206116e-02
-4.981303960084915161e-02
-4.144280776381492615e-02
-3.496466577053070068e-02
-2.925676293671131134e-02
-2.203736081719398499e-02
-1.943838596343994141e-02
-6.000731140375137329e-03
6.314196623861789703e-03
3.633640473708510399e-03
