-5.618443712592124939e-03
3.211932489648461342e-03
-8.387980982661247253e-03
-5.831412505358457565e-03
-3.589613363146781921e-03
4.631529096513986588e-03
4.930108319967985153e-03
5.280507728457450867e-03
1.235987059772014618e-02
1.802662387490272522e-02
2.692687883973121643e-02
3.736170008778572083e-02
4.928975179791450500e-02
6.570835411548614502e-02
8.972803503274917603e-02
-7.897907495498657227e-02
1.021828651428222656e-01
-1.885217055678367615e-02
-1.165032852441072464e-02
-2.074258169159293175e-03
2.615554258227348328e-03
2.404086757451295853e-03
3.233715193346142769e-03
5.722942878492176533e-04
1.960356254130601883e-03
-1.199151738546788692e-03
1.398973516188561916e-03
1.159694045782089233e-03
-1.087313867174088955e-04
2.745948266237974167e-03
-2.521150781831238419e-05
-1.630526734516024590e-03
-3.990819677710533142e-03
