-2.716331218834966421e-04
-2.123048063367605209e-03
-4.780529998242855072e-03
-2.103382721543312073e-03
-2.529175253584980965e-03
-3.864357713609933853e-03
4.856909508816897869e-04
-1.648729201406240463e-03
1.654069288633763790e-03
-1.999157248064875603e-04
7.179848616942763329e-04
-8.462031837552785873e-04
-4.716515541076660156e-04
-1.523168524727225304e-03
-9.429168130736798048e-05
-2.162559889256954193e-03
-2.421944867819547653e-03
-2.412058413028717041e-03
-3.519949270412325859e-03
-4.570120014250278473e-03
-4.552521742880344391e-03
-3.059951588511466980e-03
-5.022629164159297943e-03
-6.149452645331621170e-03
-6.518198642879724503e-03
-8.591121062636375427e-03
-8.599163033068180084e-03
-9.852418676018714905e-03
-8.568313904106616974e-03
-7.881756871938705444e-03
6.992361042648553848e-03
-1.875467151403427124e-01
-2.531683146953582764e-01
2.139870971441268921e-01
1.224083453416824341e-01
7.235321402549743652e-02
4.691217839717864990e-02
3.388499096035957336e-02
2.481727488338947296e-02
1.640931144356727600e-02
1.273469906300306320e-02
8.850799873471260071e-03
5.908412858843803406e-03
3.665546653792262077e-03
4.054745659232139587e-05
7.624275749549269676e-04
-4.180067626293748617e-04
-2.275352133437991142e-03
-2.734545152634382248e-03
-4.360712133347988129e-03
-4.245664458721876144e-03
-3.646104130893945694e-03
-3.783344989642500877e-03
-3.799487138167023659e-03
-4.922459833323955536e-03
-5.081574432551860809e-03
-3.852021414786577225e-03
3.245520056225359440e-04
4.985788254998624325e-04
-4.386155400425195694e-03
-4.967657849192619324e-03
-7.202947046607732773e-03
-1.740113017149269581e-03
-6.030642427504062653e-03
2.938689613074529916e-05
