2.028875984251499176e-03
-3.821937425527721643e-04
3.445278387516736984e-03
4.859225824475288391e-03
8.487816900014877319e-03
-1.947814133018255234e-03
3.258192446082830429e-03
1.254058093763887882e-03
6.501008756458759308e-04
-1.124615082517266273e-03
5.182954555493779480e-05
-1.034578308463096619e-03
1.794786308892071247e-03
1.002002856694161892e-03
-4.195883520878851414e-04
2.907782327383756638e-04
-9.972867555916309357e-04
-4.445131344255059958e-04
1.441397122107446194e-03
2.239781897515058517e-03
2.450642408803105354e-03
6.035376340150833130e-03
7.048005238175392151e-03
1.032727118581533432e-02
1.446063071489334106e-02
2.263449691236019135e-02
3.090383671224117279e-02
4.620924592018127441e-02
6.898844987154006958e-02
1.200493499636650085e-01
1.898588389158248901e-01
-4.470697045326232910e-02
4.321718961000442505e-02
-1.861479729413986206e-01
-1.602681875228881836e-01
-1.171218454837799072e-01
-8.387764543294906616e-02
-6.290902197360992432e-02
-4.981387779116630554e-02
-3.785055130720138550e-02
-3.046866506338119507e-02
-2.280502207577228546e-02
-1.631498150527477264e-02
-1.129762269556522369e-02
-8.887677453458309174e-03
-4.401872400194406509e-03
-1.551000750623643398e-03
8.079750114120543003e-04
3.774540498852729797e-03
3.068361431360244751e-03
3.753269324079155922e-03
4.123556427657604218e-03
4.739397263620048761e-04
3.800325561314821243e-03
2.819296205416321754e-03
5.756525788456201553e-03
5.879289936274290085e-03
4.302192479372024536e-03
6.669841241091489792e-04
-1.003377838060259819e-03
-2.245369832962751389e-03
-1.764175482094287872e-03
4.027768969535827637e-03
1.758952508680522442e-03
9.510979871265590191e-04
