4.470142070204019547e-03
2.612340496852993965e-03
-3.223996143788099289e-03
6.557831075042486191e-04
1.025066478177905083e-03
6.849447963759303093e-04
2.684515202417969704e-03
8.508711471222341061e-04
3.698983928188681602e-04
-8.006797725101932883e-05
-7.818398880772292614e-04
2.866069553419947624e-04
3.549855435267090797e-03
1.378768496215343475e-02
3.072783909738063812e-02
-1.664360016584396362e-01
1.323922574520111084e-01
-1.115886718034744263e-01
-8.012735843658447266e-02
-5.674681812524795532e-02
-4.147910699248313904e-02
-3.011898696422576904e-02
-1.827253215014934540e-02
-1.035107579082250595e-02
-5.112954415380954742e-03
1.307274447754025459e-03
1.735117519274353981e-03
1.277350529562681913e-04
2.967018866911530495e-03
4.681325051933526993e-03
5.922392476350069046e-03
2.660735510289669037e-03
7.663887925446033478e-03
