3.123356262221932411e-03
1.817345910239964724e-04
2.836390864104032516e-03
6.600727792829275131e-03
2.998849377036094666e-03
4.384343337733298540e-04
1.461017178371548653e-03
2.805586438626050949e-03
5.508006550371646881e-03
3.167268587276339531e-04
1.643237657845020294e-03
3.653308143839240074e-03
-3.139790380373597145e-03
1.680406276136636734e-03
6.878145504742860794e-04
1.768125686794519424e-03
-4.017404571641236544e-04
1.144776353612542152e-03
-8.152024820446968079e-04
-1.102207243093289435e-04
-1.010210718959569931e-03
-7.274048984982073307e-04
-3.754706354811787605e-03
-5.725886672735214233e-03
-1.071905158460140228e-02
-1.486277859658002853e-02
-2.733295038342475891e-02
-3.913092985749244690e-02
-6.204095855355262756e-02
-1.192679479718208313e-01
-2.259643077850341797e-01
5.980279445648193359e-01
2.292115539312362671e-01
-7.436098158359527588e-02
-2.365596033632755280e-02
-4.940284416079521179e-03
2.918241545557975769e-03
6.764140445739030838e-03
4.192972090095281601e-03
7.744632195681333542e-03
5.031974054872989655e-03
5.541648715734481812e-03
6.645536515861749649e-03
5.061976145952939987e-03
3.517012344673275948e-03
3.691649297252297401e-03
2.638990990817546844e-03
1.312067965045571327e-03
4.871522076427936554e-03
3.434319049119949341e-03
1.265533035621047020e-03
7.980357855558395386e-03
5.970073398202657700e-03
3.447694471105933189e-03
-8.765497477725148201e-04
2.470229519531130791e-03
1.709403470158576965e-03
4.789283964782953262e-03
-4.217620473355054855e-03
-3.080645692534744740e-04
-5.381174851208925247e-03
4.361443221569061279e-03
9.131606930168345571e-06
-2.763145603239536285e-03
5.380869377404451370e-03
