2.414378803223371506e-03
8.582448353990912437e-04
5.154856946319341660e-03
-5.204614717513322830e-04
2.537674736231565475e-03
2.768012695014476776e-03
2.976272488012909889e-03
2.316097030416131020e-03
4.542903974652290344e-03
4.399757832288742065e-03
3.378869267180562019e-03
3.928196616470813751e-03
4.126218613237142563e-03
5.985471885651350021e-03
1.350355800241231918e-03
2.583553781732916832e-03
3.146189963445067406e-03
2.179234288632869720e-03
2.748073777183890343e-03
-2.824488037731498480e-04
-2.811212791129946709e-03
-5.022050347179174423e-03
-8.012558333575725555e-03
-1.191189885139465332e-02
-1.502997241914272308e-02
-2.235944569110870361e-02
-2.857553958892822266e-02
-4.232351481914520264e-02
-6.338028609752655029e-02
-1.081171631813049316e-01
-1.931417882442474365e-01
3.335798084735870361e-01
1.369706392288208008e-01
-2.878924831748008728e-02
-3.582886187359690666e-03
5.427916068583726883e-03
5.199348088353872299e-03
5.321655888110399246e-03
6.035330239683389664e-03
4.697453230619430542e-03
3.834891598671674728e-03
5.451813340187072754e-03
4.606246016919612885e-03
2.467886311933398247e-03
2.573726000264286995e-03
4.450322594493627548e-03
3.736368147656321526e-03
1.202914281748235226e-03
2.533601829782128334e-03
1.967264572158455849e-03
1.142669352702796459e-03
2.350746653974056244e-03
2.601993735879659653e-03
5.799338687211275101e-03
5.286070518195629120e-03
-2.267481992021203041e-03
1.320780836977064610e-03
9.270599111914634705e-04
2.059635240584611893e-03
-2.781801857054233551e-03
2.057173522189259529e-03
-5.541823338717222214e-04
1.802843995392322540e-03
-5.937421228736639023e-04
3.313822671771049500e-03
