2.321698004379868507e-03
1.109242788515985012e-03
-3.164366120472550392e-03
8.583294693380594254e-04
-3.039435949176549911e-03
-3.150875214487314224e-03
2.545825263950973749e-04
-3.708682488650083542e-04
1.758291618898510933e-03
2.614510012790560722e-03
3.024068428203463554e-03
3.410063451156020164e-03
2.465748460963368416e-03
-2.441687975078821182e-03
-6.747159175574779510e-03
8.357633650302886963e-02
-4.891023412346839905e-02
7.122530788183212280e-02
5.743063241243362427e-02
4.353086650371551514e-02
3.585431352257728577e-02
2.856622263789176941e-02
2.196381427347660065e-02
1.640117727220058441e-02
1.177121046930551529e-02
8.456964045763015747e-03
5.349011626094579697e-03
2.985347993671894073e-03
1.061130315065383911e-03
4.146706312894821167e-03
-1.784191932529211044e-03
1.900647999718785286e-03
-5.382515024393796921e-03
