3.573486581444740295e-03
4.745584446936845779e-03
2.771134895738214254e-04
-8.531475759809836745e-05
4.194800741970539093e-03
2.025823108851909637e-03
6.130666588433086872e-04
-2.240291563794016838e-03
-2.928066998720169067e-03
3.368041361682116985e-04
6.924273329786956310e-04
-1.515656476840376854e-03
2.542217029258608818e-03
-1.066264347173273563e-03
4.697344847954809666e-04
-1.798626850359141827e-03
-9.138192399404942989e-05
4.520351532846689224e-03
9.249121067114174366e-04
-1.221927814185619354e-03
-1.804075669497251511e-03
1.166976406238973141e-03
1.976596424356102943e-03
2.140951575711369514e-03
3.223954234272241592e-03
2.046771580353379250e-03
6.386801251210272312e-04
5.802334635518491268e-04
6.147104431875050068e-04
9.558441233821213245e-04
1.300972886383533478e-03
1.999963074922561646e-03
9.471693774685263634e-04
-6.824019365012645721e-04
-1.061334391124546528e-03
3.365516895428299904e-04
6.338445818983018398e-04
2.609269868116825819e-04
3.518315730616450310e-03
-2.067384077236056328e-03
-2.194459550082683563e-03
9.831669740378856659e-04
-1.200118218548595905e-03
6.385879241861402988e-04
9.330871762358583510e-06
-1.453630742616951466e-03
-2.246950520202517509e-03
-3.863097168505191803e-03
-2.929982729256153107e-03
-5.184829700738191605e-03
-5.521335639059543610e-03
-6.536248605698347092e-03
-8.446393534541130066e-03
-1.172588486224412918e-02
-1.249622087925672531e-02
-1.608937233686447144e-02
-2.140399068593978882e-02
-2.842648886144161224e-02
-4.151812195777893066e-02
-6.261502951383590698e-02
-1.015954166650772095e-01
-1.898547112941741943e-01
-3.547180891036987305e-01
4.843522012233734131e-01
4.178367555141448975e-01
-2.051279544830322266e-01
-9.924683719873428345e-02
-5.088258534669876099e-02
-2.261899784207344055e-02
-1.233193743973970413e-02
-5.858162883669137955e-03
5.399021320044994354e-04
-1.234754337929189205e-03
7.146390853449702263e-04
8.648565271869301796e-04
3.412011079490184784e-03
2.258002758026123047e-03
4.728058353066444397e-03
3.548754146322607994e-03
2.458460861817002296e-03
4.416301380842924118e-03
3.329923376441001892e-03
2.288009971380233765e-03
1.662767375819385052e-03
3.440399421378970146e-03
1.536637777462601662e-03
4.038792569190263748e-03
2.429552841931581497e-03
9.997995803132653236e-04
1.662171329371631145e-03
2.882575616240501404e-03
2.188686747103929520e-03
1.640134287299588323e-04
2.934825606644153595e-03
3.509721718728542328e-03
1.602772506885230541e-03
1.246107160113751888e-03
2.410695189610123634e-03
1.085774274542927742e-03
2.025286899879574776e-03
-9.122639312408864498e-04
2.735675312578678131e-03
3.744688117876648903e-03
1.309393555857241154e-03
2.970588626340031624e-03
1.619156100787222385e-03
7.086628465913236141e-04
5.793343298137187958e-03
-4.446983803063631058e-03
2.416873583570122719e-03
-4.218553658574819565e-05
-5.139342974871397018e-04
6.550510879606008530e-04
-1.119063934311270714e-03
1.909250742755830288e-03
-2.902054693549871445e-03
2.627572510391473770e-03
1.946483622305095196e-03
8.817222551442682743e-04
1.562583260238170624e-03
3.390488564036786556e-04
1.930877100676298141e-03
-4.293005913496017456e-03
2.754779299721121788e-03
-2.933075418695807457e-03
2.266479190438985825e-03
-4.600754007697105408e-03
2.351833973079919815e-03
-3.038454335182905197e-03
