3.085047705098986626e-03
1.124041806906461716e-02
1.259551569819450378e-02
1.799517869949340820e-02
1.878255046904087067e-02
2.075178176164627075e-02
2.375425025820732117e-02
3.283387422561645508e-02
4.115011543035507202e-02
-1.983700990676879883e-01
-1.976995766162872314e-01
-1.220611575990915298e-02
-3.043695539236068726e-02
-3.606887906789779663e-02
-3.354830294847488403e-02
-2.509012259542942047e-02
-1.873407885432243347e-02
-8.853990584611892700e-03
-5.550914909690618515e-03
-6.140890996903181076e-03
-2.338930964469909668e-03
