-7.361627067439258099e-04
1.282974262721836567e-03
-2.481773495674133301e-03
-8.530737250111997128e-04
-2.139569493010640144e-03
-2.221844624727964401e-03
-1.833441434428095818e-03
9.948366787284612656e-04
1.235427102074027061e-03
1.617463189177215099e-03
1.563247526064515114e-03
3.326720616314560175e-04
5.555758834816515446e-04
-6.984626408666372299e-03
-1.752433925867080688e-02
1.363779455423355103e-01
-3.346946835517883301e-02
8.316063135862350464e-02
7.061891257762908936e-02
5.572533607482910156e-02
4.607164487242698669e-02
3.671765327453613281e-02
2.936328016221523285e-02
2.091755159199237823e-02
1.391684450209140778e-02
9.896785952150821686e-03
6.748196203261613846e-03
2.819931600242853165e-03
1.363066141493618488e-03
2.686482854187488556e-03
1.102236681617796421e-03
-7.398990419460460544e-05
-5.804226733744144440e-03
