7.715963874943554401e-04
8.199612493626773357e-04
-5.846820306032896042e-03
-2.012606896460056305e-02
-3.318797796964645386e-02
-5.431080609560012817e-02
-8.528373390436172485e-02
-1.247813180088996887e-01
-1.671550571918487549e-01
1.225419715046882629e-01
-1.431069672107696533e-01
-1.570689864456653595e-02
-2.325776964426040649e-02
-2.005951665341854095e-02
-1.548825204372406006e-02
-7.985633797943592072e-03
-3.115198807790875435e-03
-1.373923034407198429e-03
-1.672293292358517647e-04
1.230165129527449608e-03
7.040532073006033897e-04
