4.161090031266212463e-02
3.364761546254158020e-02
2.959860116243362427e-02
1.501137018203735352e-02
-4.185691848397254944e-02
-1.109211146831512451e-01
-2.435616850852966309e-01
-4.297963082790374756e-01
-3.550626933574676514e-01
1.291222721338272095e-01
2.489552199840545654e-01
9.127929061651229858e-02
8.163341879844665527e-02
3.643554449081420898e-02
6.170377507805824280e-02
4.939454793930053711e-02
4.460916668176651001e-02
2.808074094355106354e-02
9.252414107322692871e-03
-2.584991045296192169e-02
-2.942589856684207916e-02
