-5.698986351490020752e-03
-7.630408741533756256e-03
-5.482958629727363586e-03
-7.226408924907445908e-03
-3.514637937769293785e-03
-4.955150187015533447e-03
9.674049942987039685e-05
6.618752609938383102e-03
1.119907107204198837e-02
2.227209880948066711e-02
3.447996452450752258e-02
4.931595176458358765e-02
6.671906262636184692e-02
8.833339065313339233e-02
1.166389137506484985e-01
-3.864995390176773071e-02
1.173359155654907227e-01
-3.466232120990753174e-02
-1.732455007731914520e-02
-6.610630080103874207e-03
-1.043707525241188705e-04
3.664824762381613255e-04
2.291598357260227203e-03
1.796125667169690132e-03
9.671755833551287651e-04
2.166364283766597509e-04
-1.853925175964832306e-03
-6.420651916414499283e-04
3.860803262796252966e-04
9.472330566495656967e-04
-4.345289198681712151e-04
-7.701248396188020706e-04
2.526572206988930702e-04
