1.174467382952570915e-03
4.852010169997811317e-05
1.103320042602717876e-03
2.272414742037653923e-03
9.195882594212889671e-04
3.732028650119900703e-03
1.160717918537557125e-03
7.545299595221877098e-04
3.451791417319327593e-04
-6.025200127623975277e-04
3.875005349982529879e-04
1.390084042213857174e-03
4.239361733198165894e-03
9.911515517160296440e-04
3.879199502989649773e-03
1.270391803700476885e-04
1.892892061732709408e-03
1.247212756425142288e-03
8.791296277195215225e-04
1.938576460815966129e-03
1.672729267738759518e-03
1.296277623623609543e-03
3.770856128539890051e-04
1.337656867690384388e-03
7.829300593584775925e-04
1.008706167340278625e-03
2.873936202377080917e-03
1.952102873474359512e-03
1.992110628634691238e-03
3.612092696130275726e-04
1.302358927205204964e-03
8.590428624302148819e-04
1.751361065544188023e-03
2.354582771658897400e-03
1.753684482537209988e-03
4.478372633457183838e-03
1.046546967700123787e-03
3.256316063925623894e-03
3.151542739942669868e-03
3.479026956483721733e-03
2.667942084372043610e-03
2.463632728904485703e-03
3.471748670563101768e-03
2.658752957358956337e-03
3.093440551310777664e-03
2.676932374015450478e-03
4.862095694988965988e-03
3.146208822727203369e-03
3.741981927305459976e-03
3.207319648936390877e-03
2.818425651639699936e-03
1.226443215273320675e-03
3.535966388881206512e-03
1.808131579309701920e-03
9.598048054613173008e-04
-3.545293584465980530e-04
-3.878564340993762016e-03
-5.401831120252609253e-03
-1.032772008329629898e-02
-1.929499953985214233e-02
-4.289135709404945374e-02
-9.497744590044021606e-02
-2.133291661739349365e-01
6.587519049644470215e-01
8.165580034255981445e-01
-3.146110177040100098e-01
-1.562659293413162231e-01
-8.153803646564483643e-02
-4.683887585997581482e-02
-3.595478832721710205e-02
-2.564819529652595520e-02
-1.818481273949146271e-02
-1.461431663483381271e-02
-1.062652003020048141e-02
-8.813155815005302429e-03
-6.704107392579317093e-03
-5.836995784193277359e-03
-4.350308794528245926e-03
-4.769798368215560913e-03
-3.735043574124574661e-03
-2.011029748246073723e-03
-5.292184068821370602e-04
3.540166071616113186e-04
7.602557889185845852e-05
1.617065281607210636e-04
6.065102643333375454e-04
-1.884588273242115974e-03
-2.954122901428490877e-04
3.644808602984994650e-04
2.948731998912990093e-04
-2.727306273300200701e-04
-6.358997779898345470e-04
1.348394202068448067e-03
2.629704249557107687e-04
1.628445577807724476e-03
5.970618803985416889e-04
2.399611286818981171e-03
1.155940000899136066e-03
7.568654255010187626e-04
6.885771290399134159e-04
2.621456049382686615e-03
7.464722148142755032e-04
1.246568397618830204e-03
1.514084404334425926e-03
9.059456642717123032e-04
1.450346782803535461e-03
1.044746139086782932e-03
2.416255185380578041e-03
-7.278538541868329048e-04
8.409807924181222916e-04
2.389986300840973854e-03
2.864196430891752243e-03
2.193102613091468811e-03
-8.479837561026215553e-04
-2.869855670724064112e-04
1.852301415055990219e-03
3.204002976417541504e-03
7.207021699286997318e-04
-1.106846029870212078e-03
2.291201148182153702e-03
2.515277126803994179e-03
7.246909663081169128e-04
1.111368183046579361e-04
-2.782561583444476128e-03
8.291509002447128296e-04
1.882498385384678841e-03
1.515100477263331413e-03
2.286541042849421501e-03
1.993506215512752533e-03
