2.764951204881072044e-03
2.949008485302329063e-03
1.047140918672084808e-03
-1.140764434239827096e-04
1.720610191114246845e-03
2.110547851771116257e-03
-1.523024868220090866e-03
-9.121533366851508617e-04
-1.000766991637647152e-03
-1.566875027492642403e-03
-3.500647610053420067e-03
-2.634423784911632538e-03
-5.724372342228889465e-03
-6.887901690788567066e-04
-3.141385503113269806e-03
-1.257150899618864059e-03
-1.430843491107225418e-03
-6.682332605123519897e-04
1.085759067791514099e-04
-1.905536628328263760e-03
-3.220076032448559999e-04
-2.654839307069778442e-03
1.419908221578225493e-04
-2.195773413404822350e-03
-5.664544878527522087e-04
-1.506040804088115692e-03
-3.592209424823522568e-03
-5.470272153615951538e-04
-1.115480990847572684e-04
1.289118546992540359e-03
3.657887864392250776e-04
-3.569775726646184921e-04
-5.612410604953765869e-04
5.533497460419312119e-05
-3.866800398100167513e-04
-2.047299407422542572e-03
1.326101948507130146e-03
-1.288478844799101353e-03
2.865911810658872128e-04
-3.387633187230676413e-04
9.602254140190780163e-04
2.480180235579609871e-03
2.203135081799700856e-04
2.099602948874235153e-03
3.046084893867373466e-03
3.232393879443407059e-03
3.847940359264612198e-03
3.561328398063778877e-03
4.067379049956798553e-03
4.014828708022832870e-03
4.951956681907176971e-03
6.717370823025703430e-03
6.745338905602693558e-03
8.722568862140178680e-03
1.094105932861566544e-02
1.665076054632663727e-02
2.150131016969680786e-02
2.408327534794807434e-02
3.647550195455551147e-02
5.221692845225334167e-02
8.405318111181259155e-02
1.708029359579086304e-01
3.585396707057952881e-01
-8.175941705703735352e-01
-7.288936972618103027e-01
2.606095075607299805e-01
1.174368709325790405e-01
4.787614941596984863e-02
2.633683569729328156e-02
1.445147115737199783e-02
7.868922315537929535e-03
4.858265165239572525e-03
2.010684227570891380e-03
1.005819998681545258e-03
1.927130942931398749e-04
-2.867052389774471521e-04
-1.200345344841480255e-03
-1.559392432682216167e-03
-2.123799175024032593e-03
-2.151109278202056885e-03
-1.381400157697498798e-03
-3.108995268121361732e-03
-1.953775063157081604e-03
-2.444306155666708946e-03
-2.821710426360368729e-03
-1.372419879771769047e-03
-1.953959465026855469e-03
-2.630449831485748291e-03
-2.799795940518379211e-03
-1.196943456307053566e-03
-1.520177000202238560e-03
-2.572597470134496689e-03
-6.040110602043569088e-04
-3.203451866284012794e-03
-2.284366637468338013e-03
-2.582201035693287849e-03
-1.626888290047645569e-03
-1.278521958738565445e-03
-1.543400227092206478e-03
-7.629747269675135612e-04
-1.688890857622027397e-03
-3.137013409286737442e-03
-1.477367477491497993e-03
-2.852139761671423912e-03
-2.642768202349543571e-03
4.278779088053852320e-04
-1.528517925180494785e-03
-2.005405956879258156e-03
-1.257088617421686649e-03
-1.042426796630024910e-03
-2.624710323289036751e-03
-6.487964419648051262e-04
-3.596266033127903938e-03
-3.445828100666403770e-03
2.124190796166658401e-03
-2.513225423172116280e-03
-1.276954193599522114e-03
-3.854062641039490700e-03
1.731168449623510242e-04
-6.859123241156339645e-04
-4.639336373656988144e-03
-1.046573393978178501e-03
-3.186516230925917625e-03
-3.029971150681376457e-03
-1.893575186841189861e-03
1.796488882973790169e-03
1.888612168841063976e-03
3.874921472743153572e-03
-2.071450930088758469e-03
