4.556508210953325033e-04
4.022183362394571304e-03
2.050831215456128120e-03
5.465704016387462616e-03
2.176822163164615631e-03
3.164423862472176552e-03
4.146910272538661957e-03
3.846495412290096283e-03
4.101430531591176987e-03
-1.965185161679983139e-03
3.107200143858790398e-03
-3.629720304161310196e-03
-1.424072834197431803e-04
-5.354344844818115234e-03
-7.654396351426839828e-03
-8.752702735364437103e-03
-1.218524016439914703e-02
-1.462545339018106461e-02
-1.879182085394859314e-02
-2.123296633362770081e-02
-2.632285282015800476e-02
-2.926708385348320007e-02
-3.380575031042098999e-02
-4.000366479158401489e-02
-4.364107921719551086e-02
-4.985681548714637756e-02
-5.449547618627548218e-02
-6.277141720056533813e-02
-7.170679420232772827e-02
-1.111050695180892944e-01
-1.995062381029129028e-01
9.394291043281555176e-02
1.167377457022666931e-01
8.493018895387649536e-02
6.382081657648086548e-02
4.909026250243186951e-02
3.490772098302841187e-02
2.503836713731288910e-02
1.693866215646266937e-02
1.361982803791761398e-02
1.167425699532032013e-02
8.267224766314029694e-03
4.419110249727964401e-03
4.457460250705480576e-03
9.100128081627190113e-04
2.075924130622297525e-04
-2.450970700010657310e-03
-1.327403471805155277e-03
-2.517600543797016144e-03
-2.181799616664648056e-03
-5.305004888214170933e-04
-1.751861535012722015e-03
-1.630763290449976921e-03
-2.632051473483443260e-03
-3.832821093965321779e-04
-5.231451359577476978e-04
-2.365496911806985736e-04
-7.559692021459341049e-04
2.091137459501624107e-03
3.020688192918896675e-03
-2.191087231040000916e-03
4.189901985228061676e-03
2.015180652961134911e-03
6.650337018072605133e-03
1.091538090258836746e-02
