-4.785756755154579878e-04
4.234210122376680374e-03
1.097499113529920578e-02
2.360117062926292419e-02
3.842980414628982544e-02
5.249360576272010803e-02
6.026624515652656555e-02
4.698735103011131287e-02
1.775007694959640503e-02
3.338912129402160645e-01
2.284854948520660400e-01
-6.362885236740112305e-02
-5.482187867164611816e-02
-4.594674706459045410e-02
-3.807574510574340820e-02
-3.166620805859565735e-02
-2.043373882770538330e-02
-1.593661308288574219e-02
-4.171676933765411377e-03
-4.655688535422086716e-03
4.480876494199037552e-03
