-3.523790510371327400e-03
-2.148597734048962593e-03
-3.703818074427545071e-04
-2.006621100008487701e-03
9.942700853571295738e-04
-2.446259371936321259e-03
5.776392063125967979e-04
-6.732709007337689400e-04
1.477420737501233816e-04
1.563540194183588028e-03
3.982487134635448456e-03
-1.370119745843112469e-03
-9.281055536121129990e-04
-1.027442980557680130e-03
-5.078067770227789879e-04
1.509553170762956142e-03
1.301991404034197330e-03
-1.297527196584269404e-04
9.334214846603572369e-04
-6.812436622567474842e-04
-9.809712646529078484e-04
-2.566813724115490913e-03
-2.341595478355884552e-03
-4.517816472798585892e-03
-8.546841330826282501e-03
-1.564222946763038635e-02
-2.347061969339847565e-02
-3.515158966183662415e-02
-5.733837932348251343e-02
-1.047183126211166382e-01
-1.827474683523178101e-01
1.895466297864913940e-01
-2.432832308113574982e-02
8.174590766429901123e-02
7.291138917207717896e-02
7.216399908065795898e-02
6.923490017652511597e-02
5.920334905385971069e-02
5.227382108569145203e-02
4.304527491331100464e-02
3.537265583872795105e-02
3.041771985590457916e-02
2.363903447985649109e-02
2.007031440734863281e-02
1.779146492481231689e-02
1.395220868289470673e-02
8.853628300130367279e-03
5.942852236330509186e-03
3.366184420883655548e-03
1.178527818410657346e-04
8.482988341711461544e-04
-2.538510831072926521e-03
-3.202839288860559464e-04
-3.767004935070872307e-03
-7.559793535619974136e-03
-1.260517630726099014e-02
-8.113737218081951141e-03
-4.925908520817756653e-03
-8.959654718637466431e-03
-4.484002478420734406e-03
-4.579646978527307510e-03
1.501283724792301655e-03
-1.033657509833574295e-02
-9.481447748839855194e-03
-7.765745744109153748e-03
