-1.616586348973214626e-03
-4.087938461452722549e-03
1.134844031184911728e-03
-7.487870170734822750e-04
3.183895896654576063e-04
1.258429605513811111e-03
1.732003060169517994e-03
5.050487816333770752e-04
1.089946832507848740e-03
4.465664969757199287e-04
-6.768968305550515652e-04
-6.421297439374029636e-04
4.506212193518877029e-03
1.310178544372320175e-02
3.075715526938438416e-02
-1.739663928747177124e-01
1.317142844200134277e-01
-1.121514365077018738e-01
-8.211505413055419922e-02
-5.942232534289360046e-02
-4.116735607385635376e-02
-2.804560586810112000e-02
-1.942081376910209656e-02
-1.019017491489648819e-02
-3.142334520816802979e-03
-1.013637520372867584e-03
3.624718636274337769e-03
-1.119580003432929516e-03
3.238949226215481758e-03
6.590385921299457550e-03
-1.072546700015664101e-03
3.701648907735943794e-03
1.083217374980449677e-02
