-6.012620870023965836e-03
-4.032622557133436203e-03
-2.316744998097419739e-03
2.537556691095232964e-03
5.769658833742141724e-03
1.854762248694896698e-02
3.186901286244392395e-02
3.950931131839752197e-02
3.274654597043991089e-02
1.110123917460441589e-01
9.910150617361068726e-02
-6.559079885482788086e-02
-7.503025233745574951e-02
-6.480292975902557373e-02
-4.749686643481254578e-02
-2.622368745505809784e-02
-6.346386391669511795e-03
1.349754631519317627e-03
6.995477713644504547e-03
7.586426101624965668e-03
4.590462427586317062e-03
