2.474574139341711998e-03
1.602132921107113361e-03
3.824635059572756290e-04
-9.760858491063117981e-03
-1.012434903532266617e-02
-3.693170612677931786e-03
-4.836144391447305679e-03
-3.065844532102346420e-03
-4.496209323406219482e-03
-8.906892617233097553e-04
1.069464720785617828e-03
3.424148075282573700e-03
7.231503259390592575e-03
6.940567865967750549e-03
6.450413726270198822e-03
4.637748934328556061e-03
3.559667151421308517e-03
-4.328448558226227760e-04
-4.795139655470848083e-03
-1.280117966234683990e-02
-2.093978412449359894e-02
-3.210876509547233582e-02
-4.914719611406326294e-02
-6.708514690399169922e-02
-7.855179160833358765e-02
-9.679241478443145752e-02
-1.192580386996269226e-01
-1.457614898681640625e-01
-1.772719770669937134e-01
-2.332518696784973145e-01
-1.087844893336296082e-01
2.956549823284149170e-02
3.526355326175689697e-02
6.980719417333602905e-02
5.431101471185684204e-02
7.497332245111465454e-02
6.673458963632583618e-02
4.427954182028770447e-02
3.623972460627555847e-02
2.615038491785526276e-02
1.845041289925575256e-02
1.453792490065097809e-02
9.388135746121406555e-03
6.597830913960933685e-03
6.632584612816572189e-03
7.499427534639835358e-03
6.385061889886856079e-03
5.629331804811954498e-03
3.101494861766695976e-03
6.443551275879144669e-03
5.478867678903043270e-04
1.061074901372194290e-03
-5.141118890605866909e-05
-5.415996536612510681e-03
-2.445126418024301529e-03
-1.178631186485290527e-02
-3.252342808991670609e-03
-5.543096922338008881e-03
-3.483075881376862526e-03
1.994939520955085754e-03
6.114877760410308838e-03
-6.773531902581453323e-03
2.403009682893753052e-02
1.288452092558145523e-02
6.498143542557954788e-03
