3.918637521564960480e-03
1.126568764448165894e-03
6.296722684055566788e-03
-3.324168967083096504e-03
-3.749002935364842415e-03
2.187755657359957695e-03
-4.910310264676809311e-03
-7.716986583545804024e-04
1.682756701484322548e-04
1.838849508203566074e-03
1.897018053568899632e-03
-2.988874446600675583e-03
-8.245026692748069763e-04
-2.648406662046909332e-04
1.035886933095753193e-03
1.702264999039471149e-03
2.400291850790381432e-04
2.001093933358788490e-03
5.990382051095366478e-04
-1.153266290202736855e-03
-1.066407188773155212e-03
-2.047206740826368332e-03
-1.844133657868951559e-04
-9.287691791541874409e-04
-4.559083376079797745e-03
4.244518058840185404e-04
-1.815713127143681049e-03
-5.416355561465024948e-04
1.350159174762666225e-03
-3.915680281352251768e-04
-8.467669831588864326e-04
-5.038163159042596817e-03
-1.495784032158553600e-03
-7.941087242215871811e-04
-2.677761483937501907e-03
-2.828418742865324020e-03
-4.761806630995124578e-04
-2.157384529709815979e-03
-2.065534703433513641e-03
5.242153929430060089e-05
-1.232982031069695950e-03
4.089479916729032993e-04
-1.347076380625367165e-03
-4.503740346990525723e-04
-7.486221729777753353e-04
-5.217188299866393209e-05
9.381273412145674229e-04
2.278737723827362061e-03
1.162607688456773758e-03
2.164856763556599617e-03
3.326042322441935539e-03
5.156075116246938705e-03
6.073449738323688507e-03
1.020096242427825928e-02
9.844452142715454102e-03
1.574421115219593048e-02
1.797586493194103241e-02
2.523772791028022766e-02
3.683532774448394775e-02
5.580914765596389771e-02
9.021855890750885010e-02
1.731775552034378052e-01
3.680812716484069824e-01
-8.475517630577087402e-01
-7.807192206382751465e-01
2.886594831943511963e-01
1.226004734635353088e-01
5.659487098455429077e-02
3.049791976809501648e-02
1.896285638213157654e-02
1.038820296525955200e-02
4.622263368219137192e-03
2.934932941570878029e-03
5.875865463167428970e-04
-2.319139428436756134e-03
-1.096203923225402832e-03
-1.482390565797686577e-03
-2.982862293720245361e-03
-2.474762033671140671e-03
-3.618424758315086365e-03
-1.631636871024966240e-03
-3.153298981487751007e-03
-4.655277822166681290e-03
-4.313420504331588745e-03
-4.762931726872920990e-03
-4.526165314018726349e-03
-9.942298056557774544e-04
-2.916354453191161156e-03
-3.152581164613366127e-03
-5.287738516926765442e-03
-2.517058514058589935e-03
-3.167971968650817871e-03
-2.760575152933597565e-03
-2.281078137457370758e-03
-3.232871415093541145e-03
-3.926138393580913544e-03
-1.938680536113679409e-03
-1.949944184161722660e-03
-2.346077933907508850e-03
-2.777870278805494308e-03
1.131641096435487270e-03
-1.833567395806312561e-03
4.528241406660526991e-04
1.715473365038633347e-03
-2.095120726153254509e-03
-8.835405460558831692e-04
-4.667188040912151337e-03
-1.356965163722634315e-03
4.832804668694734573e-03
4.687626496888697147e-04
-4.691603593528270721e-03
-4.168710205703973770e-03
3.051183186471462250e-03
4.259824927430599928e-04
-4.910282790660858154e-03
-9.514032863080501556e-04
-2.991007873788475990e-03
-3.799274330958724022e-03
-2.161330543458461761e-03
-2.142754849046468735e-03
-4.081464372575283051e-03
1.965488540008664131e-03
1.089889672584831715e-03
-7.965291733853518963e-04
-2.758517628535628319e-03
-5.878083407878875732e-03
-6.444369319069664925e-06
-3.841750556603074074e-03
-2.842997433617711067e-03
