1.881260657683014870e-03
3.222272731363773346e-03
4.351240582764148712e-03
9.736042120493948460e-04
-1.038134912960231304e-03
2.252634149044752121e-03
2.890988485887646675e-03
8.256612927652895451e-04
3.609142731875181198e-03
5.437098909169435501e-03
2.351313363760709763e-03
5.113392835482954979e-04
3.395777195692062378e-03
7.688182522542774677e-04
3.996605053544044495e-03
2.103832317516207695e-03
2.798103261739015579e-03
2.937943500000983477e-04
1.123400405049324036e-03
4.428749889484606683e-05
-2.185303019359707832e-03
-3.725998569279909134e-03
-5.581122823059558868e-03
-1.076507195830345154e-02
-1.472984906286001205e-02
-1.952225528657436371e-02
-2.763142250478267670e-02
-4.032915458083152771e-02
-6.317017227411270142e-02
-1.062367781996726990e-01
-1.942711770534515381e-01
2.628763020038604736e-01
9.276878833770751953e-02
-7.755277678370475769e-03
5.041859112679958344e-03
1.114527788013219833e-02
1.095215231180191040e-02
9.882285259664058685e-03
7.306372281163930893e-03
8.444921113550662994e-03
6.644037086516618729e-03
5.687288939952850342e-03
3.585537197068333626e-03
3.662663511931896210e-03
4.230637103319168091e-03
2.280193148180842400e-03
2.675421768799424171e-03
2.533940132707357407e-03
4.532299004495143890e-03
1.699700253084301949e-03
1.618770416826009750e-03
1.410428551025688648e-03
1.497478806413710117e-03
1.355861779302358627e-03
1.023203949443995953e-03
6.052276003174483776e-04
1.035518595017492771e-03
-1.695758313871920109e-03
-1.247806008905172348e-03
5.623250035569071770e-04
1.203459687530994415e-03
1.744767418131232262e-03
2.599634230136871338e-03
-8.501299889758229256e-04
1.658942201174795628e-03
