1.852467190474271774e-03
-4.954228061251342297e-04
6.200409843586385250e-04
-8.770593558438122272e-04
6.239380687475204468e-03
3.775106451939791441e-04
2.603955334052443504e-03
-4.400530597195029259e-04
2.878312719985842705e-03
-1.431029231753200293e-04
4.672701470553874969e-03
-9.467767085880041122e-04
5.337652284651994705e-03
2.219338435679674149e-03
3.692694706842303276e-03
8.810838335193693638e-04
-1.429775613360106945e-03
3.569749882444739342e-03
6.844868184998631477e-04
-2.609756309539079666e-03
1.940852613188326359e-03
-3.586529346648603678e-04
8.553623920306563377e-04
1.641740906052291393e-03
4.552055615931749344e-04
-1.853390014730393887e-03
1.870339328888803720e-04
1.213174313306808472e-03
3.912610933184623718e-03
1.489130314439535141e-03
-6.635900354012846947e-05
2.420153236016631126e-03
4.619316314347088337e-04
1.929867197759449482e-03
2.335991477593779564e-03
1.623705960810184479e-03
-1.215496333315968513e-03
1.146167516708374023e-03
6.819455302320420742e-04
2.970427041873335838e-03
-2.272456040373072028e-04
1.091952086426317692e-03
1.001401869871187955e-05
-1.854023546911776066e-03
-3.843603422865271568e-03
-4.528435878455638885e-03
-3.747800597921013832e-03
-3.016273491084575653e-03
-5.341846961528062820e-03
-5.193372257053852081e-03
-5.252071190625429153e-03
-6.365989334881305695e-03
-1.105247158557176590e-02
-1.090828515589237213e-02
-1.402511168271303177e-02
-1.754646003246307373e-02
-2.353493496775627136e-02
-3.194946050643920898e-02
-4.259557649493217468e-02
-6.091061234474182129e-02
-1.005352661013603210e-01
-1.904767006635665894e-01
-3.562477231025695801e-01
4.541471898555755615e-01
3.864651322364807129e-01
-1.888043135404586792e-01
-9.885146468877792358e-02
-4.909471794962882996e-02
-2.150993421673774719e-02
-1.197421923279762268e-02
-9.294067509472370148e-03
-3.048092359676957130e-03
5.808741552755236626e-04
-9.959690942196175456e-06
5.282624042592942715e-04
4.847344942390918732e-03
4.416026058606803417e-04
2.832938451319932938e-03
3.272239118814468384e-03
1.435902086086571217e-03
1.302310265600681305e-03
1.998123712837696075e-03
1.829437795095145702e-03
7.187765440903604031e-04
-1.174244564026594162e-03
1.306921243667602539e-03
3.979481756687164307e-03
4.515791777521371841e-03
2.626990200951695442e-03
1.576323295012116432e-03
3.006320679560303688e-03
1.535567454993724823e-03
1.494086463935673237e-03
7.253884541569277644e-05
3.894209163263440132e-03
3.868573578074574471e-03
2.206951612606644630e-03
2.407263731583952904e-03
2.210714854300022125e-03
5.364982280298136175e-05
2.998063107952475548e-03
-1.518810400739312172e-03
2.135490067303180695e-03
1.853958470746874809e-03
1.363631221465766430e-03
-3.199690836481750011e-04
-5.160661748959682882e-05
4.011339507997035980e-03
2.229375531896948814e-03
1.626163488253951073e-03
2.114026341587305069e-03
2.007529838010668755e-03
3.955455758841708302e-05
3.853569505736231804e-03
-2.326121553778648376e-03
-4.180581308901309967e-03
2.526045136619359255e-05
8.524291915819048882e-04
3.841780126094818115e-03
1.380546716973185539e-03
9.787279414013028145e-04
-6.855434185126796365e-05
1.340540940873324871e-03
6.558599416166543961e-04
2.202136529376730323e-04
4.016713704913854599e-03
6.280747475102543831e-04
-2.645339816808700562e-03
-2.890253439545631409e-03
