-7.908374536782503128e-04
-9.061965974979102612e-04
-3.802132559940218925e-03
-4.925495944917201996e-03
-4.013226367533206940e-03
-3.961001522839069366e-03
-8.961471728980541229e-03
-1.214754860848188400e-02
-1.168810948729515076e-02
-1.624572463333606720e-02
-1.927124522626399994e-02
-1.915632747113704681e-02
-1.925144158303737640e-02
-1.941773854196071625e-02
-2.388326823711395264e-02
-2.672982402145862579e-02
-3.078397735953330994e-02
-3.387154266238212585e-02
-3.976949676871299744e-02
-4.005546495318412781e-02
-3.964909538626670837e-02
-3.858687356114387512e-02
-3.289940580725669861e-02
-2.650830894708633423e-02
-9.100350551307201385e-03
1.916472055017948151e-02
5.514715984463691711e-02
7.831601798534393311e-02
2.087727189064025879e-01
2.673632204532623291e-01
2.397509813308715820e-01
-2.157119810581207275e-01
-2.914568185806274414e-01
1.848702877759933472e-01
2.220955044031143188e-01
5.771201848983764648e-02
5.506421625614166260e-02
3.152862936258316040e-02
2.245393954217433929e-02
3.819266334176063538e-02
3.831233084201812744e-02
3.629532828927040100e-02
3.418939188122749329e-02
3.328067809343338013e-02
2.978584170341491699e-02
2.899167872965335846e-02
2.881737239658832550e-02
3.051676973700523376e-02
2.823692187666893005e-02
2.462990023195743561e-02
2.756342478096485138e-02
2.320893667638301849e-02
2.174033969640731812e-02
1.904134079813957214e-02
1.574755832552909851e-02
1.607581041753292084e-02
1.491130050271749496e-02
6.809681653976440430e-03
1.060624979436397552e-02
1.060836296528577805e-02
5.482526030391454697e-03
8.627505041658878326e-03
3.556489571928977966e-02
-6.732195615768432617e-03
4.173986148089170456e-03
