-2.670702757313847542e-03
-9.520127438008785248e-03
1.437878934666514397e-03
4.041515290737152100e-03
9.452930651605129242e-03
1.624330319464206696e-02
1.710955426096916199e-02
2.205093204975128174e-02
3.157125040888786316e-02
4.632529616355895996e-02
6.954970955848693848e-02
9.736149013042449951e-02
1.321107298135757446e-01
2.240239977836608887e-01
2.481367588043212891e-01
-3.814216554164886475e-01
-2.643459439277648926e-01
7.613630592823028564e-02
6.150937825441360474e-02
3.123577870428562164e-02
-5.206230655312538147e-02
-7.891144603490829468e-02
-8.150923997163772583e-02
-7.011693716049194336e-02
-5.025992542505264282e-02
-3.039558976888656616e-02
-1.303052064031362534e-02
6.992721464484930038e-03
1.574101485311985016e-02
3.714401647448539734e-02
4.254977032542228699e-02
2.513773925602436066e-02
2.005205117166042328e-02
