1.769970636814832687e-03
2.036558929830789566e-03
-1.899258350022137165e-03
-1.468935166485607624e-03
-7.988919969648122787e-04
-6.767598912119865417e-03
-1.412293175235390663e-03
-2.846171148121356964e-03
-1.316079753451049328e-03
-3.607281250879168510e-03
-3.447886556386947632e-03
-1.788601279258728027e-03
-4.385876934975385666e-03
-5.684944801032543182e-03
-4.754286259412765503e-03
-3.696488216519355774e-03
-3.639653790742158890e-03
-5.473049823194742203e-03
-8.019973523914813995e-03
-7.525011897087097168e-03
-6.840836256742477417e-03
-7.826623506844043732e-03
-7.066629827022552490e-03
-6.562058813869953156e-03
-5.053007975220680237e-03
-2.593442331999540329e-03
1.370632089674472809e-03
9.212301112711429596e-03
2.682680450379848480e-02
7.242248952388763428e-02
1.684422343969345093e-01
-5.318545699119567871e-01
-5.588501095771789551e-01
1.891547739505767822e-01
9.482260048389434814e-02
4.518958553671836853e-02
2.525284327566623688e-02
1.548398099839687347e-02
1.110847108066082001e-02
5.603884812444448471e-03
3.322412259876728058e-03
2.698978176340460777e-03
2.150306710973381996e-03
9.327668230980634689e-04
1.359180459985509515e-04
9.295310010202229023e-04
-1.091220532543957233e-03
-5.653615062328753993e-06
8.271790647995658219e-06
1.789264264516532421e-03
1.089194556698203087e-03
-6.987276137806475163e-04
-3.052304964512586594e-03
1.181673142127692699e-03
1.530987909063696861e-03
-5.064539727754890919e-04
-5.260557401925325394e-03
5.024435813538730145e-04
-1.520778751000761986e-03
-6.148371030576527119e-04
2.382335020229220390e-03
7.555216870969161391e-05
9.956008754670619965e-03
6.242748815566301346e-03
-2.459943352732807398e-04
