3.652840480208396912e-02
-1.647280007600784302e-01
5.169645324349403381e-02
4.056023806333541870e-02
4.245501384139060974e-02
1.544786058366298676e-02
2.226571552455425262e-02
-7.571723312139511108e-02
-8.725726511329412460e-04
-5.722538568079471588e-03
1.916604861617088318e-02
-6.042969413101673126e-03
-6.365463882684707642e-02
-4.617884289473295212e-03
-2.498795837163925171e-02
-1.158100645989179611e-02
-5.725643783807754517e-02
-1.184389069676399231e-01
2.792043797671794891e-02
1.481019705533981323e-02
3.142723813652992249e-02
1.189703494310379028e-01
8.615961670875549316e-02
-2.354774996638298035e-02
-3.464826568961143494e-02
-3.229314694181084633e-03
3.256216272711753845e-02
1.664954870939254761e-01
4.483859613537788391e-02
-3.856100514531135559e-02
-3.237117081880569458e-02
9.815873205661773682e-02
4.760207608342170715e-02
2.503412775695323944e-02
-1.621881872415542603e-02
-1.869821697473526001e-01
-2.498699724674224854e-01
-1.647513657808303833e-01
-1.253396868705749512e-01
-4.515402019023895264e-02
-1.263448446989059448e-01
-7.254347950220108032e-02
-5.600285530090332031e-02
-3.390923142433166504e-02
-3.946976736187934875e-02
-1.733974963426589966e-01
-1.420369092375040054e-02
-5.916989222168922424e-02
-5.415409803390502930e-02
-4.325180500745773315e-02
-4.498836025595664978e-02
-1.039037574082612991e-02
-2.766910940408706665e-02
-1.806832477450370789e-02
-3.550385590642690659e-03
1.020282953977584839e-01
-4.685001820325851440e-02
-9.051362052559852600e-03
-6.266845017671585083e-02
-2.098341658711433411e-02
-1.809392496943473816e-02
1.201364118605852127e-02
-5.361190997064113617e-03
3.216790035367012024e-02
-6.762906908988952637e-02
