-5.111453123390674591e-03
-8.598369546234607697e-03
-1.198841142468154430e-03
-2.805388765409588814e-03
-1.502894680015742779e-03
7.653330918401479721e-03
2.503196476027369499e-03
-1.552887377329170704e-03
-3.130444092676043510e-03
-4.336263984441757202e-03
1.870911684818565845e-03
-1.844946760684251785e-03
-1.654018065892159939e-03
-4.133447655476629734e-04
2.509447222109884024e-04
-8.591912919655442238e-04
-1.049408339895308018e-03
-4.933289601467549801e-04
-2.401625679340213537e-04
-7.133958861231803894e-04
-1.472163130529224873e-03
1.593366381712257862e-03
2.237932640127837658e-04
1.904902397654950619e-03
7.014370057731866837e-04
2.171798376366496086e-03
2.040842082351446152e-03
2.598002320155501366e-03
3.493665019050240517e-03
4.010924138128757477e-03
7.567516528069972992e-03
6.125881802290678024e-03
5.803717765957117081e-03
9.215096011757850647e-03
6.769656669348478317e-03
8.789384737610816956e-03
9.667529724538326263e-03
1.199107244610786438e-02
1.124375127255916595e-02
1.175586134195327759e-02
1.370085868984460831e-02
1.385829597711563110e-02
1.526633650064468384e-02
1.876241341233253479e-02
1.731932535767555237e-02
2.035541459918022156e-02
2.165748737752437592e-02
2.259306423366069794e-02
2.519151568412780762e-02
2.490462549030780792e-02
2.734491601586341858e-02
2.982871048152446747e-02
2.723121643066406250e-02
3.208478912711143494e-02
3.044472448527812958e-02
3.334156796336174011e-02
3.770029917359352112e-02
3.939835727214813232e-02
4.885978251695632935e-02
4.669412598013877869e-02
4.781034216284751892e-02
9.005133807659149170e-02
1.298407930880784988e-02
-5.920229107141494751e-02
-8.211932331323623657e-02
-4.822326079010963440e-02
2.388595836237072945e-03
-4.574657976627349854e-02
-4.500136524438858032e-02
-4.166015982627868652e-02
-2.784626930952072144e-02
-2.482786215841770172e-02
-1.751866377890110016e-02
-1.654965989291667938e-02
-1.316127739846706390e-02
-8.309648372232913971e-03
-8.668322116136550903e-03
-5.323788616806268692e-03
-4.996783565729856491e-03
-2.317278413102030754e-03
-2.881766529753804207e-03
-2.567370655015110970e-03
-1.020580995827913284e-03
5.675565334968268871e-04
-1.204053754918277264e-03
-4.562120302580296993e-04
1.089096884243190289e-03
2.826162672135978937e-04
6.619370542466640472e-04
1.055149710737168789e-03
7.281692232936620712e-04
1.848625019192695618e-03
1.384154078550636768e-03
1.445084344595670700e-03
8.103397558443248272e-04
6.552805425599217415e-04
-3.497107827570289373e-04
7.870815461501479149e-04
3.790778864640742540e-04
9.706301498226821423e-04
7.264014566317200661e-04
1.598704722709953785e-03
1.312177861109375954e-03
6.910533411428332329e-04
-1.677819760516285896e-03
-1.159685663878917694e-03
-5.689174868166446686e-04
5.421928944997489452e-04
-1.600156654603779316e-03
3.379715490154922009e-04
1.038494752719998360e-03
6.825829623267054558e-04
1.717639854177832603e-03
-2.505818381905555725e-03
3.851708956062793732e-03
1.610118662938475609e-03
7.905239472165703773e-04
1.633312669582664967e-03
2.970459172502160072e-03
1.274285838007926941e-03
-4.663756408262997866e-04
4.624626599252223969e-03
2.185238525271415710e-02
1.633311854675412178e-03
-2.207717625424265862e-03
2.850748598575592041e-03
-6.553072482347488403e-03
4.367854911834001541e-03
-2.354287356138229370e-02
