8.819687180221080780e-03
-3.921760711818933487e-03
1.602953067049384117e-03
-1.266053970903158188e-02
-6.044307257980108261e-03
-3.864349564537405968e-03
-1.746723800897598267e-02
-7.563066668808460236e-03
-3.770675044506788254e-03
9.989548707380890846e-04
-1.996346376836299896e-02
1.749582443153485656e-04
4.637319128960371017e-03
-4.689452704042196274e-03
7.957836613059043884e-03
-1.199281122535467148e-02
-1.290153153240680695e-02
-2.648638794198632240e-03
-2.244121162220835686e-03
6.626987364143133163e-03
-6.208278704434633255e-03
5.724437069147825241e-03
9.550430811941623688e-03
6.180185824632644653e-03
8.497536182403564453e-03
8.526023593731224537e-04
1.112305000424385071e-02
8.436992764472961426e-03
5.043923854827880859e-03
-4.686572123318910599e-03
-2.485850593075156212e-03
3.175006713718175888e-03
1.825853949412703514e-03
6.161510478705167770e-03
-6.459941505454480648e-05
2.363786101341247559e-03
1.540687168017029762e-03
-3.642828203737735748e-03
-1.706075505353510380e-03
3.088291268795728683e-03
-3.826047061011195183e-03
-1.505291875218972564e-04
3.189750714227557182e-03
-1.074166735634207726e-03
8.820564253255724907e-04
-1.013995148241519928e-03
2.417953917756676674e-03
4.944160464219748974e-04
-2.196948509663343430e-03
-4.574818536639213562e-03
-5.860904348082840443e-04
-3.546421648934483528e-03
-7.290213834494352341e-03
-1.328938361257314682e-02
-1.308563258498907089e-02
-1.876960694789886475e-02
-1.997088454663753510e-02
-2.757414244115352631e-02
-4.038120061159133911e-02
-5.275266990065574646e-02
-9.217451512813568115e-02
-1.743376255035400391e-01
-3.981716632843017578e-01
8.199217915534973145e-01
7.256682515144348145e-01
-2.893683314323425293e-01
-1.359342485666275024e-01
-5.638256296515464783e-02
-3.035196661949157715e-02
-1.461528521031141281e-02
-9.453233331441879272e-03
-3.076826920732855797e-03
-1.856302958913147449e-03
-1.046866294927895069e-03
-1.118655563914217055e-04
2.971145324409008026e-03
3.413114463910460472e-04
-7.475182064808905125e-04
-2.429854648653417826e-04
1.633894280530512333e-03
-3.885158104822039604e-03
-1.298034330829977989e-03
1.637631095945835114e-03
9.157159947790205479e-04
-1.225899672135710716e-03
2.374347299337387085e-03
2.032936550676822662e-03
-3.358022542670369148e-03
-1.080246176570653915e-03
7.690578931942582130e-04
5.674587562680244446e-03
5.511733237653970718e-03
2.636759774759411812e-03
-1.656712847761809826e-03
-7.845803047530353069e-04
-1.972524914890527725e-03
-8.064176072366535664e-04
5.632739048451185226e-03
-1.858001225627958775e-03
-5.501537089003250003e-05
3.327688027638942003e-04
3.038906434085220098e-04
5.504596047103404999e-03
6.562665104866027832e-03
-2.478566253557801247e-03
5.553260911256074905e-03
2.872178331017494202e-03
1.918303663842380047e-03
-2.200967399403452873e-03
-1.394602819345891476e-03
2.391811693087220192e-03
2.792471786960959435e-03
-8.116089738905429840e-03
-3.099865512922406197e-03
3.286431543529033661e-03
-1.375599182210862637e-03
-3.820123092737048864e-04
2.811352489516139030e-03
1.432447321712970734e-02
-7.355105597525835037e-03
9.787268005311489105e-03
-7.923951372504234314e-03
-1.528788637369871140e-02
-2.022829465568065643e-02
-1.107746153138577938e-03
1.094786170870065689e-02
1.380834076553583145e-02
1.031427923589944839e-02
1.579870097339153290e-02
