-2.632922260090708733e-03
-2.194010419771075249e-03
1.797436620108783245e-03
4.912597592920064926e-03
3.181607695296406746e-03
-2.615729114040732384e-03
2.548396820202469826e-03
1.188776222988963127e-03
4.396116361021995544e-03
2.628794405609369278e-03
1.430565491318702698e-03
4.391941707581281662e-03
4.309442825615406036e-03
2.052619354799389839e-03
2.423573052510619164e-03
1.261394587345421314e-03
1.268935389816761017e-03
1.716638100333511829e-03
-1.472237170673906803e-03
-1.710186130367219448e-03
-2.546499017626047134e-03
-6.452891975641250610e-03
-8.181829936802387238e-03
-1.258614193648099899e-02
-1.710882037878036499e-02
-2.342870831489562988e-02
-3.132449463009834290e-02
-4.368827864527702332e-02
-6.525993347167968750e-02
-1.075329184532165527e-01
-1.906816959381103516e-01
2.412912994623184204e-01
7.913935184478759766e-02
3.432009136304259300e-03
1.096552517265081406e-02
1.222473941743373871e-02
1.178569439798593521e-02
8.188893087208271027e-03
7.449494674801826477e-03
5.444129463285207748e-03
6.597642321139574051e-03
4.387008491903543472e-03
3.795590484514832497e-03
3.553026821464300156e-03
3.560173325240612030e-03
2.558067673817276955e-03
1.497937599197030067e-03
9.614063892513513565e-04
3.020105417817831039e-03
2.358589554205536842e-03
8.469786844216287136e-04
5.895677953958511353e-03
-2.013777615502476692e-03
-1.527525135315954685e-03
9.789232863113284111e-04
4.672394134104251862e-03
-1.793525647372007370e-03
-6.189552950672805309e-04
1.418739324435591698e-03
-1.233222428709268570e-03
3.918439033441245556e-04
5.235536489635705948e-03
2.268643584102392197e-03
3.266202984377741814e-03
2.863084897398948669e-03
