-7.243940606713294983e-03
-1.554702315479516983e-02
-9.512661490589380264e-04
-6.965970620512962341e-03
7.441834313794970512e-04
1.711220294237136841e-02
6.874176673591136932e-03
-3.472743555903434753e-04
-1.686089904978871346e-03
-3.303176956251263618e-03
3.701849374920129776e-03
1.256338786333799362e-03
-4.932915908284485340e-04
3.833195660263299942e-03
1.167246140539646149e-03
-9.530443930998444557e-04
3.144341171719133854e-04
2.208067802712321281e-03
1.188526584883220494e-04
1.246519736014306545e-03
1.843129517510533333e-03
1.838068943470716476e-03
1.531167305074632168e-03
2.115588868036866188e-03
2.107133390381932259e-03
4.029793664813041687e-03
4.299088381230831146e-03
4.573771264404058456e-03
5.592051427811384201e-03
5.327264312654733658e-03
7.050088141113519669e-03
7.215754128992557526e-03
8.524251170456409454e-03
1.007833052426576614e-02
9.319667704403400421e-03
1.219970826059579849e-02
1.215430255979299545e-02
1.228744257241487503e-02
1.367587503045797348e-02
1.383117958903312683e-02
1.553817652165889740e-02
1.752915792167186737e-02
1.839479990303516388e-02
2.050415612757205963e-02
2.173774875700473785e-02
2.464676275849342346e-02
2.506243064999580383e-02
2.515149302780628204e-02
2.808984741568565369e-02
2.942940779030323029e-02
3.054676018655300140e-02
3.378488495945930481e-02
3.526382148265838623e-02
3.751006349921226501e-02
3.983459994196891785e-02
4.490054026246070862e-02
4.698078334331512451e-02
5.553124472498893738e-02
6.022651493549346924e-02
4.950532317161560059e-02
6.575859338045120239e-02
1.204641833901405334e-01
1.875113323330879211e-02
-1.025918573141098022e-01
-1.322902888059616089e-01
-8.429582230746746063e-03
8.659572899341583252e-02
4.850432742387056351e-03
-1.139592379331588745e-02
-2.243488095700740814e-02
-1.455146912485361099e-02
-1.055209990590810776e-02
-7.206482347100973129e-03
-8.962566964328289032e-03
-4.316875245422124863e-03
-4.315732978284358978e-03
-3.225300693884491920e-03
-2.683943137526512146e-03
-1.177641330286860466e-03
-8.193494286388158798e-04
-5.438230000436306000e-04
7.521636434830725193e-04
7.266270113177597523e-04
1.696745748631656170e-04
1.706554554402828217e-03
1.132215620600618422e-04
1.881333068013191223e-03
2.463159151375293732e-03
1.101953675970435143e-03
1.271476270630955696e-03
8.758397598285228014e-05
9.922109311446547508e-04
1.390160177834331989e-03
2.090411493554711342e-03
1.560938078910112381e-03
-1.840244658524170518e-04
9.928590152412652969e-04
3.024291363544762135e-04
1.423015375621616840e-03
-2.520226116757839918e-04
4.929588176310062408e-04
1.289541833102703094e-03
7.510568830184638500e-04
-5.117480759508907795e-04
-2.781618968583643436e-04
-5.693619605153799057e-04
7.418433087877929211e-04
8.342037326656281948e-04
-7.513685850426554680e-04
-7.837123703211545944e-04
4.676069074776023626e-04
7.657745736651122570e-04
4.156244103796780109e-04
-5.847835447639226913e-03
3.824383486062288284e-03
3.283933503553271294e-03
-4.574801132548600435e-04
1.024961005896329880e-03
4.758360330015420914e-03
9.455470717512071133e-04
2.393323928117752075e-03
4.356228746473789215e-03
3.996954858303070068e-02
5.249757319688796997e-03
-3.187661757692694664e-03
6.934684701263904572e-03
-1.050204597413539886e-02
9.335186332464218140e-03
-3.647487238049507141e-02
