-2.600027248263359070e-03
-2.937595592811703682e-03
-8.868150325724855065e-05
1.300439052283763885e-02
5.356160458177328110e-03
-1.228889077901840210e-02
-5.611276999115943909e-02
-1.316800564527511597e-01
-1.507730185985565186e-01
-3.141107559204101562e-01
-1.118702739477157593e-01
2.174101173877716064e-01
2.196971923112869263e-01
1.486562341451644897e-01
7.192111760377883911e-02
1.930833049118518829e-02
-1.157684717327356339e-02
-2.338669449090957642e-02
-2.751190401613712311e-02
-2.904618345201015472e-02
-2.469453774392604828e-02
