-7.401448674499988556e-04
-3.657706780359148979e-03
-2.146771177649497986e-03
-5.056967958807945251e-03
-2.363411476835608482e-03
-1.457693986594676971e-03
6.912710960023105145e-04
-3.757195372600108385e-04
-3.966628108173608780e-03
-7.976552587933838367e-04
-1.170978765003383160e-03
-2.605118555948138237e-03
-1.825373619794845581e-03
-3.624062053859233856e-03
-3.243013052269816399e-03
-4.798318259418010712e-03
-2.455487847328186035e-03
-4.783601325470954180e-04
3.837878830381669104e-05
-2.619283273816108704e-03
-2.823289250954985619e-03
-2.849645446985960007e-03
-4.061410669237375259e-03
-6.132573820650577545e-03
-6.837813649326562881e-03
-8.375055156648159027e-03
-9.894302114844322205e-03
-1.145978085696697235e-02
-1.778434030711650848e-02
-1.789384894073009491e-02
-2.174449153244495392e-02
2.495303563773632050e-02
-2.669303417205810547e-01
1.918177753686904907e-01
1.060493215918540955e-01
6.501577794551849365e-02
4.481409862637519836e-02
3.260387107729911804e-02
2.373778633773326874e-02
1.768092811107635498e-02
1.236494909971952438e-02
8.767963387072086334e-03
4.892394412308931351e-03
2.481656847521662712e-03
-1.076862317859195173e-04
-1.597207738086581230e-03
-2.556168241426348686e-03
-4.261128604412078857e-03
-4.812140483409166336e-03
-2.072583651170134544e-03
-3.105960553511977196e-03
-4.756630863994359970e-03
-2.651378046721220016e-03
-5.891485139727592468e-03
-7.357245311141014099e-03
-2.903478220105171204e-03
-3.525247331708669662e-03
-5.044562742114067078e-03
-1.613414264284074306e-03
-3.665671218186616898e-03
-3.498985024634748697e-04
-1.548529326100833714e-05
-2.691202331334352493e-03
1.165796653367578983e-03
-6.200593430548906326e-03
