-1.493906229734420776e-02
-5.641852505505084991e-03
4.194954875856637955e-03
1.491072401404380798e-02
3.562394902110099792e-02
5.138029530644416809e-02
5.800268426537513733e-02
5.507713928818702698e-02
2.741865068674087524e-02
2.890097796916961670e-01
3.273715376853942871e-01
-7.261516898870468140e-02
-5.105765163898468018e-02
-3.597733005881309509e-02
-2.119224704802036285e-02
-2.029886655509471893e-02
-1.820340566337108612e-02
-1.249618735164403915e-02
-1.007769536226987839e-02
-5.425278563052415848e-03
-6.464859005063772202e-03
