3.773107891902327538e-03
2.955331001430749893e-04
-2.868334064260125160e-03
-1.231040805578231812e-03
5.331485997885465622e-03
-1.154436729848384857e-03
6.321932305581867695e-04
-3.752411343157291412e-03
-1.861333381384611130e-03
1.155142788775265217e-03
-7.353631663136184216e-04
-1.858901930972933769e-03
1.210056710988283157e-03
-2.213298808783292770e-03
-7.932292064651846886e-04
-6.353908684104681015e-04
-2.458485250826925039e-04
-1.967631047591567039e-03
-1.476120902225375175e-03
-2.267433563247323036e-03
-2.503691706806421280e-03
-2.971255453303456306e-03
-5.668310914188623428e-03
-4.479538649320602417e-03
-5.469286814332008362e-03
-8.238039910793304443e-03
-8.561715483665466309e-03
-1.114398892968893051e-02
-1.545046269893646240e-02
-1.492555439472198486e-02
-1.492009591311216354e-02
7.521839346736669540e-03
-2.883530855178833008e-01
1.916993260383605957e-01
1.066744700074195862e-01
6.482945382595062256e-02
4.507091268897056580e-02
3.273008763790130615e-02
2.345845289528369904e-02
1.808487065136432648e-02
1.299898047000169754e-02
9.189152158796787262e-03
5.377070512622594833e-03
4.593954421579837799e-03
2.994922455400228500e-03
8.175973780453205109e-04
-5.269044544547796249e-03
-5.664040800184011459e-03
-4.399992991238832474e-03
-2.740160096436738968e-03
-3.855239599943161011e-03
-2.054286887869238853e-03
-1.849205233156681061e-03
-2.962666330859065056e-04
-3.758880542591214180e-03
-3.290846070740371943e-04
-5.297416355460882187e-03
-1.569031504914164543e-03
-4.649593029171228409e-03
-2.677988086361438036e-04
-4.149725195020437241e-03
1.335174310952425003e-03
-8.019284345209598541e-03
3.709165030159056187e-04
-3.923959098756313324e-03
