5.522683728486299515e-03
3.539807396009564400e-03
-1.632511382922530174e-03
7.034004200249910355e-03
4.075705539435148239e-03
6.243624258786439896e-03
7.080852519720792770e-03
6.553239189088344574e-03
8.539916947484016418e-03
1.137335784733295441e-02
1.198942586779594421e-02
1.082137692719697952e-02
8.778483606874942780e-03
1.571709662675857544e-02
3.776501491665840149e-02
-1.252257674932479858e-01
-1.436281353235244751e-01
-1.705108433961868286e-01
-1.783982366323471069e-01
-1.596516072750091553e-01
-1.253407448530197144e-01
-8.789946138858795166e-02
-5.705636739730834961e-02
-2.921032719314098358e-02
-1.107637211680412292e-02
-3.496396820992231369e-03
-3.593990113586187363e-04
8.290028199553489685e-03
8.488262072205543518e-03
-1.003494253382086754e-03
-4.717048723250627518e-03
-3.166147274896502495e-03
-3.612989559769630432e-03
