-1.204368192702531815e-03
-3.279303433373570442e-03
-6.021383451297879219e-04
-2.491127816028892994e-04
2.170667052268981934e-03
-4.892216529697179794e-03
-3.996655868832021952e-04
2.564519876614212990e-03
-3.284443635493516922e-03
-1.622922020033001900e-03
-4.607929440680891275e-05
-2.853964688256382942e-03
-3.289268119260668755e-03
-3.291280707344412804e-03
-5.976349581032991409e-03
-1.861040131188929081e-03
-1.277156989090144634e-03
1.055359141901135445e-03
-5.289423279464244843e-03
-1.816822099499404430e-03
5.378701025620102882e-04
-5.345559329725801945e-04
-2.234000130556523800e-04
-3.694360784720629454e-04
-4.707323096226900816e-04
6.269808363867923617e-05
-5.969259655103087425e-04
-3.161628032103180885e-03
-3.082274459302425385e-03
-1.716441707685589790e-03
-6.685335538350045681e-04
-1.578219467774033546e-03
-2.171715750591829419e-04
-4.885319503955543041e-04
3.484972752630710602e-03
1.718789571896195412e-03
5.716226296499371529e-04
-2.344383858144283295e-03
8.781162905506789684e-04
-5.587544292211532593e-04
-4.391867842059582472e-04
2.448825631290674210e-03
7.972856401465833187e-04
1.356222084723412991e-03
-3.759045212063938379e-04
7.393624400720000267e-04
1.350900623947381973e-03
4.071877337992191315e-03
3.672461258247494698e-03
6.434501148760318756e-03
5.457618739455938339e-03
7.848859764635562897e-03
1.013103406876325607e-02
1.371697615832090378e-02
1.572139561176300049e-02
1.907237805426120758e-02
2.670919895172119141e-02
3.256924450397491455e-02
4.611677676439285278e-02
6.860818713903427124e-02
1.086928471922874451e-01
1.978069096803665161e-01
3.331017494201660156e-01
-2.532067000865936279e-01
-3.224296867847442627e-01
1.451391130685806274e-01
9.121740609407424927e-02
4.746523126959800720e-02
1.844513043761253357e-02
1.227827370166778564e-02
5.136188585311174393e-03
-6.834667874500155449e-04
-1.822009362513199449e-04
-1.932512270286679268e-03
-1.617926987819373608e-03
-2.847484545782208443e-03
-2.254021354019641876e-03
-4.516222514212131500e-03
-2.706214145291596651e-04
-3.981519024819135666e-03
-1.505571184679865837e-03
-2.569431671872735023e-03
-2.873200457543134689e-03
-2.868511015549302101e-03
-3.487004898488521576e-03
-4.413093905895948410e-03
-1.871556160040199757e-03
-1.526778563857078552e-03
-3.564530750736594200e-03
-1.180425751954317093e-03
-1.463526394218206406e-03
-1.550051965750753880e-04
-4.976476542651653290e-03
-1.002724980935454369e-03
-7.268424378708004951e-04
5.402347305789589882e-04
-3.429010976105928421e-03
3.106227086391299963e-04
7.687159813940525055e-04
-7.306463085114955902e-04
-4.046693909913301468e-03
-2.803573384881019592e-03
-3.082117700614617206e-06
4.881992936134338379e-04
3.781158884521573782e-04
1.161492429673671722e-03
1.477172598242759705e-03
1.735613914206624031e-03
-2.837761072441935539e-03
-1.939368783496320248e-03
-3.441802400629967451e-04
1.391323166899383068e-04
7.295069517567753792e-04
3.579971671570092440e-04
-8.602505549788475037e-04
-2.444845391437411308e-03
-1.559809432365000248e-03
-7.007897365838289261e-04
3.410298377275466919e-04
2.000816864892840385e-03
2.718436997383832932e-03
2.218906767666339874e-03
2.806322881951928139e-03
-1.236822106875479221e-03
4.074359778314828873e-03
4.032646771520376205e-03
4.429630935192108154e-03
2.068090718239545822e-03
-3.355539869517087936e-03
