-1.322007505223155022e-03
-1.403302303515374660e-03
-2.266370458528399467e-03
-1.508113229647278786e-03
-5.454040132462978363e-03
-4.216750094201415777e-04
-3.134330967441201210e-03
-2.576636848971247673e-03
-1.456490484997630119e-03
-3.149170661345124245e-04
-2.766958670690655708e-03
-2.496695844456553459e-03
-4.865820519626140594e-04
-3.230675589293241501e-03
-3.298928029835224152e-03
-3.173911944031715393e-03
-3.648924175649881363e-03
-4.568794276565313339e-03
-5.113620311021804810e-03
-2.732317894697189331e-03
-4.681122489273548126e-03
-3.366105956956744194e-03
-4.170207306742668152e-03
-6.671055685728788376e-03
-5.881480872631072998e-03
-4.674300551414489746e-03
-6.457028910517692566e-03
-5.756652448326349258e-03
-4.761381074786186218e-03
4.822809249162673950e-03
3.144791349768638611e-02
-9.065902978181838989e-02
-3.957476317882537842e-01
1.996859461069107056e-01
1.071926802396774292e-01
6.143758445978164673e-02
3.931775316596031189e-02
2.880921587347984314e-02
1.814815960824489594e-02
1.396994106471538544e-02
8.546108379960060120e-03
7.205089088529348373e-03
5.451005883514881134e-03
4.781585652381181717e-03
1.152363023720681667e-03
-1.436010701581835747e-03
2.078131074085831642e-04
-3.076572204008698463e-03
-4.437941126525402069e-03
-4.351709969341754913e-03
-5.129271652549505234e-03
-6.499133072793483734e-03
-1.871646381914615631e-03
-4.748938139528036118e-03
-5.198066588491201401e-03
-3.572747111320495605e-03
-2.096666954457759857e-03
-3.959098365157842636e-03
-4.988719979337474797e-07
-4.128447733819484711e-03
-8.235072717070579529e-03
-2.623749896883964539e-03
-3.531728871166706085e-03
-6.935495766811072826e-04
-1.830722671002149582e-03
