-4.639330785721540451e-03
-5.670107202604413033e-04
-9.091485291719436646e-03
-6.159161217510700226e-03
-3.128550015389919281e-03
-1.213711104355752468e-03
6.272946018725633621e-03
3.378564259037375450e-03
1.271784957498311996e-02
2.160897292196750641e-02
3.229667991399765015e-02
4.584046453237533569e-02
6.219345703721046448e-02
8.249187469482421875e-02
1.073087975382804871e-01
-6.145872175693511963e-02
1.552716642618179321e-01
-3.991419821977615356e-02
-2.155864611268043518e-02
-8.142094127833843231e-03
-1.016642199829220772e-03
9.772110497578978539e-04
2.915688557550311089e-03
8.121274877339601517e-04
2.226290060207247734e-03
1.300221338169649243e-04
-7.167338044382631779e-04
1.530241454020142555e-03
-1.861170167103409767e-03
-1.789329107850790024e-03
-3.955023828893899918e-03
-1.823994447477161884e-03
-2.282962203025817871e-03
