-3.002325305715203285e-03
-4.233248066157102585e-03
-6.479476578533649445e-04
-6.360918283462524414e-02
-1.682108491659164429e-01
1.155650243163108826e-01
3.262419104576110840e-01
-3.955928608775138855e-02
1.635634750127792358e-01
2.676326036453247070e-01
2.387837469577789307e-01
-2.498906105756759644e-01
-8.427982777357101440e-02
-1.324457526206970215e-01
-1.013956442475318909e-01
-2.842388115823268890e-02
-1.302247047424316406e-01
4.495300725102424622e-02
1.186222769320011139e-03
9.760612156242132187e-04
2.860780805349349976e-03
