-1.032044063322246075e-03
2.529797842726111412e-03
6.351909600198268890e-03
2.926673507317900658e-03
5.519401747733354568e-03
7.701274007558822632e-03
3.130177268758416176e-03
1.779264188371598721e-03
1.729591313051059842e-04
4.696908872574567795e-03
6.038662046194076538e-03
1.523089129477739334e-03
-5.075882188975811005e-03
-2.216875366866588593e-02
-3.269964456558227539e-02
-1.755337975919246674e-02
6.426664767786860466e-04
-1.231771148741245270e-02
-7.478776574134826660e-02
-3.078349865972995758e-02
-1.682185828685760498e-01
-7.596896588802337646e-02
-7.473724428564310074e-03
-2.429133504629135132e-01
-1.490041241049766541e-02
-1.735219210386276245e-01
-5.382139608263969421e-02
-1.968673914670944214e-01
-8.137208223342895508e-02
-1.540632843971252441e-01
-1.051723659038543701e-01
-1.938036978244781494e-01
-9.769502282142639160e-02
-1.878035068511962891e-01
-4.305538162589073181e-02
-2.714171111583709717e-01
-2.590821590274572372e-03
-1.924605369567871094e-01
-1.560837179422378540e-01
-5.507851764559745789e-02
-1.790586113929748535e-01
-1.464881896972656250e-01
-3.421127796173095703e-02
-1.694124788045883179e-01
-8.014005422592163086e-02
-1.072264686226844788e-01
-7.584822922945022583e-02
-8.965361863374710083e-02
-7.512320578098297119e-02
-6.727349758148193359e-02
-6.034188717603683472e-02
-2.120696939527988434e-02
-1.019705682992935181e-01
6.001413241028785706e-02
-8.990098536014556885e-02
-1.588823832571506500e-02
7.921861112117767334e-02
-6.564185768365859985e-02
1.942079328000545502e-02
6.331402808427810669e-02
-5.831476766616106033e-03
6.342090666294097900e-02
2.110986784100532532e-02
1.234167814254760742e-01
1.774167828261852264e-02
7.407839596271514893e-02
1.489653587341308594e-01
4.972136393189430237e-02
1.335393786430358887e-01
1.058200597763061523e-01
1.509473472833633423e-01
7.291946560144424438e-02
2.272326052188873291e-01
7.472347468137741089e-02
1.381274163722991943e-01
1.587931215763092041e-01
1.511915475130081177e-01
8.202245086431503296e-02
1.897978484630584717e-01
1.157216727733612061e-01
8.429046720266342163e-02
1.136482432484626770e-01
1.359888613224029541e-01
7.855941541492938995e-03
1.465492844581604004e-01
2.406953461468219757e-02
5.199386551976203918e-02
6.617429107427597046e-02
1.690809801220893860e-02
1.250497624278068542e-02
6.499212235212326050e-02
-4.744651168584823608e-02
5.116426572203636169e-02
5.885453429073095322e-03
2.565130358561873436e-03
-1.558183226734399796e-02
1.609273627400398254e-02
1.065675402060151100e-03
-5.659411726810503751e-06
1.147832605056464672e-03
7.989873178303241730e-03
1.228793617337942123e-02
1.256847847253084183e-02
1.123276911675930023e-02
1.594237610697746277e-02
1.498333085328340530e-02
1.328299380838871002e-02
2.049421705305576324e-02
9.675846248865127563e-02
2.977002598345279694e-02
2.604630589485168457e-02
1.801439523696899414e-01
2.380916615948081017e-03
6.693802028894424438e-02
7.490399293601512909e-03
3.016022741794586182e-01
5.979160778224468231e-03
3.065550327301025391e-02
8.677169680595397949e-02
1.887866258621215820e-01
3.558535594493150711e-03
2.215851247310638428e-01
3.590461909770965576e-01
6.450513377785682678e-03
3.697398304939270020e-02
5.053936038166284561e-04
-1.477985233068466187e-01
1.637929320335388184e+00
-2.556725740432739258e-01
