-2.814169274643063545e-04
-5.905864760279655457e-03
-1.324971951544284821e-02
1.465440094470977783e-01
-2.195283621549606323e-01
-3.303404198959469795e-03
3.320562839508056641e-01
1.434014830738306046e-02
2.055608630180358887e-01
2.418993562459945679e-01
2.163156419992446899e-01
-2.343500107526779175e-01
-6.058907508850097656e-02
-1.856245696544647217e-01
-1.924672275781631470e-01
-2.201959304511547089e-02
-1.564472317695617676e-01
3.097106814384460449e-01
-2.661230973899364471e-03
2.099714241921901703e-03
1.738461432978510857e-03
