-1.787277753464877605e-03
-4.343574400991201401e-04
4.057608311995863914e-04
5.406420095823705196e-04
5.451438482850790024e-04
-2.598946169018745422e-02
-2.712062560021877289e-03
-1.173072457313537598e-01
-9.129214100539684296e-03
-1.745145209133625031e-02
5.987587384879589081e-03
-1.056730449199676514e-01
-2.245620638132095337e-01
-2.924512922763824463e-01
4.306377843022346497e-03
-1.208187416195869446e-01
-1.735314726829528809e-01
-2.246339172124862671e-01
-9.855589270591735840e-02
1.680769585072994232e-02
-1.579408049583435059e-01
2.595743536949157715e-02
1.295347362756729126e-01
-3.629063963890075684e-01
-3.187928348779678345e-02
-4.001151770353317261e-02
1.237101256847381592e-01
-1.503761410713195801e-01
-1.043942496180534363e-01
-1.569313555955886841e-01
-9.284064173698425293e-02
-2.703250050544738770e-01
-1.653575599193572998e-01
-1.079460158944129944e-01
1.582999378442764282e-01
-1.322082579135894775e-01
1.906863749027252197e-01
-1.379065513610839844e-01
-1.038551330566406250e-02
1.432211846113204956e-01
-1.110763549804687500e-01
5.602914094924926758e-02
4.089111983776092529e-01
9.543932974338531494e-02
4.541819915175437927e-02
8.156629651784896851e-02
2.001385837793350220e-01
5.721581727266311646e-02
-1.425060629844665527e-02
2.628998830914497375e-03
1.855370402336120605e-01
2.269439026713371277e-02
2.910005673766136169e-02
-3.588760644197463989e-02
1.231219898909330368e-02
-3.310139989480376244e-03
-8.199106901884078979e-03
-2.880659885704517365e-02
-1.517376955598592758e-02
-8.820837363600730896e-03
-5.339604336768388748e-03
-2.298174891620874405e-03
4.191523417830467224e-02
-1.180825172923505306e-03
-1.578181399963796139e-03
