-4.378915764391422272e-03
-7.310355082154273987e-03
-7.374387234449386597e-03
-6.329244468361139297e-03
-7.044974714517593384e-03
-5.481332540512084961e-03
-9.317944059148430824e-04
-3.732933662831783295e-03
-1.860256120562553406e-02
-2.514401637017726898e-02
-2.840772084891796112e-02
-3.715219721198081970e-02
-5.950589478015899658e-02
-2.840973809361457825e-02
-6.299210339784622192e-02
-5.018303915858268738e-02
-1.233600080013275146e-02
-1.369169540703296661e-02
-1.938748955726623535e-01
-3.336771577596664429e-02
-1.049783080816268921e-01
-1.384728252887725830e-01
-8.605122566223144531e-03
-2.076347321271896362e-01
-2.156682312488555908e-02
-1.960109025239944458e-01
-3.580413293093442917e-03
-1.923528611660003662e-01
-5.967335775494575500e-02
-1.515524238348007202e-01
-7.361005246639251709e-02
-1.918515712022781372e-01
-1.215301733464002609e-02
-2.205214202404022217e-01
-3.357179695740342140e-03
-2.126216590404510498e-01
-4.522335529327392578e-02
-1.390058994293212891e-01
-1.215379834175109863e-01
-9.588380157947540283e-02
-1.154414862394332886e-01
-1.211655884981155396e-01
-6.287805736064910889e-02
-1.329715251922607422e-01
-3.837196901440620422e-02
-9.983376413583755493e-02
-5.244857445359230042e-02
-7.440317422151565552e-02
-4.730106517672538757e-02
-3.855498507618904114e-02
-6.990465521812438965e-02
1.234185532666742802e-03
-6.961916387081146240e-02
1.867233589291572571e-02
-3.274666517972946167e-02
-1.948568853549659252e-03
3.053221292793750763e-02
-7.153318263590335846e-03
3.192932158708572388e-02
3.855995461344718933e-02
9.271270595490932465e-03
8.939916640520095825e-02
7.026448845863342285e-03
1.004009470343589783e-01
4.413782060146331787e-02
7.114736735820770264e-02
9.931734949350357056e-02
5.052641034126281738e-02
1.259020715951919556e-01
5.697712674736976624e-02
1.403059214353561401e-01
5.524722486734390259e-02
1.577718555927276611e-01
5.962892994284629822e-02
1.332105249166488647e-01
8.616570383310317993e-02
1.201532408595085144e-01
8.135189116001129150e-02
1.132675483822822571e-01
7.278928160667419434e-02
1.006467640399932861e-01
6.227021291851997375e-02
1.038549542427062988e-01
2.518151141703128815e-02
1.116990149021148682e-01
9.146811440587043762e-03
7.500220835208892822e-02
3.178556635975837708e-02
3.017855435609817505e-02
3.011674247682094574e-02
1.754046045243740082e-02
8.265236392617225647e-03
2.011884935200214386e-02
1.274569053202867508e-02
1.146220322698354721e-02
-4.469148349016904831e-03
7.301236037164926529e-04
-8.606368792243301868e-04
-7.697545457631349564e-03
4.265075549483299255e-03
5.666238721460103989e-03
-1.411584555171430111e-03
-9.116452187299728394e-03
-1.265629380941390991e-02
-1.094157434999942780e-02
-3.770821727812290192e-03
4.462120588868856430e-03
8.485805243253707886e-03
-4.714969545602798462e-03
-1.325243525207042694e-02
1.473778160288929939e-03
5.352495936676859856e-04
-5.790977273136377335e-03
1.571629778482019901e-03
1.553767826408147812e-02
3.614168614149093628e-02
1.132729649543762207e-02
-2.729809466472943313e-06
-4.347924841567873955e-04
6.491554435342550278e-03
1.991852885112166405e-03
6.547335651703178883e-04
1.662840135395526886e-02
-1.585544436238706112e-03
1.836458966135978699e-02
3.908866643905639648e-02
-1.047351837158203125e+00
2.185431480407714844e+00
-1.575371503829956055e+00
