-1.937165507115423679e-04
-8.108829706907272339e-02
1.749571063555777073e-03
4.878322780132293701e-02
5.552845075726509094e-02
4.362551271915435791e-01
4.329779744148254395e-01
-2.402221560478210449e-01
2.075300663709640503e-01
-1.891297847032546997e-01
-1.323418468236923218e-01
-1.660403162240982056e-01
2.532301284372806549e-02
-1.057336404919624329e-01
-6.490540504455566406e-02
-1.055453494191169739e-01
-2.617122828960418701e-01
4.965065512806177139e-03
-9.059999138116836548e-02
-3.993691876530647278e-03
-2.351604634895920753e-03
