1.017192727886140347e-03
5.185697227716445923e-04
-5.526128225028514862e-04
-5.918331444263458252e-04
1.574859721586108208e-03
-2.072060555219650269e-01
2.697323858737945557e-01
-1.935120224952697754e-01
1.468317359685897827e-01
3.240972757339477539e-02
1.983388960361480713e-01
-3.021478652954101562e-01
2.903223037719726562e-03
-4.953975975513458252e-01
-1.572982370853424072e-01
-2.891632616519927979e-01
-2.561342418193817139e-01
5.539881587028503418e-01
-6.794188171625137329e-02
3.100206609815359116e-03
6.438743323087692261e-03
