1.037304103374481201e-01
1.541544049978256226e-01
-5.649764789268374443e-04
1.396996378898620605e-01
1.024942323565483093e-01
8.999193087220191956e-03
6.149590387940406799e-02
1.456515281461179256e-03
8.911500126123428345e-02
6.917365640401840210e-02
9.926424920558929443e-02
1.078113541007041931e-02
-4.505535215139389038e-02
-1.026233956217765808e-01
8.508793264627456665e-02
2.591857220977544785e-03
-4.838175326585769653e-02
-9.025706350803375244e-02
9.118839079746976495e-05
4.340801015496253967e-02
-7.814033329486846924e-02
1.494824048131704330e-02
8.456006646156311035e-02
-2.663993239402770996e-01
-3.198428079485893250e-02
-5.445457994937896729e-02
4.304543882608413696e-02
-1.447655558586120605e-01
-1.041223332285881042e-01
-1.354362070560455322e-01
-8.887796103954315186e-02
-2.241385430097579956e-01
-1.607958078384399414e-01
-1.442229300737380981e-01
1.792827807366847992e-02
-1.972028911113739014e-01
3.425678983330726624e-02
-1.933240592479705811e-01
-1.056039705872535706e-01
-8.001303300261497498e-03
-2.113090008497238159e-01
-1.148857176303863525e-01
1.283798366785049438e-01
-8.246709406375885010e-02
-1.020135283470153809e-01
-7.115855067968368530e-02
1.807080581784248352e-02
-6.809376180171966553e-02
-1.102063283324241638e-01
-4.849887639284133911e-02
1.649609394371509552e-02
2.895357832312583923e-02
-8.242563158273696899e-02
7.262261956930160522e-02
-8.512081950902938843e-02
5.835864320397377014e-02
1.512876451015472412e-01
-8.914764970541000366e-02
1.905631646513938904e-02
1.070318967103958130e-01
-2.603019401431083679e-02
1.621004939079284668e-02
2.983967028558254242e-02
1.265674531459808350e-01
-4.865020886063575745e-02
3.499374166131019592e-02
1.840488910675048828e-01
7.578435540199279785e-02
1.100358068943023682e-01
6.042481213808059692e-02
1.201603710651397705e-01
9.745255857706069946e-02
2.732307016849517822e-01
6.657537817955017090e-02
1.005293130874633789e-01
1.446169614791870117e-01
1.330101490020751953e-01
8.961267769336700439e-02
2.587086856365203857e-01
1.472116410732269287e-01
3.459766134619712830e-02
8.572468161582946777e-02
1.462406218051910400e-01
5.239163525402545929e-03
1.287292689085006714e-01
1.709765754640102386e-02
5.591097474098205566e-02
8.970363438129425049e-02
2.588832937180995941e-02
-5.014360882341861725e-03
5.028668045997619629e-02
-1.172394976019859314e-01
7.054721564054489136e-02
2.380179427564144135e-02
-3.282395005226135254e-02
-2.301494963467121124e-02
4.964137449860572815e-02
-1.639207899570465088e-01
-8.502094447612762451e-02
9.328600019216537476e-03
-4.588287696242332458e-02
-4.637906700372695923e-02
-7.168793678283691406e-02
-1.747073256410658360e-03
-3.253789246082305908e-02
-2.650043927133083344e-02
6.942805368453264236e-03
3.723919391632080078e-02
1.577378958463668823e-01
-4.694003239274024963e-02
2.773159742355346680e-02
1.289584487676620483e-01
7.972696912474930286e-04
8.144484832882881165e-03
6.354875862598419189e-02
2.062062025070190430e-01
1.073657125234603882e-01
5.210789665579795837e-02
3.332637250423431396e-02
7.495961338281631470e-02
1.316249966621398926e-01
2.474190592765808105e-01
2.540600299835205078e-01
6.152763031423091888e-03
1.234948411583900452e-01
1.094256415963172913e-01
1.243017762899398804e-01
2.622562944889068604e-01
1.519140154123306274e-01
