6.257881876081228256e-03
6.656008772552013397e-03
2.747589722275733948e-03
1.908214180730283260e-03
6.698710494674742222e-04
-1.276190276257693768e-03
-1.718914136290550232e-03
2.180383773520588875e-03
7.617184892296791077e-03
3.057895228266716003e-03
6.269466830417513847e-04
-7.059017661958932877e-03
-1.254483778029680252e-02
-1.325139310210943222e-02
-1.602930575609207153e-02
-1.720244064927101135e-02
-2.093424089252948761e-02
-8.943089097738265991e-02
-2.961187623441219330e-02
5.972709041088819504e-03
-3.923575207591056824e-02
-8.311145752668380737e-02
-1.150890998542308807e-02
-1.540238708257675171e-01
-2.250992925837635994e-03
-1.665195971727371216e-01
1.807020045816898346e-03
-1.848934441804885864e-01
-1.883058249950408936e-02
-1.098158285021781921e-01
-1.361815035343170166e-01
-5.947652459144592285e-02
-1.238960623741149902e-01
-1.791079640388488770e-01
-1.057938393205404282e-02
-2.026449739933013916e-01
-6.720660626888275146e-02
-1.028596535325050354e-01
-1.698894351720809937e-01
-8.216219395399093628e-02
-1.325051337480545044e-01
-1.255500912666320801e-01
-1.189915239810943604e-01
-9.067258983850479126e-02
-1.248136237263679504e-01
-9.135922044515609741e-02
-1.124810874462127686e-01
-5.657714605331420898e-02
-1.198775097727775574e-01
-6.445815414190292358e-02
-4.678032174706459045e-02
-1.097483262419700623e-01
3.196174802724272013e-04
-7.488849759101867676e-02
-3.121637739241123199e-02
7.658593822270631790e-03
-3.967660665512084961e-02
2.749464660882949829e-02
1.413651928305625916e-02
1.813366450369358063e-02
4.132165014743804932e-02
6.672857701778411865e-02
3.436385095119476318e-02
8.499969542026519775e-02
1.003059446811676025e-01
4.444592073559761047e-02
1.488506048917770386e-01
5.745543539524078369e-02
1.300267577171325684e-01
1.115939766168594360e-01
1.281179189682006836e-01
1.023158580064773560e-01
1.266360431909561157e-01
1.389226168394088745e-01
6.745769828557968140e-02
1.789984852075576782e-01
7.436966150999069214e-02
1.010493338108062744e-01
1.607278883457183838e-01
3.444275632500648499e-02
1.580707728862762451e-01
6.082805618643760681e-02
9.131922572851181030e-02
1.030073016881942749e-01
5.520223081111907959e-02
9.619449079036712646e-02
5.067175626754760742e-02
8.849043399095535278e-02
5.958473682403564453e-02
1.758418418467044830e-02
1.175151914358139038e-01
-3.669686987996101379e-02
1.018632352352142334e-01
1.493066083639860153e-02
5.722559988498687744e-02
4.972558841109275818e-02
4.961684346199035645e-02
2.778192982077598572e-03
4.025999829173088074e-02
2.421568892896175385e-02
3.187873587012290955e-02
1.242555771023035049e-02
1.308977138251066208e-02
2.018616534769535065e-02
2.512430772185325623e-02
2.250214479863643646e-02
1.933770813047885895e-02
1.787175610661506653e-02
3.591282758861780167e-03
4.371263831853866577e-02
1.530827768146991730e-02
9.527185931801795959e-03
1.200208719819784164e-02
2.676811302080750465e-03
7.171233650296926498e-03
5.639733746647834778e-02
2.920099906623363495e-02
2.208166569471359253e-02
4.957145079970359802e-02
1.076962798833847046e-02
5.166733637452125549e-03
8.089556358754634857e-03
1.051636692136526108e-02
9.279494732618331909e-02
1.156322136521339417e-01
-1.072434186935424805e+00
1.812355518341064453e+00
-8.146803975105285645e-01
-6.684242398478090763e-04
