-3.118768800050020218e-03
-1.401168410666286945e-03
-3.782808482646942139e-01
1.978451199829578400e-02
-4.711530804634094238e-01
-2.328591942787170410e-01
-3.491656854748725891e-02
-4.214298129081726074e-01
1.762374937534332275e-01
-7.540316879749298096e-02
2.157157808542251587e-01
2.826215513050556183e-02
2.421959489583969116e-01
-1.470626890659332275e-01
3.672603666782379150e-01
-2.766417562961578369e-01
5.302633643150329590e-01
-4.618743062019348145e-01
6.937140822410583496e-01
1.281064323848113418e-04
9.070239611901342869e-04
