-9.806376881897449493e-03
-1.985071692615747452e-03
-9.419098496437072754e-02
-7.227995991706848145e-02
-3.732123970985412598e-02
-1.764382719993591309e-01
-1.350544989109039307e-01
-7.659738510847091675e-02
-1.236458048224449158e-01
-7.355076074600219727e-02
-2.021321356296539307e-01
-4.492253530770540237e-03
-1.569403260946273804e-01
-1.205840380862355232e-03
-7.348401844501495361e-02
-2.109961956739425659e-02
-1.556482166051864624e-02
4.876073449850082397e-03
-1.692259684205055237e-02
4.940774664282798767e-02
3.941173106431961060e-02
1.675561256706714630e-02
1.496894210577011108e-01
1.471679471433162689e-02
1.774687916040420532e-01
2.577673271298408508e-02
2.195237576961517334e-01
1.543227303773164749e-02
1.965221911668777466e-01
8.454530686140060425e-02
7.241203635931015015e-02
1.291783899068832397e-01
5.110022053122520447e-02
-2.817255677655339241e-03
1.163454428315162659e-01
-1.026731058955192566e-01
4.800072312355041504e-02
-3.825252875685691833e-02
-8.815580606460571289e-02
-3.546899184584617615e-03
-1.002843752503395081e-01
-4.692675173282623291e-02
-6.687930971384048462e-02
-7.444893568754196167e-02
-6.283152103424072266e-02
-4.190229251980781555e-02
-7.170497626066207886e-02
-1.706914789974689484e-02
-1.856704056262969971e-02
-2.299699373543262482e-02
-1.412606984376907349e-02
-8.363166125491261482e-04
5.680358037352561951e-02
4.831807687878608704e-03
8.862249553203582764e-02
5.697052925825119019e-03
3.943441435694694519e-02
4.981416091322898865e-02
2.800671383738517761e-03
3.031167089939117432e-01
-6.792002357542514801e-03
-6.249338388442993164e-03
8.556871414184570312e-01
-1.164004445075988770e+00
1.515880942344665527e+00
