-1.652201608521863818e-04
-1.164341112598776817e-03
-4.400413483381271362e-03
-3.087200457230210304e-05
-3.644681870937347412e-01
-1.148751601576805115e-01
-1.198462769389152527e-01
-4.888994395732879639e-01
2.271613329648971558e-01
-2.612682245671749115e-02
2.202788591384887695e-01
5.207419395446777344e-02
2.421099245548248291e-01
-1.857205927371978760e-01
3.267993032932281494e-01
-8.222117274999618530e-02
3.284943997859954834e-01
7.473703590221703053e-04
3.624328225851058960e-02
-1.694881066214293242e-04
-4.854813741985708475e-04
