-1.480518985772505403e-04
7.704649120569229126e-03
4.024366382509469986e-03
-3.406157018616795540e-03
-1.784468186087906361e-03
-1.565373386256396770e-03
3.017171984538435936e-04
3.365474403835833073e-04
7.315956987440586090e-03
1.839427277445793152e-02
4.579651169478893280e-03
-1.569337095133960247e-03
-1.274001901037991047e-03
-1.416250830516219139e-03
-1.235316973179578781e-02
1.336259022355079651e-02
5.025746300816535950e-03
-1.072345394641160965e-02
-2.925023436546325684e-04
-2.698524110019207001e-02
-1.853551366366446018e-03
-7.943921536207199097e-02
1.071514282375574112e-02
-1.348136514425277710e-01
-5.001061037182807922e-02
-7.061176002025604248e-02
-8.749756962060928345e-02
-1.403183788061141968e-01
3.107781708240509033e-02
-1.597332209348678589e-01
-3.156903898343443871e-03
3.701764345169067383e-02
-1.303773671388626099e-01
2.398304790258407593e-01
-9.826634079217910767e-02
1.811053752899169922e-01
1.791960895061492920e-01
9.262604266405105591e-02
1.883503645658493042e-01
3.323873579502105713e-01
-3.665793701657094061e-05
3.893269896507263184e-01
1.037476807832717896e-01
2.040378004312515259e-01
2.146052122116088867e-01
9.879975020885467529e-02
1.995012313127517700e-01
5.455576349049806595e-03
1.968266069889068604e-01
1.177667733281850815e-02
1.357796229422092438e-02
1.037184800952672958e-02
9.520143270492553711e-02
-1.626922339200973511e-01
-2.492950670421123505e-02
4.639166593551635742e-01
-1.042445063591003418e+00
7.230632305145263672e-01
-1.337631046772003174e-01
-1.204250603914260864e-01
-7.380287162959575653e-03
-1.851795939728617668e-03
9.400447597727179527e-04
5.083091091364622116e-04
4.877533938270062208e-04
