4.364089109003543854e-04
-2.012936919927597046e-01
-3.823336912319064140e-03
-3.911424428224563599e-03
-4.921162873506546021e-02
-2.188512310385704041e-02
3.450428843498229980e-01
1.145202890038490295e-01
-2.848474308848381042e-03
-1.199360713362693787e-01
9.035684168338775635e-02
3.278994001448154449e-03
-2.011666297912597656e-01
-5.016593337059020996e-01
-1.931360363960266113e-01
1.914494335651397705e-01
-1.832899451255798340e-01
3.167722523212432861e-01
5.003789663314819336e-01
-6.575386505573987961e-03
-1.780363149009644985e-03
