-1.164349305327050388e-04
1.125161536037921906e-03
-3.608703264035284519e-04
-1.622829586267471313e-04
1.079083308577537537e-01
-1.661502569913864136e-01
1.006248295307159424e-01
-3.571491837501525879e-01
-1.924346685409545898e-01
-2.725536525249481201e-01
4.121495783329010010e-02
-2.035205718129873276e-03
2.020643651485443115e-01
1.448086202144622803e-01
-5.578259751200675964e-02
1.177183315157890320e-01
-7.023011147975921631e-02
-3.519109264016151428e-02
-9.053152054548263550e-02
-1.460931152105331421e-01
-6.950384122319519520e-04
