-4.927460686303675175e-04
-1.256304909475147724e-03
-1.360551267862319946e-01
6.637867689132690430e-01
-8.623185753822326660e-02
2.955344272777438164e-03
4.750753939151763916e-02
1.986829042434692383e-01
8.423790335655212402e-02
2.763317823410034180e-01
1.070731878280639648e-01
-1.159752085804939270e-01
1.255313307046890259e-01
-3.647753596305847168e-01
-3.108278512954711914e-01
-6.652718782424926758e-02
-2.489895559847354889e-02
-3.813345392700284719e-04
5.431581754237413406e-03
4.390411544591188431e-03
-2.328946022316813469e-03
