7.734865648671984673e-04
7.979576475918292999e-04
-3.352959873154759407e-03
-2.335776342079043388e-03
-4.988040775060653687e-03
-3.438173327594995499e-03
4.149770829826593399e-03
-8.198400959372520447e-03
3.117781132459640503e-02
4.920548759400844574e-03
1.088760942220687866e-01
-3.518985509872436523e-01
5.248728394508361816e-02
-2.291767299175262451e-01
-1.596989631652832031e-01
-3.237821459770202637e-01
2.166671474697068334e-04
-9.865386784076690674e-02
2.640290185809135437e-02
5.088821426033973694e-02
9.934300929307937622e-02
1.274935305118560791e-01
3.238635137677192688e-02
3.134710192680358887e-01
1.385879665613174438e-01
7.364203035831451416e-02
3.684699833393096924e-01
9.531019604764878750e-04
2.641356736421585083e-02
2.276281639933586121e-02
2.708249958232045174e-03
8.254062267951667309e-04
-1.250477274879813194e-03
