-7.755053229629993439e-04
-8.177133859135210514e-04
-5.052841734141111374e-03
-3.439763793721795082e-03
-5.878866068087518215e-04
-8.620438165962696075e-03
-1.712970435619354248e-02
-7.058881968259811401e-02
-1.694750972092151642e-02
-5.128383263945579529e-02
-5.041684955358505249e-03
-1.233586668968200684e-01
-7.561397273093461990e-03
-1.237567290663719177e-01
-1.908416161313652992e-03
-1.225883960723876953e-01
-5.940953735262155533e-03
-1.252517402172088623e-01
-3.451764211058616638e-02
-8.760530501604080200e-02
-8.319895714521408081e-02
-3.859776630997657776e-02
-1.708090156316757202e-01
-2.019260427914559841e-04
-1.545655876398086548e-01
-1.074021160602569580e-01
-4.928597435355186462e-02
-1.625013649463653564e-01
-7.740206271409988403e-02
-1.091291829943656921e-01
-1.292431056499481201e-01
-1.092864498496055603e-01
-6.038039922714233398e-02
-1.183142811059951782e-01
-2.446459420025348663e-02
-5.575510859489440918e-02
-1.590135507285594940e-02
3.690353780984878540e-02
-2.147528715431690216e-02
1.372490674257278442e-01
7.009113579988479614e-02
7.872628420591354370e-02
2.186188697814941406e-01
1.010588556528091431e-01
1.499620229005813599e-01
1.782898455858230591e-01
1.753865182399749756e-01
1.115641444921493530e-01
2.168783396482467651e-01
2.754068374633789062e-02
2.250186949968338013e-01
8.898736536502838135e-02
3.291376866400241852e-03
1.374241113662719727e-01
1.507601980119943619e-02
6.550738215446472168e-02
3.849318716675043106e-03
-2.852382063865661621e-01
9.986264109611511230e-01
-1.228559851646423340e+00
5.916882157325744629e-01
-3.309315303340554237e-03
-2.067253692075610161e-03
-1.748561509884893894e-03
-7.554159965366125107e-04
