-6.590423639863729477e-03
-5.810399539768695831e-03
3.759134095162153244e-03
5.542687140405178070e-03
-7.607967257499694824e-01
2.592157386243343353e-02
3.538268385455012321e-03
-2.933535873889923096e-01
-3.186557209119200706e-03
-3.459465205669403076e-01
-5.959722399711608887e-02
-1.967958174645900726e-02
-3.025083243846893311e-01
-3.820458799600601196e-02
-1.433878690004348755e-01
-1.533987522125244141e-01
-1.726847589015960693e-01
-5.837095156311988831e-02
-1.760763972997665405e-01
-1.403399556875228882e-01
-6.203516200184822083e-02
-1.351842284202575684e-01
-1.607347428798675537e-01
5.449466034770011902e-02
-2.242666333913803101e-01
1.673453487455844879e-02
-1.067533344030380249e-01
-4.113734513521194458e-02
-4.120179265737533569e-02
-1.648310869932174683e-01
1.118274684995412827e-02
-1.637700349092483521e-01
-7.333061844110488892e-02
-8.992750942707061768e-02
-1.893720775842666626e-01
1.007042676210403442e-01
-1.994321197271347046e-01
1.664434000849723816e-02
1.009201258420944214e-02
-7.244586944580078125e-02
1.812857687473297119e-01
-2.611153293401002884e-03
1.851137727499008179e-01
1.853108853101730347e-01
1.672701090574264526e-01
2.652915418148040771e-01
3.061719238758087158e-01
1.104431971907615662e-01
5.205956697463989258e-01
7.747658342123031616e-02
4.290141463279724121e-01
1.910695582628250122e-01
3.196373283863067627e-01
1.778020262718200684e-01
2.129693180322647095e-01
2.830044329166412354e-01
1.600135117769241333e-01
1.235341653227806091e-01
1.978539973497390747e-01
8.924337476491928101e-02
1.396235451102256775e-02
1.362329069525003433e-02
-3.319919807836413383e-03
-8.482870180159807205e-04
1.205967739224433899e-03
