7.883401121944189072e-04
-5.880126263946294785e-04
-1.583417411893606186e-03
-1.582279102876782417e-03
-2.402795245870947838e-03
-2.091706264764070511e-03
1.134941936470568180e-03
4.364155232906341553e-03
2.748995786532759666e-03
-7.759986072778701782e-02
-1.902378979139029980e-03
1.387069672346115112e-01
-1.871068030595779419e-02
1.530646085739135742e-01
-5.118750501424074173e-03
-7.417184766381978989e-03
2.289345301687717438e-02
6.848821789026260376e-02
-1.192678976804018021e-02
-1.286355555057525635e-01
-8.040641993284225464e-02
-7.126438617706298828e-02
-1.151030510663986206e-01
-3.426479399204254150e-01
-1.331622749567031860e-01
-1.513331979513168335e-01
-2.986193597316741943e-01
-1.349655240774154663e-01
-1.761081516742706299e-01
-2.562102973461151123e-01
3.060479089617729187e-02
-1.690014004707336426e-01
-4.463884234428405762e-02
5.246398970484733582e-02
-2.919051051139831543e-02
-7.138240616768598557e-03
2.249942272901535034e-01
-4.602796211838722229e-02
1.295304000377655029e-01
6.112280115485191345e-02
7.282201200723648071e-02
3.615231439471244812e-02
1.529797166585922241e-01
-4.390513524413108826e-02
1.200349107384681702e-01
1.423658430576324463e-01
7.601242512464523315e-02
8.757905103266239166e-03
-2.217099769040942192e-03
2.785059213638305664e-01
-9.354474395513534546e-02
-2.972754649817943573e-03
1.227973476052284241e-01
-1.984291970729827881e-01
2.628554403781890869e-01
-3.067672848701477051e-01
1.243992894887924194e-02
1.222416642121970654e-03
1.418073952663689852e-04
5.748560652136802673e-04
2.094683703035116196e-03
-6.512314081192016602e-01
-5.063173593953251839e-04
-2.407657681033015251e-03
-3.928195510525256395e-04
