-1.586908823810517788e-03
-1.224274979904294014e-03
-2.852794132195413113e-04
6.016208324581384659e-03
8.406584151089191437e-03
7.308018393814563751e-03
2.269350178539752960e-02
7.873512804508209229e-03
3.046669438481330872e-02
6.549844890832901001e-02
6.882338202558457851e-04
1.980084329843521118e-01
-1.241378718987107277e-03
2.468573451042175293e-01
7.347884029150009155e-02
1.568314582109451294e-01
1.239963173866271973e-01
-6.878091394901275635e-02
1.565932184457778931e-01
-2.285957485437393188e-01
1.901546376757323742e-03
-1.465524137020111084e-01
-2.593177258968353271e-01
4.711787682026624680e-03
-2.731909155845642090e-01
-1.170291844755411148e-02
-8.266191184520721436e-02
1.532736816443502903e-03
5.626264959573745728e-02
-7.284425497055053711e-01
1.141794800758361816e+00
-1.529963314533233643e-01
-2.897788770496845245e-03
