-1.337014198303222656e+00
6.458754837512969971e-02
5.065962206572294235e-03
-1.558311341796070337e-04
-1.183005422353744507e-02
-1.859198883175849915e-02
-1.093722693622112274e-02
-2.044970169663429260e-03
-6.646274123340845108e-03
-1.176646165549755096e-02
-1.105154585093259811e-02
7.604475249536335468e-04
3.869974054396152496e-03
-2.950758207589387894e-03
-3.749516326934099197e-03
1.335364580154418945e-01
7.569800131022930145e-03
1.239425987005233765e-01
9.422788769006729126e-02
1.278767883777618408e-01
6.729732453823089600e-02
1.573627889156341553e-01
1.441949009895324707e-01
7.225117832422256470e-02
1.912212818861007690e-01
4.254609346389770508e-02
2.187752127647399902e-01
-5.445503070950508118e-02
1.838545948266983032e-01
-1.526570878922939301e-02
1.177539303898811340e-02
-5.919399857521057129e-02
2.879507839679718018e-02
-2.361754029989242554e-01
-5.899521522223949432e-03
-1.871184557676315308e-01
-2.091652154922485352e-01
-8.772240579128265381e-02
-2.254035621881484985e-01
-2.070719450712203979e-01
-7.836417108774185181e-02
-2.451821863651275635e-01
-6.693325191736221313e-02
-1.767677962779998779e-01
-1.185838133096694946e-02
-1.163921505212783813e-01
-5.056882277131080627e-02
1.387335010804235935e-03
-8.214145153760910034e-02
-7.384556811302900314e-03
7.367764483205974102e-04
1.843327656388282776e-03
7.248627487570047379e-03
8.838492445647716522e-03
3.069216385483741760e-03
2.079867757856845856e-03
1.861779484897851944e-03
-1.164592802524566650e-03
2.683816128410398960e-04
1.000401462079025805e-04
2.007534349104389548e-04
2.278368774568662047e-04
-1.635505817830562592e-03
-2.054922515526413918e-03
-2.041863743215799332e-03
