2.752028813119977713e-04
6.646392401307821274e-03
-1.772045195102691650e-01
3.842216134071350098e-01
-2.219067662954330444e-01
-2.426357008516788483e-02
2.858116030693054199e-01
2.195640280842781067e-02
2.177811264991760254e-01
2.010792791843414307e-01
1.917036175727844238e-01
-2.098296433687210083e-01
-2.723749168217182159e-02
-2.005390226840972900e-01
-2.099016904830932617e-01
3.179168561473488808e-03
-3.341018259525299072e-01
5.516838431358337402e-01
-1.571597345173358917e-02
-1.942433184012770653e-03
-3.931202460080385208e-03
