1.443052315153181553e-03
4.372438415884971619e-03
3.655723994597792625e-03
1.280256360769271851e-01
4.958637058734893799e-02
-7.263547740876674652e-04
3.631372377276420593e-02
1.907035708427429199e-01
1.102505251765251160e-01
2.866896986961364746e-01
9.764523804187774658e-02
-1.127922162413597107e-01
1.657885611057281494e-01
-3.366515040397644043e-01
-3.531866073608398438e-01
-7.445318996906280518e-02
1.652062833309173584e-01
2.499037887901067734e-03
4.965157248079776764e-03
4.845218267291784286e-03
3.411544486880302429e-03
