-2.817764179781079292e-03
-2.722819801419973373e-03
-6.764165009371936321e-04
7.763600442558526993e-04
1.060870941728353500e-02
1.363921724259853363e-02
4.146563261747360229e-02
3.564183041453361511e-02
4.645086824893951416e-02
9.248488396406173706e-02
6.619399040937423706e-02
7.769455201923847198e-03
2.776466608047485352e-01
-2.607507072389125824e-02
1.456312984228134155e-01
2.955274879932403564e-01
3.292059525847434998e-02
1.195787265896797180e-01
-3.797590266913175583e-03
-7.839597016572952271e-02
-9.381259232759475708e-02
-1.469230800867080688e-01
-2.143361419439315796e-01
-2.999667227268218994e-01
-1.779219657182693481e-01
-4.351059198379516602e-01
-1.098652780055999756e-01
6.731660105288028717e-03
-7.485380172729492188e-01
1.261324249207973480e-02
-3.803515806794166565e-03
-2.321346662938594818e-03
-3.248062217608094215e-03
