-2.503886586055159569e-03
-2.201432595029473305e-03
-1.882671494968235493e-03
-1.561977667734026909e-03
-2.478407230228185654e-03
-8.238040655851364136e-02
3.150914907455444336e-01
-2.369227856397628784e-01
1.041069254279136658e-01
7.981809973716735840e-02
2.047172933816909790e-01
-3.377157747745513916e-01
-2.792941220104694366e-02
-4.656839072704315186e-01
-2.067113071680068970e-01
-2.674188911914825439e-01
-4.399773105978965759e-02
3.171951472759246826e-01
-1.137037063017487526e-03
6.208706763572990894e-04
3.902312892023473978e-04
