4.635579534806311131e-04
6.462385063059628010e-04
4.391946829855442047e-03
4.435585811734199524e-03
5.570140667259693146e-03
6.451900117099285126e-03
2.782269846647977829e-03
-2.921165469160769135e-05
4.543775692582130432e-03
1.176988519728183746e-02
6.592956371605396271e-03
4.100987687706947327e-03
8.788569248281419277e-04
-7.492888253182172775e-04
-2.176854759454727173e-02
1.655575446784496307e-02
1.797875855118036270e-03
-1.947220228612422943e-02
1.274241483770310879e-03
-2.920604869723320007e-02
-3.694529645144939423e-03
-8.048464357852935791e-02
9.372050873935222626e-03
-1.412732899188995361e-01
-5.138552561402320862e-02
-6.912022083997726440e-02
-8.996669948101043701e-02
-1.408231109380722046e-01
3.410892188549041748e-02
-1.601442694664001465e-01
-2.541054738685488701e-03
3.700289875268936157e-02
-1.300818473100662231e-01
2.437020093202590942e-01
-9.966861456632614136e-02
1.844146102666854858e-01
1.861014366149902344e-01
9.368017315864562988e-02
1.943551003932952881e-01
3.421283066272735596e-01
2.692778827622532845e-03
3.943915367126464844e-01
1.120598688721656799e-01
2.039022445678710938e-01
2.138858884572982788e-01
1.018302738666534424e-01
1.976501494646072388e-01
3.416911931708455086e-03
1.910254657268524170e-01
3.633812535554170609e-03
1.132639241404831409e-03
-3.971744794398546219e-03
8.988466113805770874e-02
-1.813934445381164551e-01
-4.508384037762880325e-03
4.482873976230621338e-01
-1.016084313392639160e+00
6.628003120422363281e-01
-8.843720704317092896e-02
-1.183581203222274780e-01
-1.407721545547246933e-03
2.294470323249697685e-03
2.460579387843608856e-03
1.526729756733402610e-04
-1.551233464851975441e-03
