-1.436673760414123535e+00
2.111864686012268066e-01
-1.118382206186652184e-03
6.636530626565217972e-03
1.174181550741195679e-01
5.082610994577407837e-03
4.114785194396972656e-01
6.814563274383544922e-02
2.613741159439086914e-01
1.875401884317398071e-01
2.181708812713623047e-01
8.768376894295215607e-03
2.056245952844619751e-01
-1.112755611538887024e-01
-6.381309032440185547e-02
-5.417858250439167023e-03
-2.299444824457168579e-01
3.105579130351543427e-02
-1.105358377099037170e-01
-1.309486925601959229e-01
7.915006577968597412e-02
-2.110735177993774414e-01
4.981100093573331833e-03
-5.367346107959747314e-02
-1.371729671955108643e-01
-4.351655952632427216e-03
-9.651091694831848145e-02
-1.667165197432041168e-02
-1.023939922451972961e-01
-5.116553045809268951e-03
-2.223407616838812828e-03
-2.121323719620704651e-03
-3.605704405345022678e-04
