3.418789478018879890e-03
2.408864675089716911e-03
4.308925475925207138e-03
-1.337788403034210205e-01
-1.533903181552886963e-01
1.647685915231704712e-01
3.305837512016296387e-01
-6.618059426546096802e-02
1.449707597494125366e-01
2.710182368755340576e-01
2.435885965824127197e-01
-2.553489208221435547e-01
-8.661218732595443726e-02
-1.070146039128303528e-01
-6.250716745853424072e-02
-2.068754844367504120e-02
-1.548108756542205811e-01
1.852014288306236267e-02
3.780044848099350929e-03
8.870338788256049156e-04
5.867775762453675270e-04
