1.147634349763393402e-03
5.312718349159695208e-05
-1.784652005881071091e-03
-8.758455514907836914e-03
-5.954460706561803818e-03
-5.027071107178926468e-03
-5.436196923255920410e-03
-2.896751277148723602e-02
-2.182683907449245453e-03
-9.363126009702682495e-02
-1.146418154239654541e-01
-1.470666974782943726e-01
-1.049825996160507202e-01
-3.516331613063812256e-01
-5.710735544562339783e-02
-2.017532289028167725e-01
-1.003816425800323486e-01
-7.201164960861206055e-02
2.264925092458724976e-01
-1.328725367784500122e-01
4.558102488517761230e-01
-1.883149892091751099e-02
1.864654272794723511e-01
3.040874898433685303e-01
-3.197444975376129150e-02
-1.403940655291080475e-02
4.234998524188995361e-01
-4.781470596790313721e-01
8.697124570608139038e-02
-1.273368485271930695e-03
-2.680278616026043892e-03
-3.058074507862329483e-03
-2.337460871785879135e-03
