-2.698732074350118637e-03
-3.202569205313920975e-03
-4.324635490775108337e-03
4.050247371196746826e-01
-8.565436303615570068e-02
-3.113442100584506989e-02
2.412542514503002167e-02
-4.350705444812774658e-01
-1.417491734027862549e-01
-2.173167318105697632e-01
-1.431926339864730835e-01
1.868938505649566650e-01
2.277165353298187256e-01
3.146632807329297066e-03
1.016382351517677307e-01
6.358297914266586304e-02
-4.075905308127403259e-04
-4.484076425433158875e-02
-3.437847830355167389e-03
-3.187292255461215973e-03
-1.253354595974087715e-03
