-3.310532192699611187e-04
-1.551499241031706333e-03
-4.663514904677867889e-03
9.121862240135669708e-04
1.852471614256501198e-03
1.142815798521041870e-01
2.492163181304931641e-01
1.257348358631134033e-01
2.271843701601028442e-01
1.213531196117401123e-01
2.684199213981628418e-01
2.234531939029693604e-01
-2.106395363807678223e-02
1.689193844795227051e-01
-3.037736937403678894e-02
-2.089558094739913940e-01
-9.954602271318435669e-02
-1.701442450284957886e-01
-2.475183904170989990e-01
2.359355688095092773e-01
-2.362850159406661987e-01
-4.305323585867881775e-02
-1.158077642321586609e-01
-2.176462709903717041e-01
-4.855345562100410461e-02
-1.694430112838745117e-01
-8.832758665084838867e-02
-1.129083409905433655e-01
1.503146020695567131e-03
5.712580168619751930e-04
1.927666744450107217e-05
-7.678102701902389526e-04
-1.228382810950279236e-03
