-1.623431220650672913e-03
3.958517219871282578e-03
8.301833644509315491e-03
1.227844599634408951e-02
1.159769203513860703e-02
1.163833588361740112e-02
9.922282770276069641e-03
4.801106639206409454e-03
1.457245787605643272e-03
-1.464442815631628036e-03
-3.980393055826425552e-03
-4.521149210631847382e-03
-4.505456890910863876e-03
-5.136997904628515244e-03
-2.812685212120413780e-03
-3.581738332286477089e-03
-1.184045244008302689e-02
-1.294947601854801178e-02
-8.277624845504760742e-03
-5.508967675268650055e-03
-4.468786530196666718e-03
-6.854337640106678009e-03
-2.704138308763504028e-02
-2.503480529412627220e-03
-2.028895774856209755e-03
-8.850427344441413879e-03
-9.012478403747081757e-03
-9.453413076698780060e-03
-3.854283690452575684e-02
-4.420178011059761047e-02
-1.196673326194286346e-02
-5.866923928260803223e-02
-2.543285675346851349e-02
-1.077576819807291031e-02
-9.092897176742553711e-02
-1.335334964096546173e-03
-9.583693742752075195e-02
-3.541982173919677734e-02
-3.791108727455139160e-02
-1.107813194394111633e-01
-1.403197459876537323e-02
-1.074170395731925964e-01
-4.747945442795753479e-02
-6.697590649127960205e-02
-8.141696453094482422e-02
-8.734139800071716309e-02
-2.833549305796623230e-02
-1.312940269708633423e-01
-4.589765146374702454e-02
-6.498187780380249023e-02
-1.004832684993743896e-01
-4.183613136410713196e-02
-6.977293640375137329e-02
-6.112774834036827087e-02
-6.151735410094261169e-02
-1.342015992850065231e-02
-6.922788172960281372e-02
3.741886001080274582e-03
-3.295278921723365784e-02
7.050171494483947754e-03
-6.104412488639354706e-03
4.218607768416404724e-02
-5.886445287615060806e-03
7.509835064411163330e-02
4.876517131924629211e-02
3.360573202371597290e-02
1.293073594570159912e-01
3.125270456075668335e-02
1.207432225346565247e-01
8.590541779994964600e-02
1.105552986264228821e-01
9.443886578083038330e-02
1.361727565526962280e-01
8.821086585521697998e-02
1.431710720062255859e-01
1.188103482127189636e-01
9.808875620365142822e-02
1.633927226066589355e-01
8.484552055597305298e-02
1.469084769487380981e-01
1.006742790341377258e-01
8.735372871160507202e-02
1.551580727100372314e-01
6.578844040632247925e-02
1.278365254402160645e-01
6.643839925527572632e-02
8.650935441255569458e-02
8.960119634866714478e-02
5.117559805512428284e-02
9.574820101261138916e-02
1.817556843161582947e-02
1.029023826122283936e-01
-6.374584336299449205e-05
7.254153490066528320e-02
4.473197739571332932e-03
4.826455935835838318e-02
1.300622988492250443e-02
1.927874982357025146e-02
2.011898159980773926e-02
3.273972868919372559e-02
-3.222678089514374733e-03
-1.021418720483779907e-02
-1.023649144917726517e-02
-1.888774149119853973e-02
-3.386531770229339600e-02
-1.634403015486896038e-03
7.180747576057910919e-03
1.834577065892517567e-03
-8.401201106607913971e-03
-1.760984398424625397e-02
-1.974185742437839508e-02
-1.827053725719451904e-02
-1.633891835808753967e-02
-7.595659699290990829e-03
-6.967609282582998276e-03
-3.100132942199707031e-02
-4.743271321058273315e-02
-1.121826469898223877e-02
1.008741371333599091e-02
6.606660783290863037e-02
2.999580092728137970e-02
-4.448070824146270752e-01
6.769233942031860352e-01
-3.611836731433868408e-01
-7.942141294479370117e-01
1.865800380706787109e+00
-1.537387371063232422e+00
3.350280821323394775e-01
1.676180958747863770e-02
