1.886343961814418435e-04
-3.865903418045490980e-04
-1.554210088215768337e-03
-4.381929989904165268e-03
-3.253687322139739990e-01
-1.021913439035415649e-01
-1.261167526245117188e-01
-4.916495978832244873e-01
2.288372516632080078e-01
-2.503106556832790375e-02
2.172223776578903198e-01
4.890470951795578003e-02
2.369210273027420044e-01
-1.927344202995300293e-01
3.196625411510467529e-01
-7.029911875724792480e-02
3.230004012584686279e-01
-1.805576379410922527e-03
3.355655074119567871e-02
4.164319019764661789e-03
-5.096094100736081600e-04
