8.734489092603325844e-04
1.603104174137115479e-03
-3.365043783560395241e-03
-2.412541070953011513e-03
-8.540061116218566895e-02
1.584554440341889858e-03
1.496206037700176239e-02
-4.046865105628967285e-01
1.199301704764366150e-01
-1.241316553205251694e-02
-1.469274759292602539e-01
5.059622228145599365e-03
-7.200757390819489956e-04
-7.470540702342987061e-02
-2.665411494672298431e-02
-3.181437402963638306e-02
-5.266484618186950684e-02
-4.387103021144866943e-02
-2.430547773838043213e-02
-9.025474637746810913e-02
-1.671804860234260559e-02
-1.428284049034118652e-01
-4.676997195929288864e-03
-1.740797013044357300e-01
-7.534983009099960327e-02
-1.417115181684494019e-01
-9.858515858650207520e-02
-2.459496259689331055e-01
-1.653693267144262791e-03
-2.403157055377960205e-01
-1.314074993133544922e-01
3.175434097647666931e-02
-2.425118982791900635e-01
7.251203060150146484e-02
-4.812617599964141846e-02
-6.372153013944625854e-02
1.350234746932983398e-01
-5.184042826294898987e-02
1.125001981854438782e-01
8.270391821861267090e-02
6.836193799972534180e-02
1.094593182206153870e-01
1.225414872169494629e-01
1.148424819111824036e-01
1.322651952505111694e-01
1.458552777767181396e-01
8.211547136306762695e-02
1.994296014308929443e-01
1.140259653329849243e-01
5.123582482337951660e-02
1.744834184646606445e-01
9.233769774436950684e-02
2.619196893647313118e-03
7.109391689300537109e-02
4.138368740677833557e-02
9.874804317951202393e-02
-5.765444636344909668e-01
1.073904991149902344e+00
-1.011652708053588867e+00
1.631839573383331299e-01
-8.767924155108630657e-04
-4.995628260076045990e-03
-7.840827107429504395e-03
-3.170772688463330269e-03
-4.264488816261291504e-03
