-6.125381332822144032e-04
1.629596925340592861e-03
-4.921702784486114979e-04
-1.781069091521203518e-03
2.336262026801705360e-03
4.607776179909706116e-03
7.001347839832305908e-03
4.319006577134132385e-03
3.471498563885688782e-02
5.556351691484451294e-02
2.519051078706979752e-03
2.069690823554992676e-01
-4.676663316786289215e-03
2.617628574371337891e-01
9.223446249961853027e-02
1.670638620853424072e-01
1.251244693994522095e-01
-6.414308398962020874e-02
1.682507097721099854e-01
-2.423364669084548950e-01
3.783154767006635666e-03
-1.460498124361038208e-01
-2.930800318717956543e-01
2.379668131470680237e-02
-2.844580113887786865e-01
-1.895305141806602478e-02
-3.768501058220863342e-02
6.277973297983407974e-03
1.032176427543163300e-02
-5.575351715087890625e-01
1.012413382530212402e+00
-1.504823751747608185e-02
7.408545818179845810e-03
