1.027527917176485062e-02
6.991599220782518387e-03
-5.270714405924081802e-03
-1.419364125467836857e-03
9.528169780969619751e-02
-7.128716111183166504e-01
3.006257414817810059e-01
-1.772348284721374512e-01
-2.083087712526321411e-02
3.256023228168487549e-01
-1.376435607671737671e-01
2.481901645660400391e-01
2.522750794887542725e-01
-3.511994378641247749e-03
1.458939015865325928e-01
3.504184633493423462e-02
-5.319452285766601562e-02
-2.734910547733306885e-01
-1.698469929397106171e-02
-2.715777456760406494e-01
-2.489568442106246948e-01
-2.384423650801181793e-02
-2.160294651985168457e-01
-5.516211688518524170e-02
1.223663147538900375e-02
-6.454238295555114746e-02
-2.125031460309401155e-04
6.588470569113269448e-05
-1.491691335104405880e-03
-9.822893189266324043e-04
-5.266425432637333870e-05
6.473481771536171436e-04
-1.676366082392632961e-04
