-7.557022036053240299e-04
-8.146621985360980034e-04
-1.190592069178819656e-03
3.912918269634246826e-03
3.174617886543273926e-02
-1.315538138151168823e-01
7.121419906616210938e-02
-2.741209864616394043e-01
-1.027581915259361267e-01
-2.481095343828201294e-01
3.117962367832660675e-02
-4.352368880063295364e-03
1.709016412496566772e-01
1.126346737146377563e-01
1.933337375521659851e-02
1.163883581757545471e-01
-8.917195349931716919e-02
-3.469976410269737244e-02
4.313792884349822998e-01
-1.137332439422607422e+00
1.496862620115280151e-02
