-1.189405694603919983e-01
-3.052494861185550690e-02
-2.058181762695312500e-01
-1.839433312416076660e-01
-1.494257003068923950e-01
-2.124361544847488403e-01
-2.521137595176696777e-01
-1.942885369062423706e-01
-1.719401180744171143e-01
-2.237973362207412720e-01
-3.168159127235412598e-01
-3.680490329861640930e-02
-3.053804337978363037e-01
-2.889722399413585663e-02
-1.682522594928741455e-01
-1.143208518624305725e-01
-6.237208470702171326e-02
-5.240499600768089294e-02
-7.481020689010620117e-02
4.955844581127166748e-02
-1.435426250100135803e-02
-9.420584538020193577e-04
1.542918831110000610e-01
-3.990105818957090378e-03
1.731425672769546509e-01
4.814581945538520813e-02
2.144593298435211182e-01
9.385190904140472412e-03
2.249853909015655518e-01
8.747898042201995850e-02
6.884590536355972290e-02
1.552024334669113159e-01
4.905173555016517639e-02
-3.850631881505250931e-03
1.425166279077529907e-01
-1.193670257925987244e-01
5.870560929179191589e-02
-1.782738417387008667e-02
-1.049052774906158447e-01
1.137132477015256882e-02
-8.174177259206771851e-02
-4.765715450048446655e-02
-4.156067967414855957e-02
-4.447206854820251465e-02
-4.661176726222038269e-02
-1.056555192917585373e-02
-3.477624803781509399e-02
3.100929781794548035e-02
3.326099365949630737e-03
1.026518642902374268e-02
8.593627065420150757e-02
1.530469581484794617e-02
1.654160469770431519e-01
7.129851728677749634e-02
1.665769964456558228e-01
8.001606166362762451e-02
8.702570945024490356e-02
2.098283618688583374e-01
-6.712107453495264053e-03
6.441090703010559082e-01
-1.639768830500543118e-03
-3.820984158664941788e-03
9.072277545928955078e-01
-2.123786807060241699e-01
1.216830968856811523e+00
