3.233473747968673706e-03
-6.231081206351518631e-03
-1.190434955060482025e-02
-6.152110639959573746e-03
1.467729802243411541e-03
-4.446270465850830078e-01
8.105511218309402466e-02
-1.413401067256927490e-01
-2.420608187094330788e-03
2.870751917362213135e-01
-1.496432274580001831e-01
2.887582778930664062e-01
2.747997045516967773e-01
-3.096382133662700653e-02
1.594178974628448486e-01
6.555422395467758179e-02
-7.980474829673767090e-02
-3.006347119808197021e-01
-7.936467416584491730e-03
-2.684137523174285889e-01
-2.710742056369781494e-01
-3.665613755583763123e-02
-2.235356122255325317e-01
-1.050321906805038452e-01
6.403262913227081299e-02
-8.622904121875762939e-02
3.987538162618875504e-03
-5.293789436109364033e-04
-9.780031396076083183e-04
7.505293469876050949e-04
3.288588952273130417e-03
4.307537805289030075e-03
2.517433313187211752e-04
