4.662494175136089325e-03
8.311508223414421082e-03
1.097709988243877888e-03
4.088444984517991543e-04
-6.836799439042806625e-03
-1.270002592355012894e-02
-2.140142768621444702e-02
-3.981088288128376007e-03
5.125076131662353873e-05
-9.701451286673545837e-03
-1.777753932401537895e-03
-6.827445328235626221e-02
-2.401954680681228638e-02
-8.552005887031555176e-02
-4.880466498434543610e-03
-9.015176445245742798e-02
-5.565533647313714027e-04
-9.719286859035491943e-02
-2.533066272735595703e-02
-7.433045655488967896e-02
-7.529890537261962891e-02
-1.725559495389461517e-02
-1.581340730190277100e-01
-2.616551471874117851e-03
-1.221186965703964233e-01
-1.007509380578994751e-01
-5.171698331832885742e-02
-1.381551921367645264e-01
-7.325521111488342285e-02
-1.034166291356086731e-01
-1.013458222150802612e-01
-1.038004532456398010e-01
-5.971026793122291565e-02
-1.032177880406379700e-01
-2.203943021595478058e-02
-5.713360011577606201e-02
-1.554909069091081619e-02
2.863292954862117767e-02
-1.658211462199687958e-02
1.030432358384132385e-01
5.341339856386184692e-02
6.999852508306503296e-02
1.661039143800735474e-01
7.691550254821777344e-02
1.441551744937896729e-01
1.286846548318862915e-01
1.690634787082672119e-01
9.260686486959457397e-02
1.939651072025299072e-01
3.422248736023902893e-02
2.125591486692428589e-01
6.600786745548248291e-02
6.698320060968399048e-02
1.107118427753448486e-01
9.037111885845661163e-03
1.729419082403182983e-01
1.882768608629703522e-02
-3.920054137706756592e-01
1.254063487052917480e+00
-1.453487753868103027e+00
9.159505963325500488e-01
-7.569256424903869629e-02
-8.185089565813541412e-03
-8.025350049138069153e-03
-4.506646189838647842e-03
