1.386770047247409821e-03
3.587879538536071777e-01
-7.033265829086303711e-01
8.330987691879272461e-01
-1.999690830707550049e-01
4.676602780818939209e-02
4.429030790925025940e-02
1.821782588958740234e-01
4.670106247067451477e-02
2.393960058689117432e-01
1.101293936371803284e-01
-9.476900845766067505e-02
1.015506759285926819e-01
-3.211981356143951416e-01
-1.792739033699035645e-01
-7.049588859081268311e-02
-1.255455762147903442e-01
-1.426551025360822678e-03
-5.224351771175861359e-04
3.029184881597757339e-03
5.770185030996799469e-03
