1.488154666731134057e-04
2.204970922321081161e-03
5.092160776257514954e-03
1.109942607581615448e-02
6.920203566551208496e-03
4.327550414018332958e-04
-6.759455427527427673e-03
-1.468341425061225891e-02
-1.258382573723793030e-02
-1.050057075917720795e-02
-5.555446259677410126e-03
-3.833277150988578796e-03
-7.324305828660726547e-03
-1.004052534699440002e-02
-1.188007183372974396e-02
-6.247462332248687744e-02
-5.539575126022100449e-03
-5.908545479178428650e-02
-7.178462296724319458e-02
-8.064365386962890625e-02
-9.563729912042617798e-02
-1.584233194589614868e-01
-4.678006842732429504e-02
-2.093448638916015625e-01
-1.265217661857604980e-01
-1.132367476820945740e-01
-2.065959423780441284e-01
-1.102050095796585083e-01
-1.043733134865760803e-01
-1.878939419984817505e-01
-3.471806703601032495e-04
-1.341959834098815918e-01
-2.071648091077804565e-02
-2.771691943053156137e-04
5.491303279995918274e-03
-1.420401153154671192e-03
1.319206655025482178e-01
-3.318665549159049988e-02
1.506656408309936523e-01
3.883067145943641663e-02
1.039235517382621765e-01
5.442030355334281921e-02
1.323290765285491943e-01
5.509553942829370499e-03
1.220933645963668823e-01
4.377389699220657349e-02
4.733269661664962769e-02
4.607565701007843018e-02
-2.347307279706001282e-03
4.143234342336654663e-02
2.675788244232535362e-03
-1.048135664314031601e-02
-5.172589793801307678e-03
9.954267879948019981e-04
3.232936433050781488e-04
-2.432889450574293733e-04
3.975453320890665054e-03
1.101737190037965775e-02
1.093755569308996201e-02
-1.741014420986175537e-01
8.339044451713562012e-01
-1.490052103996276855e+00
1.038031458854675293e+00
-2.091261744499206543e-01
-7.455541752278804779e-03
