-1.251303125172853470e-03
-3.793895477429032326e-03
-4.001278430223464966e-03
-4.497591555118560791e-01
6.676669120788574219e-01
-7.158693671226501465e-01
1.710497885942459106e-01
-4.715554788708686829e-02
-7.020888850092887878e-03
-1.008879467844963074e-01
-7.219392061233520508e-02
-6.246026232838630676e-02
-2.624633312225341797e-01
-8.109757304191589355e-02
-2.668643891811370850e-01
-5.561961606144905090e-02
-1.820793449878692627e-01
6.176091358065605164e-02
7.441484183073043823e-02
8.854699879884719849e-02
1.034042686223983765e-01
2.483947277069091797e-01
3.114243410527706146e-02
1.642151474952697754e-01
1.064846441149711609e-01
1.372952107340097427e-02
1.543474267236888409e-03
5.220991806709207594e-05
4.268583725206553936e-04
4.569564189296215773e-04
9.245995897799730301e-04
8.798816706985235214e-04
5.943833821220323443e-05
