-1.110285986214876175e-02
-2.098643407225608826e-02
-2.728467434644699097e-02
-1.573104597628116608e-02
-1.324415020644664764e-02
-7.740176748484373093e-03
-1.144030690193176270e-02
-2.742494270205497742e-02
-2.931837737560272217e-02
-2.013281174004077911e-02
-1.311092916876077652e-02
-2.363717742264270782e-02
-3.560983762145042419e-02
-3.255283832550048828e-02
-7.303371280431747437e-02
-5.510649457573890686e-02
-6.672615185379981995e-03
-7.295407122001051903e-04
-1.816184520721435547e-01
-2.032754756510257721e-02
-1.043972745537757874e-01
-1.310204267501831055e-01
-1.924228621646761894e-03
-1.987983286380767822e-01
-7.689145859330892563e-03
-1.923197805881500244e-01
-1.175357121974229813e-02
-2.094009965658187866e-01
-7.157124578952789307e-02
-1.526416391134262085e-01
-7.958205044269561768e-02
-1.878922283649444580e-01
-2.410609833896160126e-02
-2.237758338451385498e-01
-1.271458715200424194e-02
-2.283216714859008789e-01
-3.996910899877548218e-02
-1.408976614475250244e-01
-1.256252229213714600e-01
-9.554579854011535645e-02
-1.237226575613021851e-01
-1.160242334008216858e-01
-5.564044415950775146e-02
-1.408610641956329346e-01
-4.478593170642852783e-02
-9.907175600528717041e-02
-5.499113351106643677e-02
-7.825058698654174805e-02
-5.205568298697471619e-02
-4.180792346596717834e-02
-6.600983440876007080e-02
4.573903046548366547e-03
-7.392143458127975464e-02
2.481229603290557861e-02
-3.748893365263938904e-02
-3.837137017399072647e-03
3.412393108010292053e-02
-1.373409666121006012e-02
3.206128627061843872e-02
3.850747644901275635e-02
9.098795242607593536e-03
9.059483557939529419e-02
7.030508480966091156e-03
1.027837097644805908e-01
4.416120424866676331e-02
7.183048874139785767e-02
1.049849241971969604e-01
5.289920419454574585e-02
1.282207965850830078e-01
6.072345376014709473e-02
1.407707333564758301e-01
5.770149827003479004e-02
1.659205853939056396e-01
6.277322024106979370e-02
1.341373175382614136e-01
9.267288446426391602e-02
1.252720355987548828e-01
8.480525016784667969e-02
1.208115667104721069e-01
7.584999501705169678e-02
1.012230217456817627e-01
7.181788980960845947e-02
1.087569221854209900e-01
2.195402607321739197e-02
1.152988001704216003e-01
1.074382942169904709e-02
7.270742207765579224e-02
3.683190792798995972e-02
3.516324236989021301e-02
3.804355859756469727e-02
2.235354296863079071e-02
6.513788364827632904e-03
2.035045437514781952e-02
1.266762986779212952e-02
1.552435103803873062e-02
1.169772073626518250e-02
1.627023518085479736e-02
1.615487597882747650e-02
-4.710940644145011902e-03
-1.081981696188449860e-02
2.276608953252434731e-03
7.765967398881912231e-03
8.444822393357753754e-03
-1.508494722656905651e-03
-1.222488563507795334e-02
-1.696347631514072418e-02
-7.901009172201156616e-03
3.505992004647850990e-03
-8.354349993169307709e-03
-1.583945192396640778e-02
1.092932187020778656e-02
1.329349353909492493e-02
6.220418959856033325e-03
1.615389809012413025e-02
1.387526467442512512e-02
4.451254382729530334e-02
-5.626439116895198822e-03
-6.394769530743360519e-03
2.430419670417904854e-03
3.549683839082717896e-02
2.135294303297996521e-02
8.561906404793262482e-03
5.143436416983604431e-02
1.691806013695895672e-03
7.939595729112625122e-03
1.410623453557491302e-02
-9.504491686820983887e-01
2.109537124633789062e+00
-1.502974510192871094e+00
