2.769353799521923065e-03
1.495070988312363625e-03
-1.556132454425096512e-03
-3.126126229763031006e-01
1.244117021560668945e+00
-1.438833832740783691e+00
9.463357925415039062e-01
-1.772172749042510986e-01
1.365418918430805206e-02
3.260117024183273315e-02
7.107528299093246460e-02
6.334954872727394104e-03
1.165054459124803543e-02
8.304697461426258087e-03
-8.459557779133319855e-03
-4.264209885150194168e-03
-1.638805610127747059e-03
-6.699014455080032349e-02
-7.223650813102722168e-03
-9.596716612577438354e-02
-2.380344085395336151e-02
-1.728007644414901733e-01
1.633800566196441650e-02
-2.506890296936035156e-01
-5.472454940900206566e-04
-2.110060602426528931e-01
-8.433394879102706909e-02
-1.597703248262405396e-01
-8.636059612035751343e-02
-1.528545618057250977e-01
-8.156960457563400269e-02
-7.779283076524734497e-02
-8.578965067863464355e-02
-1.022998988628387451e-02
-4.077073559165000916e-02
1.776404865086078644e-02
3.604729473590850830e-02
3.368049860000610352e-02
6.549923121929168701e-02
4.995642229914665222e-02
1.259413212537765503e-01
2.447176910936832428e-02
1.283750683069229126e-01
9.747262299060821533e-02
5.028882622718811035e-02
1.370833665132522583e-01
1.058458760380744934e-01
2.455873228609561920e-02
1.557284295558929443e-01
2.849992364645004272e-02
5.309383571147918701e-02
9.303124994039535522e-02
1.389395911246538162e-02
3.624638915061950684e-02
1.655083708465099335e-02
9.343769401311874390e-03
4.416821990162134171e-03
2.228915691375732422e-03
2.062987769022583961e-03
1.276399358175694942e-03
-1.176485908217728138e-03
-1.797568285837769508e-03
-1.578542171046137810e-03
-3.982687834650278091e-03
-1.219233497977256775e-03
