-5.817757919430732727e-03
-2.180699957534670830e-03
5.762086948379874229e-05
-1.888743834570050240e-03
-2.450005616992712021e-03
-4.642005078494548798e-03
-6.696693133562803268e-03
-6.075731944292783737e-03
-5.849833134561777115e-03
-8.442125283181667328e-03
-1.033367216587066650e-02
-9.668816812336444855e-03
-1.503274962306022644e-02
-1.704898290336132050e-02
-1.723304949700832367e-02
-3.064105473458766937e-02
-6.095753982663154602e-02
-4.201369732618331909e-02
-8.533389121294021606e-02
-6.927594542503356934e-02
-5.911750718951225281e-02
-1.589929312467575073e-01
-2.018281444907188416e-02
-1.764934062957763672e-01
-5.171569436788558960e-02
-1.410236954689025879e-01
-5.367611348628997803e-02
-1.733615100383758545e-01
-7.462099939584732056e-02
-1.796243786811828613e-01
-8.893202990293502808e-02
-9.761041402816772461e-02
-1.841922849416732788e-01
-9.676135331392288208e-02
-1.310309767723083496e-01
-1.205961257219314575e-01
-1.315461695194244385e-01
-1.204648166894912720e-01
-1.059342101216316223e-01
-1.750258207321166992e-01
-7.125858217477798462e-02
-1.550863683223724365e-01
-1.110493242740631104e-01
-8.031986653804779053e-02
-1.419724822044372559e-01
-8.172674477100372314e-02
-4.593135416507720947e-02
-1.477551907300949097e-01
1.160238403826951981e-03
-1.286004036664962769e-01
1.216370891779661179e-02
-8.396335691213607788e-02
-1.985196024179458618e-02
1.166725438088178635e-02
-5.897067487239837646e-02
5.286621674895286560e-02
1.470023649744689465e-03
9.199403226375579834e-03
6.872276216745376587e-02
7.472414523363113403e-03
8.249723911285400391e-02
3.358154371380805969e-02
9.702475368976593018e-02
2.258854731917381287e-02
1.332872062921524048e-01
3.919794782996177673e-02
9.711181372404098511e-02
1.177559792995452881e-01
5.216142162680625916e-02
1.371062844991683960e-01
8.166909217834472656e-02
9.348259121179580688e-02
1.112961024045944214e-01
1.080917492508888245e-01
7.255902141332626343e-02
1.310463696718215942e-01
6.647899746894836426e-02
1.047442778944969177e-01
8.737391233444213867e-02
1.022987365722656250e-01
4.165929555892944336e-02
1.179755330085754395e-01
4.954847693443298340e-02
7.931531220674514771e-02
5.499888956546783447e-02
8.122516423463821411e-02
1.427769474685192108e-02
1.035146117210388184e-01
8.456474170088768005e-03
7.310856878757476807e-02
8.732187561690807343e-03
4.390300810337066650e-02
4.309151321649551392e-02
3.137627616524696350e-02
1.821135170757770538e-02
2.680885605514049530e-02
2.344943815842270851e-03
6.160411238670349121e-02
8.541922084987163544e-03
4.725666716694831848e-02
3.220798447728157043e-02
2.412383444607257843e-02
1.505754422396421432e-02
7.652107626199722290e-02
2.318920567631721497e-02
4.948161914944648743e-02
1.492456905543804169e-02
4.666358977556228638e-02
1.112887635827064514e-02
3.277697134763002396e-03
2.157908864319324493e-02
2.325728163123130798e-02
1.347770914435386658e-02
1.320760417729616165e-02
4.349478054791688919e-03
-2.092442940920591354e-03
-6.223372649401426315e-03
-6.596590392291545868e-03
-6.605905946344137192e-04
1.869003055617213249e-03
-3.046320343855768442e-04
-2.252498874440789223e-03
-2.330515999346971512e-03
-1.866481034085154533e-03
6.575908511877059937e-02
6.010883674025535583e-02
-1.189012408256530762e+00
1.954482078552246094e+00
-1.261481285095214844e+00
