1.093160244636237621e-03
1.371095568174496293e-04
-6.367943715304136276e-04
-4.327588831074535847e-04
-1.065904390998184681e-03
1.574218422174453735e-01
-1.558864751132205129e-04
1.506421598605811596e-03
1.379608511924743652e-01
3.048472478985786438e-02
2.551387064158916473e-02
-3.516788035631179810e-02
-4.144338145852088928e-02
-8.312024176120758057e-02
-1.775927394628524780e-01
7.807466387748718262e-02
-2.012073993682861328e-01
3.092411756515502930e-01
-1.379393488168716431e-01
3.049160540103912354e-01
2.847130000591278076e-01
1.417417377233505249e-01
3.801632225513458252e-01
4.505741000175476074e-01
-5.697540938854217529e-02
6.483867168426513672e-01
-7.714848220348358154e-02
2.220412641763687134e-01
1.391099998727440834e-03
-2.542861737310886383e-03
-1.687660347670316696e-03
-2.505026932340115309e-04
3.805297019425779581e-04
