-1.623228890821337700e-03
-7.199093815870583057e-04
-2.830536395777016878e-04
5.646399222314357758e-04
8.422532118856906891e-04
1.509074419736862183e-01
5.724283982999622822e-04
5.993196391500532627e-04
1.345271617174148560e-01
4.018668830394744873e-02
2.105039358139038086e-02
-4.003118723630905151e-02
-3.274163603782653809e-02
-8.754061907529830933e-02
-1.854916363954544067e-01
8.310589194297790527e-02
-1.758572459220886230e-01
3.167855739593505859e-01
-1.503971070051193237e-01
3.028847873210906982e-01
3.032696843147277832e-01
1.475676000118255615e-01
3.803837597370147705e-01
4.590019583702087402e-01
5.369124002754688263e-03
5.119829773902893066e-01
7.043803576380014420e-03
7.117259502410888672e-02
8.265748620033264160e-03
2.623402280732989311e-03
-1.010858904919587076e-04
6.360269617289304733e-04
-1.057417131960391998e-03
