-3.946553915739059448e-03
-2.471885411068797112e-03
2.701214049011468887e-03
9.039929136633872986e-03
3.942392300814390182e-03
-2.911150688305497169e-03
-7.400107569992542267e-03
-7.259397301822900772e-03
-5.739030428230762482e-03
-5.201041232794523239e-03
-9.217706508934497833e-03
-2.110577421262860298e-03
5.352660082280635834e-04
-2.933508483693003654e-03
-5.500565283000469208e-03
-7.459694985300302505e-03
-9.368034661747515202e-04
-1.036788001656532288e-01
-4.358736053109169006e-02
-1.995233818888664246e-02
-5.554503947496414185e-02
-9.406860917806625366e-02
-2.006813650950789452e-03
-1.512337923049926758e-01
-7.608402054756879807e-03
-1.706634759902954102e-01
-9.255715645849704742e-03
-1.825453341007232666e-01
-2.138321846723556519e-02
-1.075987964868545532e-01
-1.228535249829292297e-01
-4.787766188383102417e-02
-1.081353053450584412e-01
-1.750656068325042725e-01
-1.286643277853727341e-02
-2.019848674535751343e-01
-7.270636409521102905e-02
-1.026363223791122437e-01
-1.602068245410919189e-01
-7.983504980802536011e-02
-1.287693232297897339e-01
-1.169685423374176025e-01
-1.100580394268035889e-01
-8.318096399307250977e-02
-1.193680092692375183e-01
-8.351711183786392212e-02
-1.091679260134696960e-01
-5.468591302633285522e-02
-1.146439462900161743e-01
-6.291841715574264526e-02
-4.629011079668998718e-02
-1.041856408119201660e-01
4.307152237743139267e-03
-6.910274922847747803e-02
-2.764021232724189758e-02
6.601050961762666702e-03
-3.602549433708190918e-02
2.657991088926792145e-02
1.508063357323408127e-02
2.356674708425998688e-02
4.142731800675392151e-02
6.653766334056854248e-02
3.598941490054130554e-02
8.225998282432556152e-02
9.847219288349151611e-02
4.580609500408172607e-02
1.472722589969635010e-01
5.594408512115478516e-02
1.292159706354141235e-01
1.076194941997528076e-01
1.268761754035949707e-01
1.037093624472618103e-01
1.236261725425720215e-01
1.385246068239212036e-01
6.957555562257766724e-02
1.742349117994308472e-01
7.380405068397521973e-02
1.008960753679275513e-01
1.547754853963851929e-01
3.599121421575546265e-02
1.587024480104446411e-01
5.685893446207046509e-02
9.218215197324752808e-02
1.032436490058898926e-01
5.252893641591072083e-02
9.793356060981750488e-02
5.102183297276496887e-02
8.391211926937103271e-02
6.028982251882553101e-02
2.515093050897121429e-02
1.153709143400192261e-01
-2.973005361855030060e-02
9.703851491212844849e-02
9.319101460278034210e-03
4.688121005892753601e-02
4.264191165566444397e-02
5.703787878155708313e-02
1.964001730084419250e-02
4.449959099292755127e-02
1.774681918323040009e-02
2.016514912247657776e-02
1.227836124598979950e-03
9.570644237101078033e-03
1.183471176773309708e-02
1.826151832938194275e-02
2.548021823167800903e-02
6.896269973367452621e-03
-8.740980993025004864e-04
-1.332282903604209423e-03
3.008544817566871643e-02
1.708001131191849709e-03
9.449744597077369690e-03
1.489654276520013809e-02
1.186726894229650497e-02
7.160291541367769241e-03
1.318229921162128448e-02
2.220063237473368645e-03
9.722161106765270233e-03
5.352818220853805542e-02
1.333041302859783173e-02
-6.183730904012918472e-03
-4.600641783326864243e-03
-8.016670471988618374e-05
5.648083612322807312e-02
1.763873547315597534e-01
-1.141299128532409668e+00
1.874437928199768066e+00
-8.967972993850708008e-01
1.242214348167181015e-02
