-2.981676021590828896e-03
-3.285160055384039879e-03
-8.454233757220208645e-04
-3.830967098474502563e-02
-2.142612040042877197e-01
-4.087809473276138306e-02
-1.406814306974411011e-01
-5.034132003784179688e-01
2.439396381378173828e-01
-1.024876255542039871e-02
2.183841764926910400e-01
4.434425011277198792e-02
2.246629744768142700e-01
-2.135700434446334839e-01
3.106590211391448975e-01
-4.301641508936882019e-02
3.503165245056152344e-01
5.667468532919883728e-03
2.022091299295425415e-02
3.438408253714442253e-03
5.805721739307045937e-04
