-1.093148370273411274e-03
1.152301207184791565e-02
-4.088629186153411865e-01
9.017520546913146973e-01
-4.719396531581878662e-01
5.602735560387372971e-03
6.193277239799499512e-02
-3.777506351470947266e-01
-1.038069352507591248e-01
-1.815739423036575317e-01
-1.114378571510314941e-01
1.310180872678756714e-01
1.550048887729644775e-01
1.891873776912689209e-02
1.740203946828842163e-01
1.413423800840973854e-03
2.584319096058607101e-03
-5.643883487209677696e-04
-4.468656610697507858e-03
-1.134598860517144203e-03
-1.442453241907060146e-03
