-3.421161556616425514e-03
-1.016830137814395130e-04
4.270756617188453674e-03
3.071597311645746231e-03
2.452491316944360733e-04
-6.390384398400783539e-03
-8.304266259074211121e-03
-1.089414954185485840e-02
-9.305996820330619812e-03
-1.234210096299648285e-02
-4.688960965722799301e-03
-3.665314987301826477e-03
-3.818421682808548212e-04
3.579781856387853622e-03
-1.624405384063720703e-02
-6.312429904937744141e-02
-1.285535749047994614e-02
-6.201836094260215759e-02
-6.940792500972747803e-02
-8.145882189273834229e-02
-9.760377556085586548e-02
-1.554106771945953369e-01
-4.810279235243797302e-02
-2.157280445098876953e-01
-1.256220191717147827e-01
-1.175490841269493103e-01
-2.159331589937210083e-01
-1.105235591530799866e-01
-1.082869991660118103e-01
-1.937379688024520874e-01
1.583875506184995174e-03
-1.378501355648040771e-01
-2.330522798001766205e-02
3.603098215535283089e-03
3.617924172431230545e-03
-1.367393997497856617e-03
1.394032984972000122e-01
-3.427458181977272034e-02
1.520191282033920288e-01
4.384866729378700256e-02
1.050638481974601746e-01
5.728046968579292297e-02
1.361525654792785645e-01
3.401206107810139656e-03
1.201622262597084045e-01
4.702003300189971924e-02
5.055438354611396790e-02
5.245529487729072571e-02
7.916096365079283714e-04
5.042490363121032715e-02
9.984966600313782692e-04
-1.079693995416164398e-02
-9.241351857781410217e-03
-4.176763817667961121e-03
-1.620708644622936845e-04
-1.393057056702673435e-03
-3.636867739260196686e-03
-4.435047972947359085e-03
-1.119007077068090439e-02
-1.554005891084671021e-01
7.829577326774597168e-01
-1.461420059204101562e+00
9.958582520484924316e-01
-1.198410242795944214e-01
6.170472130179405212e-03
