3.566004568710923195e-03
-1.483912346884608269e-03
9.302491545677185059e-01
2.036307752132415771e-01
3.544731298461556435e-03
2.170176059007644653e-01
2.177150845527648926e-01
2.290677948622033000e-04
3.032598495483398438e-01
1.749878525733947754e-01
4.072493873536586761e-03
6.659298390150070190e-02
3.415046632289886475e-01
6.375884171575307846e-03
3.966645151376724243e-02
1.581807732582092285e-01
4.777821898460388184e-02
4.870811104774475098e-02
1.189093515276908875e-01
4.599792510271072388e-02
2.570498548448085785e-02
-1.048580929636955261e-02
9.579949080944061279e-02
-1.870739390142261982e-03
3.080926649272441864e-02
-5.721138417720794678e-02
-5.085271224379539490e-02
-5.743372440338134766e-02
1.072485372424125671e-01
-1.783936470746994019e-01
-5.845048651099205017e-02
1.003684774041175842e-01
-1.644587218761444092e-01
4.849081113934516907e-02
-4.446981847286224365e-02
-9.938151389360427856e-02
7.660873979330062866e-02
-6.977370381355285645e-02
7.665992714464664459e-03
1.459322683513164520e-02
8.006329648196697235e-03
2.459815889596939087e-02
6.380836665630340576e-02
6.124225258827209473e-02
4.902850836515426636e-02
8.461229503154754639e-02
1.169685050845146179e-01
1.743489652872085571e-01
6.562493741512298584e-02
6.624845415353775024e-02
2.791424989700317383e-01
1.364882439374923706e-01
8.826890587806701660e-02
1.700180917978286743e-01
1.731341034173965454e-01
6.019232794642448425e-02
1.255434155464172363e-01
9.736607968807220459e-02
1.065945327281951904e-01
4.787054844200611115e-03
2.079502344131469727e-01
5.210962146520614624e-02
6.098273396492004395e-02
4.336169734597206116e-02
1.751850545406341553e-01
-2.688495628535747528e-02
1.209046244621276855e-01
1.325003057718276978e-01
-3.295287862420082092e-02
9.915278851985931396e-02
2.325620874762535095e-02
4.339295253157615662e-02
-3.675444796681404114e-02
1.232024505734443665e-01
-1.128170713782310486e-01
3.223532065749168396e-02
-1.725635863840579987e-02
-5.527754127979278564e-02
-5.680054798722267151e-02
-9.365712851285934448e-02
-2.464573644101619720e-02
-7.216037064790725708e-02
-4.232618212699890137e-02
-9.717597067356109619e-02
-1.186767891049385071e-01
-1.446972489356994629e-01
2.107715420424938202e-02
-1.522035598754882812e-01
-1.941459625959396362e-01
-2.668791078031063080e-02
-1.318625211715698242e-01
-1.402045637369155884e-01
-8.672671765089035034e-02
-1.431605815887451172e-01
-4.260703921318054199e-02
-2.090048044919967651e-01
-6.929800845682621002e-03
-1.101582124829292297e-01
-8.642827719449996948e-02
-6.243211030960083008e-02
-1.905309408903121948e-01
2.250966383144259453e-03
-2.023912519216537476e-01
7.585832849144935608e-03
-7.916762679815292358e-02
-1.497110128402709961e-01
1.386030018329620361e-02
-6.386925000697374344e-03
-7.987795025110244751e-02
-6.804978847503662109e-02
-1.727090450003743172e-03
-6.081069819629192352e-03
-1.854108273983001709e-02
-4.865178838372230530e-03
-1.752480020513758063e-04
-1.044499278068542480e-01
6.958664953708648682e-02
-2.552667856216430664e-01
8.910790830850601196e-02
9.796818718314170837e-03
3.723156079649925232e-02
-5.140905734151601791e-03
1.518845111131668091e-01
-1.704018563032150269e-02
-6.842067837715148926e-02
1.911236613523215055e-04
5.095640420913696289e-01
-3.476528218016028404e-04
2.813953673467040062e-03
