2.775882836431264877e-03
4.087670240551233292e-03
3.190370043739676476e-03
2.360396785661578178e-03
-4.971135780215263367e-02
-2.916216850280761719e-01
8.864635229110717773e-01
-1.103637695312500000e+00
4.511800408363342285e-01
-3.341472893953323364e-02
-8.057793602347373962e-03
-1.438588486053049564e-03
2.194033702835440636e-03
9.861368685960769653e-03
4.728676285594701767e-03
-1.259906915947794914e-03
9.363365918397903442e-02
-7.474224269390106201e-02
1.351926773786544800e-01
5.781392008066177368e-02
5.394764244556427002e-02
9.765441715717315674e-02
1.434377431869506836e-01
3.343411162495613098e-02
1.579597294330596924e-01
1.111776307225227356e-01
2.656999044120311737e-02
1.642742007970809937e-01
3.268304094672203064e-02
3.725565224885940552e-02
3.093166276812553406e-02
9.528574533760547638e-03
-8.072484284639358521e-02
-5.597215890884399414e-02
-9.896580874919891357e-02
-1.348334401845932007e-01
-1.752342581748962402e-01
-1.108935475349426270e-01
-2.442869991064071655e-01
-6.510932743549346924e-02
-3.015804886817932129e-01
-1.741557009518146515e-02
-2.200739532709121704e-01
-1.222512647509574890e-01
4.075599368661642075e-03
-2.896044254302978516e-01
1.422513574361801147e-01
-1.879984885454177856e-01
2.792848739773035049e-03
-1.929549686610698700e-02
-1.052276510745286942e-02
1.230375375598669052e-02
1.317802630364894867e-02
3.049431834369897842e-03
2.181138144806027412e-03
2.340514771640300751e-02
5.495237652212381363e-03
6.430353969335556030e-03
3.740060376003384590e-03
1.348342862911522388e-03
-6.892464589327573776e-04
-1.698223873972892761e-03
-2.945452695712447166e-03
-5.876506329514086246e-04
4.725528997369110584e-04
