2.555840415880084038e-03
4.318536724895238876e-03
4.207209683954715729e-03
1.730896765366196632e-03
1.517864526249468327e-03
-8.385001565329730511e-04
2.328502741875126958e-04
1.872268971055746078e-03
1.806611195206642151e-03
3.488988731987774372e-04
-3.769109316635876894e-04
5.199920386075973511e-03
-2.510709222406148911e-03
-5.371603649109601974e-03
-2.802799688652157784e-03
3.004359779879450798e-03
7.223111111670732498e-03
5.368143320083618164e-03
2.316598081961274147e-03
6.723655387759208679e-03
2.073119161650538445e-03
-7.218223065137863159e-03
-4.441675543785095215e-02
-1.435083057731389999e-02
-1.110534369945526123e-02
-8.355965837836265564e-03
-2.315515093505382538e-02
-3.152952762320637703e-03
-2.698161453008651733e-02
-6.759405881166458130e-02
-1.045110457198461518e-05
-6.116814911365509033e-02
-2.386235818266868591e-02
-1.911694183945655823e-02
-1.120229810476303101e-01
1.457579899579286575e-02
-1.330057829618453979e-01
-1.071059424430131912e-02
-4.132562875747680664e-02
-1.194641962647438049e-01
1.979295862838625908e-03
-1.309380829334259033e-01
-4.352929070591926575e-02
-6.582674384117126465e-02
-1.157258749008178711e-01
-7.579125463962554932e-02
-2.406040392816066742e-02
-1.729293465614318848e-01
-3.438808023929595947e-02
-6.292894482612609863e-02
-1.473725289106369019e-01
-4.376550391316413879e-02
-7.834362238645553589e-02
-1.075055450201034546e-01
-6.621282547712326050e-02
-2.120483294129371643e-02
-1.119099557399749756e-01
6.897474639117717743e-03
-4.519307985901832581e-02
-2.518633753061294556e-02
-1.017628982663154602e-02
4.519091546535491943e-02
-3.838720917701721191e-02
8.304268866777420044e-02
5.108876526355743408e-02
1.972563378512859344e-02
1.437304317951202393e-01
3.661946579813957214e-02
1.289730221033096313e-01
1.078248918056488037e-01
1.188697293400764465e-01
1.163465678691864014e-01
1.588998883962631226e-01
9.656003117561340332e-02
1.717856973409652710e-01
1.387326568365097046e-01
1.084576696157455444e-01
1.979468017816543579e-01
1.092583164572715759e-01
1.650039106607437134e-01
1.249704509973526001e-01
1.017717719078063965e-01
1.730017960071563721e-01
8.643295615911483765e-02
1.500643491744995117e-01
7.966345548629760742e-02
9.123278409242630005e-02
1.099704131484031677e-01
6.851639598608016968e-02
1.007703319191932678e-01
3.757598251104354858e-02
1.174354031682014465e-01
2.350397640839219093e-03
8.807324618101119995e-02
1.412431895732879639e-02
4.602294042706489563e-02
2.100725471973419189e-02
1.110126823186874390e-02
1.080870628356933594e-02
2.295118197798728943e-02
7.460934575647115707e-03
7.093831896781921387e-03
4.028444644063711166e-03
-3.408264368772506714e-02
-3.125819563865661621e-02
-3.686908166855573654e-03
1.799087971448898315e-03
2.770944265648722649e-03
-2.270200289785861969e-02
-1.532188151031732559e-02
-1.932142861187458038e-02
-8.805529214441776276e-03
-1.330995652824640274e-02
-2.774690743535757065e-03
-9.477909188717603683e-04
-5.903630983084440231e-03
-8.345435373485088348e-03
-3.603769931942224503e-03
-6.684186519123613834e-04
1.115868240594863892e-01
2.342364378273487091e-02
-5.431098341941833496e-01
9.939958453178405762e-01
-6.263168454170227051e-01
-4.595319032669067383e-01
1.368377566337585449e+00
-7.484471797943115234e-01
2.142647746950387955e-03
2.330530900508165359e-03
