1.630267594009637833e-03
1.246134517714381218e-03
-2.717316383495926857e-03
-6.307204719632863998e-03
-1.023146323859691620e-02
-6.039716769009828568e-03
-2.363410079851746559e-03
-3.301335871219635010e-02
2.058730833232402802e-02
-3.440048173069953918e-02
1.491859368979930878e-02
-1.240648031234741211e-01
-2.817020714282989502e-01
-4.203302562236785889e-01
3.402379341423511505e-03
-1.722195297479629517e-01
-1.903501898050308228e-01
-8.776708692312240601e-02
2.754229307174682617e-01
-9.600999951362609863e-02
3.663613796234130859e-01
-3.800144791603088379e-02
9.879058599472045898e-02
2.070903033018112183e-01
9.325999766588211060e-02
-5.987961776554584503e-04
1.169829815626144409e-01
-2.913155825808644295e-03
-8.718007011339068413e-04
2.846013987436890602e-03
4.359940066933631897e-03
4.099168814718723297e-03
3.459381405264139175e-03
