1.706667826510965824e-04
-3.332654014229774475e-04
-6.836584652774035931e-04
-4.987383726984262466e-04
-2.052946249023079872e-03
1.518545001745223999e-01
-7.906611426733434200e-04
2.638233418110758066e-04
1.372031420469284058e-01
2.215491235256195068e-02
2.496862038969993591e-02
-3.272512555122375488e-02
-4.561499506235122681e-02
-7.723644375801086426e-02
-1.687948107719421387e-01
8.194054663181304932e-02
-2.080543041229248047e-01
3.058495223522186279e-01
-1.297259926795959473e-01
3.037526011466979980e-01
2.708564698696136475e-01
1.374863237142562866e-01
3.747301995754241943e-01
4.406014680862426758e-01
-8.983718603849411011e-02
7.237442731857299805e-01
-2.018580734729766846e-01
3.668420910835266113e-01
-7.125347387045621872e-03
-4.043018911033868790e-03
-1.453279284760355949e-03
-3.975166939198970795e-03
-3.101313021034002304e-03
