-1.119463238865137100e-02
-1.299443282186985016e-02
-3.217762336134910583e-02
-9.676472842693328857e-02
-1.306974142789840698e-01
-1.328054666519165039e-01
-2.187852859497070312e-01
-2.425811290740966797e-01
-1.946129798889160156e-01
-2.802001833915710449e-01
-3.679905235767364502e-01
-1.860445141792297363e-01
-3.516406714916229248e-01
-1.309500485658645630e-01
-2.570975422859191895e-01
-2.109286040067672729e-01
-1.203798428177833557e-01
-1.778295785188674927e-01
-1.866372972726821899e-01
3.198069334030151367e-02
-1.273344755172729492e-01
-2.927625365555286407e-02
1.648982465267181396e-01
-8.016553521156311035e-02
1.837729513645172119e-01
1.048681139945983887e-01
1.921271532773971558e-01
-3.264473518356680870e-03
2.887520790100097656e-01
1.094122454524040222e-01
5.845445767045021057e-02
1.838326454162597656e-01
5.352264642715454102e-02
-6.889102514833211899e-03
1.612725406885147095e-01
-1.445084065198898315e-01
7.257948815822601318e-02
-1.230660825967788696e-02
-1.610549688339233398e-01
3.103230893611907959e-02
-3.288102522492408752e-02
-5.723361670970916748e-02
-3.279720991849899292e-02
2.012452855706214905e-02
-2.656714245676994324e-02
-2.095436118543148041e-02
-1.016367692500352859e-03
1.350830942392349243e-01
5.162089131772518158e-03
7.663571089506149292e-02
2.058031558990478516e-01
7.620220631361007690e-02
1.953523755073547363e-01
2.212892621755599976e-01
2.446136772632598877e-01
1.443435698747634888e-01
1.588229089975357056e-01
3.121154606342315674e-01
2.340627759695053101e-01
4.239319264888763428e-01
1.048051044344902039e-01
2.138381600379943848e-01
5.348124504089355469e-01
4.989080503582954407e-02
4.139879047870635986e-01
