1.356262830086052418e-03
2.231344580650329590e-03
5.929564940743148327e-04
1.137695580837316811e-04
-6.408536806702613831e-03
-1.595704816281795502e-02
-1.142892334610223770e-02
-9.514116682112216949e-03
-3.105425275862216949e-03
-4.814722761511802673e-02
-1.930213160812854767e-02
-1.017808765172958374e-01
-3.375692069530487061e-01
-1.315145492553710938e-01
-2.712635099887847900e-01
-1.209701076149940491e-01
-2.351830750703811646e-01
1.104815974831581116e-01
1.552029401063919067e-01
5.160230770707130432e-02
1.240754593163728714e-02
2.159631699323654175e-01
1.106182709336280823e-01
1.905436515808105469e-01
1.664951145648956299e-01
8.906269818544387817e-02
1.840209215879440308e-02
-1.219347686856053770e-04
-2.334808232262730598e-03
1.803340506739914417e-03
-6.863361923024058342e-04
-1.413811231032013893e-03
-6.883800379000604153e-04
