3.733760211616754532e-03
3.853103378787636757e-03
2.259542932733893394e-03
8.422274258919060230e-04
7.111603626981377602e-04
7.001613266766071320e-05
-2.860401012003421783e-02
-8.993412484414875507e-04
8.667046786285936832e-04
-1.421986334025859833e-02
-3.540145605802536011e-02
-2.114265412092208862e-02
7.204088382422924042e-03
-5.506787076592445374e-02
-1.504993289709091187e-01
5.658188834786415100e-02
-4.850732907652854919e-02
-2.080274075269699097e-01
-9.665865451097488403e-02
-6.322673708200454712e-02
6.746935844421386719e-02
1.422844547778367996e-02
7.745402306318283081e-02
-1.471757888793945312e-01
-4.123128205537796021e-02
-5.960750579833984375e-02
-1.272127926349639893e-01
-9.007091820240020752e-02
1.865582168102264404e-01
-8.024118095636367798e-02
-1.155546773225069046e-02
1.219567190855741501e-02
-1.256657689809799194e-01
2.480412870645523071e-01
-1.712083518505096436e-01
1.647192835807800293e-01
2.331519275903701782e-01
1.103662848472595215e-01
2.751451432704925537e-01
4.296846091747283936e-01
-4.682136327028274536e-02
2.915208339691162109e-01
1.147948727011680603e-01
1.583125889301300049e-01
1.371848881244659424e-01
7.456307113170623779e-02
1.370899528264999390e-01
-3.243745118379592896e-02
2.466864585876464844e-01
2.299055084586143494e-02
-8.416387438774108887e-02
3.304079920053482056e-02
3.093326650559902191e-02
-1.734653562307357788e-01
6.016459316015243530e-02
3.556115925312042236e-02
-4.670736193656921387e-02
-3.668715246021747589e-03
-3.066807799041271210e-02
-5.568236156250350177e-05
1.375621883198618889e-03
2.257098909467458725e-03
2.149036852642893791e-03
1.533415284939110279e-03
1.643807976506650448e-03
