1.431393553502857685e-03
1.650636433623731136e-03
8.562071598134934902e-04
2.338618272915482521e-03
5.129559431225061417e-03
-3.288191556930541992e-02
-1.304961508139967918e-03
-2.665490610525012016e-03
-5.393824074417352676e-03
-1.081284582614898682e-01
1.084652021527290344e-01
-2.884431481361389160e-01
2.807511389255523682e-02
-2.404235005378723145e-01
-7.537580281496047974e-02
-2.510628998279571533e-01
2.682866528630256653e-03
-1.041496694087982178e-01
4.134379699826240540e-02
5.581733956933021545e-02
9.798311442136764526e-02
1.790090054273605347e-01
3.693618252873420715e-02
3.240681886672973633e-01
1.508697867393493652e-01
9.474513120949268341e-03
6.169567704200744629e-01
-1.244849190115928650e-01
-6.808137986809015274e-03
9.507486224174499512e-01
-3.261983990669250488e-01
-1.068714773282408714e-03
-1.036407193168997765e-03
