3.399388492107391357e-02
-7.354493439197540283e-02
6.655274331569671631e-02
7.567577064037322998e-02
7.191833108663558960e-02
3.378486260771751404e-02
7.174035906791687012e-02
-1.008459031581878662e-01
2.716095373034477234e-02
4.060005024075508118e-02
9.127240628004074097e-02
2.285203954670578241e-04
-1.352345049381256104e-01
4.033068194985389709e-02
-6.019936501979827881e-02
-2.145856432616710663e-02
-1.227242201566696167e-01
-2.283222228288650513e-01
1.686182022094726562e-01
1.129843741655349731e-01
1.138211637735366821e-01
2.795422673225402832e-01
2.492615133523941040e-01
-1.223779544234275818e-01
-1.296272724866867065e-01
-6.410423666238784790e-02
6.392540037631988525e-02
2.922453880310058594e-01
5.811903998255729675e-02
-4.265652596950531006e-02
-2.123172581195831299e-02
-5.064693465828895569e-02
-1.279868781566619873e-01
5.679954588413238525e-02
7.591734081506729126e-02
-1.415809839963912964e-01
-3.260677456855773926e-01
-1.722764372825622559e-01
-1.266769170761108398e-01
3.244434297084808350e-02
-3.051903843879699707e-01
-6.222113221883773804e-02
-1.162376999855041504e-01
2.120532654225826263e-02
-3.198275109753012657e-03
-3.746035397052764893e-01
6.638137251138687134e-02
-1.756896078586578369e-01
-1.487281322479248047e-01
-1.324991136789321899e-01
-1.175077483057975769e-01
1.724921725690364838e-02
-9.095155447721481323e-02
-5.692015215754508972e-02
3.305702470242977142e-03
1.663282066583633423e-01
-7.153219729661941528e-02
-9.372591739520430565e-04
-5.543396249413490295e-02
-2.923559397459030151e-03
-4.291187040507793427e-03
-5.677550099790096283e-03
-3.581641707569360733e-03
-2.821703441441059113e-03
-1.836675801314413548e-03
