-6.789028411731123924e-04
-9.067085571587085724e-03
-8.513749577105045319e-03
-4.527294076979160309e-03
-5.757443141192197800e-03
-1.879804208874702454e-02
-9.574810974299907684e-03
1.229083864018321037e-03
3.814569499809294939e-04
-9.732182323932647705e-02
8.186753094196319580e-02
-2.372262179851531982e-01
2.823986858129501343e-02
-2.331522256135940552e-01
-3.877642005681991577e-02
-2.233713418245315552e-01
5.326359532773494720e-04
-1.050401255488395691e-01
4.064481705427169800e-02
3.885863721370697021e-02
6.870263069868087769e-02
1.779324561357498169e-01
2.829855494201183319e-02
2.652034759521484375e-01
1.599889397621154785e-01
1.033371873199939728e-02
4.530223608016967773e-01
-1.967298798263072968e-03
-1.797088533639907837e-01
1.144822716712951660e+00
-8.389328718185424805e-01
3.709862828254699707e-01
-3.802650608122348785e-04
