1.332692103460431099e-03
5.180916283279657364e-03
8.646062575280666351e-03
1.947899721562862396e-02
-1.937533617019653320e-01
6.314675509929656982e-02
3.297932147979736328e-01
-8.553748950362205505e-03
1.853912472724914551e-01
2.603906393051147461e-01
2.313842028379440308e-01
-2.425863295793533325e-01
-7.565901428461074829e-02
-1.589761376380920410e-01
-1.458515226840972900e-01
-3.040774539113044739e-02
-1.143544018268585205e-01
1.119479537010192871e-01
1.875444198958575726e-03
3.145758761093020439e-03
1.652806764468550682e-03
