-6.761374243069440126e-05
-2.919742837548255920e-04
2.897937665693461895e-04
2.570412755012512207e-01
2.575926482677459717e-02
2.818272914737462997e-03
3.588827326893806458e-02
1.941844969987869263e-01
1.028428599238395691e-01
2.849347889423370361e-01
1.016345694661140442e-01
-1.152413412928581238e-01
1.489462405443191528e-01
-3.527302742004394531e-01
-3.458210527896881104e-01
-7.432286441326141357e-02
1.025786101818084717e-01
1.239775796420872211e-03
2.827612916007637978e-03
8.089085458777844906e-04
-3.213494783267378807e-04
