-6.181101198308169842e-04
1.350797479972243309e-03
3.167476970702409744e-03
1.199181424453854561e-03
4.042364016640931368e-04
-9.686252474784851074e-02
1.174764037132263184e-01
-1.579408533871173859e-03
7.931563258171081543e-02
8.595139719545841217e-03
6.990414857864379883e-02
-7.526119798421859741e-02
-1.779495179653167725e-01
-3.767530322074890137e-01
-1.715587973594665527e-01
-2.791025862097740173e-02
-5.674599856138229370e-02
-1.797466874122619629e-01
1.146473050117492676e+00
-1.848013699054718018e-02
-2.950654888991266489e-04
