-1.461605424992740154e-03
-3.044798737391829491e-03
-5.618149414658546448e-02
2.828134000301361084e-01
-2.360020577907562256e-01
-2.046874165534973145e-02
3.091675341129302979e-01
1.893331855535507202e-02
2.134705036878585815e-01
2.186745405197143555e-01
2.012481093406677246e-01
-2.225477695465087891e-01
-4.195308312773704529e-02
-1.963439285755157471e-01
-2.116357684135437012e-01
-3.242715611122548580e-04
-2.639353871345520020e-01
4.794735014438629150e-01
-8.268274366855621338e-03
-3.040675772354006767e-03
-3.778412705287337303e-03
