-5.504543427377939224e-03
-1.304681301116943359e-01
-2.494745422154664993e-03
1.198895275592803955e-03
3.650890896096825600e-03
-8.044612407684326172e-02
1.921641975641250610e-01
4.138832539319992065e-02
5.644566938281059265e-02
-3.207981213927268982e-02
8.511571586132049561e-02
-4.460496455430984497e-02
-1.972901374101638794e-01
-4.407569766044616699e-01
-1.750053912401199341e-01
8.652755618095397949e-02
-1.091441884636878967e-01
-3.703457070514559746e-03
9.738581776618957520e-01
-2.981947734951972961e-03
1.355686574243009090e-03
