-2.609313698485493660e-03
-2.748835831880569458e-04
-2.353081479668617249e-03
1.334401895292103291e-03
-1.757744550704956055e-01
1.834243419580161572e-03
1.176040247082710266e-01
-6.461081504821777344e-01
2.003413885831832886e-01
-1.275914907455444336e-02
-1.870450824499130249e-01
4.765989724546670914e-03
6.305088754743337631e-03
-8.167089521884918213e-02
-8.791924454271793365e-03
-2.440313249826431274e-02
-5.698710680007934570e-02
-4.050852358341217041e-02
-2.274776995182037354e-02
-9.344068169593811035e-02
-2.851763926446437836e-02
-1.449322551488876343e-01
-9.817004203796386719e-03
-1.839762032032012939e-01
-7.847483456134796143e-02
-1.503460556268692017e-01
-1.238331571221351624e-01
-2.523711323738098145e-01
-2.509263344109058380e-03
-2.669133245944976807e-01
-1.423699408769607544e-01
3.514622151851654053e-02
-2.609764039516448975e-01
7.072011381387710571e-02
-4.664544761180877686e-02
-7.474774122238159180e-02
1.406029313802719116e-01
-5.163720250129699707e-02
1.068804860115051270e-01
8.721469342708587646e-02
6.792382895946502686e-02
1.054859012365341187e-01
1.304427832365036011e-01
1.213599294424057007e-01
1.348757594823837280e-01
1.515989005565643311e-01
9.330368787050247192e-02
2.002120763063430786e-01
1.084618493914604187e-01
5.583805963397026062e-02
1.827213019132614136e-01
9.920241683721542358e-02
2.104691416025161743e-02
1.055118218064308167e-01
4.201481491327285767e-02
6.813461333513259888e-02
-4.413624107837677002e-01
8.592700362205505371e-01
-7.988198399543762207e-01
3.593172878026962280e-02
3.579972311854362488e-03
2.444473095238208771e-03
-1.285078004002571106e-02
-4.447275307029485703e-03
4.740588832646608353e-03
