2.492685569450259209e-03
-1.029576897621154785e+00
2.818112820386886597e-02
-7.904212176799774170e-02
-3.692511096596717834e-02
1.151243690401315689e-03
-1.446819007396697998e-01
7.786021381616592407e-02
-2.634664773941040039e-01
-7.792641222476959229e-02
-2.419070005416870117e-01
1.187931448221206665e-01
-1.144382357597351074e-02
6.380122900009155273e-02
3.704034686088562012e-01
2.962105162441730499e-02
1.185407787561416626e-01
2.762123644351959229e-01
1.724608824588358402e-03
2.919057616963982582e-03
2.425954677164554596e-03
