2.953111426904797554e-03
-9.145237803459167480e-01
1.563503965735435486e-02
-1.018223315477371216e-01
-1.276651676744222641e-02
-1.408364716917276382e-02
-1.395268738269805908e-01
9.651789814233779907e-02
-2.688583135604858398e-01
-8.991377055644989014e-02
-2.419532984495162964e-01
1.283838450908660889e-01
-1.638971827924251556e-02
5.975739285349845886e-02
3.872710764408111572e-01
4.002257063984870911e-02
8.668269962072372437e-02
2.969815433025360107e-01
1.274638809263706207e-03
4.504257347434759140e-03
5.104002077132463455e-03
