-4.488299964577890933e-06
-8.696621656417846680e-01
4.402004182338714600e-03
-7.604145910590887070e-03
-1.054011508822441101e-01
-1.969966888427734375e-01
-1.037354394793510437e-01
-4.182884395122528076e-01
-1.584953069686889648e-01
-1.599931269884109497e-01
-5.533862859010696411e-02
-1.218359693884849548e-01
-2.790711820125579834e-01
-4.912924394011497498e-02
-1.352299153804779053e-01
-7.462794333696365356e-02
-1.460169851779937744e-01
-2.480375915765762329e-01
-1.551482244394719601e-03
-4.869296029210090637e-02
-8.715488016605377197e-02
5.544353742152452469e-03
3.966934606432914734e-02
-1.342338770627975464e-01
-1.003904789686203003e-01
-8.573071658611297607e-02
-6.443211436271667480e-02
5.625924840569496155e-02
-7.225582003593444824e-02
-8.853872120380401611e-02
-2.929981239140033722e-02
-3.638315573334693909e-02
-1.138173341751098633e-01
-1.272512506693601608e-02
1.205539889633655548e-02
-7.492276281118392944e-02
-1.693205684423446655e-01
-7.408127933740615845e-02
-7.659769058227539062e-02
3.186329454183578491e-02
-1.845438927412033081e-01
-1.868313737213611603e-02
-9.915457665920257568e-02
-1.142031699419021606e-02
3.834514645859599113e-03
-2.434853762388229370e-01
7.755848765373229980e-02
-1.155930012464523315e-01
-1.378455013036727905e-01
3.663269430398941040e-02
-8.084636181592941284e-02
-5.281051155179738998e-03
-1.183337941765785217e-01
-6.837858259677886963e-02
4.212584346532821655e-02
-1.986983120441436768e-01
3.903406672179698944e-03
-1.196987368166446686e-02
-1.019943580031394958e-01
-7.038766890764236450e-02
-1.534330844879150391e-01
-1.285884529352188110e-01
7.209295779466629028e-02
-2.258191108703613281e-01
-5.801551789045333862e-02
-1.369013190269470215e-01
-1.408463716506958008e-01
-4.006541147828102112e-02
-1.350272744894027710e-01
-1.232012361288070679e-01
-9.375537186861038208e-02
4.995520040392875671e-02
-1.066835150122642517e-01
-3.570416569709777832e-02
-8.853879570960998535e-02
-7.506588473916053772e-03
-6.030166521668434143e-03
3.026246093213558197e-02
8.453438989818096161e-03
4.825830459594726562e-02
1.194947063922882080e-01
1.496658939868211746e-02
1.178642660379409790e-01
1.493888348340988159e-01
7.387232035398483276e-02
1.273858994245529175e-01
1.785244047641754150e-01
5.995948612689971924e-02
1.946119070053100586e-01
1.994230598211288452e-01
1.912734359502792358e-01
1.439676433801651001e-01
8.299595862627029419e-02
1.721490919589996338e-01
1.659736484289169312e-01
1.459173411130905151e-01
1.937218457460403442e-01
6.722757220268249512e-02
2.299989014863967896e-01
-5.000508949160575867e-02
1.725888699293136597e-01
8.786234259605407715e-02
1.347849071025848389e-01
-1.313924440182745457e-03
1.262438595294952393e-01
1.503699109889566898e-03
5.713053792715072632e-02
2.765663713216781616e-02
-1.226664334535598755e-01
1.759949624538421631e-01
-3.877786546945571899e-02
-1.763919927179813385e-02
2.340333303436636925e-03
2.429487794870510697e-04
-1.163487955927848816e-01
2.789204381406307220e-02
-3.272720146924257278e-03
-2.059078251477330923e-04
-2.927262894809246063e-02
-1.049040704965591431e-01
3.871658991556614637e-04
1.228032750077545643e-03
5.689935642294585705e-04
-7.462913170456886292e-03
-2.723548095673322678e-03
8.808342390693724155e-04
2.640670398250222206e-03
2.532182727009057999e-03
2.447687438689172268e-04
