1.703507900238037109e-01
-2.483966946601867676e-01
2.332921475172042847e-01
-5.309523548930883408e-04
9.037952125072479248e-02
3.191679343581199646e-02
6.200469657778739929e-02
4.327109754085540771e-01
-1.046934425830841064e-01
1.549645811319351196e-01
-1.447811126708984375e-01
4.085906744003295898e-01
-1.508444100618362427e-01
5.573832988739013672e-02
1.222731322050094604e-01
6.548322737216949463e-03
-3.873724341392517090e-01
1.694395691156387329e-01
-5.926684662699699402e-02
-1.897283829748630524e-02
7.135952357202768326e-03
