-4.657886028289794922e-01
-7.174535989761352539e-01
5.319295823574066162e-02
-8.508347272872924805e-01
-4.618690311908721924e-01
-9.579778313636779785e-01
1.690129339694976807e-01
-8.061460852622985840e-01
-2.181907892227172852e-01
-1.073307037353515625e+00
8.557727932929992676e-02
-6.373280286788940430e-01
-1.168735548853874207e-01
-1.033189177513122559e+00
-1.355546116828918457e-01
-9.118088334798812866e-02
-1.934043169021606445e-01
2.349061146378517151e-02
4.137479662895202637e-01
1.721523404121398926e-01
-6.431896984577178955e-02
