-6.101235374808311462e-02
-7.508896589279174805e-01
-8.971837908029556274e-02
-9.738525748252868652e-02
-4.517910256981849670e-02
1.664499640464782715e-01
2.873901128768920898e-01
-6.054753065109252930e-01
1.176463067531585693e-01
-4.294454157352447510e-01
-1.557311862707138062e-01
-3.285246193408966064e-01
5.424050614237785339e-02
-2.192850559949874878e-01
-3.933722153306007385e-03
-1.855889260768890381e-01
-1.934085339307785034e-01
9.944137930870056152e-02
3.185392916202545166e-02
-6.244191899895668030e-03
-2.228297758847475052e-03
