2.532777488231658936e-01
-4.636050462722778320e-01
-2.110701948404312134e-01
1.548857539892196655e-01
9.687788784503936768e-02
-6.612641364336013794e-02
4.952280223369598389e-02
1.266299784183502197e-01
3.448414802551269531e-02
1.593642830848693848e-01
-3.767410293221473694e-02
-2.243323624134063721e-01
1.313273757696151733e-01
-3.746403157711029053e-01
-4.092870056629180908e-01
-1.427352279424667358e-01
2.660894691944122314e-01
6.394232064485549927e-02
-2.261121422052383423e-01
8.015014231204986572e-02
-7.825305685400962830e-03
