2.983000516891479492e+00
3.584266185760498047e+00
3.172052860260009766e+00
3.039777994155883789e+00
3.391862154006958008e+00
1.270183086395263672e+00
3.566805124282836914e+00
-1.320948795182630420e-04
3.749040365219116211e+00
-1.552619636058807373e-01
-8.073549866676330566e-01
-2.751874029636383057e-01
-1.217245459556579590e+00
2.142440341413021088e-02
-2.702861428260803223e-01
1.599526256322860718e-01
-9.879923611879348755e-02
2.901744544506072998e-01
-3.650143742561340332e-01
1.077532991766929626e-01
2.050398737192153931e-01
4.140882566571235657e-02
2.821839451789855957e-01
4.977721571922302246e-01
2.415521591901779175e-01
2.717034220695495605e-01
4.612192139029502869e-02
1.460249572992324829e-01
1.482746154069900513e-01
9.134246408939361572e-02
2.239113897085189819e-01
-5.086706485599279404e-03
-1.464058831334114075e-02
