-5.601064860820770264e-02
-1.839168220758438110e-01
-3.143470883369445801e-01
-3.626934289932250977e-01
-7.594511508941650391e-01
5.002598166465759277e-01
-6.324367523193359375e-01
-7.177466899156570435e-02
-1.745572090148925781e-01
4.165634810924530029e-01
-1.394456028938293457e-01
4.211310446262359619e-01
-1.097179338103160262e-04
9.536578506231307983e-02
3.374653458595275879e-01
2.584259510040283203e-01
8.125261664390563965e-01
3.881784081459045410e-01
6.414494514465332031e-01
9.354703873395919800e-02
-3.217824101448059082e-01
