1.336493045091629028e-01
-6.022855043411254883e-01
1.245986297726631165e-01
3.643341362476348877e-02
1.135212406516075134e-01
3.019897043704986572e-01
4.043962359428405762e-01
-4.907101988792419434e-01
2.133016586303710938e-01
-3.766323029994964600e-01
-8.016960322856903076e-02
-3.078417479991912842e-01
1.079350709915161133e-01
-2.123507112264633179e-01
2.993668988347053528e-02
-1.828665882349014282e-01
-1.741752624511718750e-01
1.018355488777160645e-01
4.101213440299034119e-02
-2.988940104842185974e-03
-4.123505277675576508e-05
