-4.315415620803833008e-01
4.432084858417510986e-01
-5.539710521697998047e-01
3.715729117393493652e-01
-2.755786180496215820e-01
4.349876642227172852e-01
-5.538570284843444824e-01
-3.936466574668884277e-02
-5.042575001716613770e-01
-5.280337855219841003e-02
-6.737740635871887207e-01
6.670514494180679321e-02
-1.502084434032440186e-01
2.819587588310241699e-01
1.040742471814155579e-01
1.320559382438659668e-01
5.821755528450012207e-02
-4.834076389670372009e-02
2.389709353446960449e-01
-1.955452412366867065e-01
5.497249215841293335e-02
-1.632686257362365723e-01
-4.158117175102233887e-01
7.479805499315261841e-02
-7.697550952434539795e-02
2.149507701396942139e-01
1.905842423439025879e-01
2.076905369758605957e-01
-2.467077039182186127e-02
-9.265869110822677612e-02
7.791852951049804688e-02
3.013355135917663574e-01
1.169113591313362122e-01
