2.639493227005004883e+00
-3.209005355834960938e+00
2.751122951507568359e+00
-2.469950199127197266e+00
2.283609390258789062e+00
-1.616432547569274902e+00
1.599449396133422852e+00
-3.912046849727630615e-01
1.306097149848937988e+00
6.887640804052352905e-02
1.792704761028289795e-01
-6.266469508409500122e-02
-2.925224602222442627e-01
-1.935165002942085266e-02
-1.680456995964050293e-01
-1.088024526834487915e-01
-2.566227614879608154e-01
1.608065664768218994e-01
1.950215548276901245e-01
-1.212679073214530945e-01
-3.907560408115386963e-01
-1.691041588783264160e-01
-9.157475084066390991e-02
1.423887461423873901e-01
1.525773257017135620e-01
8.671921677887439728e-03
-7.028643786907196045e-02
1.204759553074836731e-01
6.952534615993499756e-02
-4.839408993721008301e-01
1.432159990072250366e-01
-2.264808267354965210e-01
-2.206160277128219604e-01
