-4.990139305591583252e-01
-4.047762155532836914e-01
2.787885069847106934e-01
-3.188278675079345703e-01
-2.626634836196899414e-01
-3.565051257610321045e-01
3.129783272743225098e-01
-1.525052338838577271e-01
-1.405130624771118164e-01
-4.111492037773132324e-01
1.143155246973037720e-01
-5.687230825424194336e-02
-1.161991879343986511e-01
-5.872937440872192383e-01
-1.500472724437713623e-01
2.308228015899658203e-01
-2.171245217323303223e-01
2.472733259201049805e-01
3.829585909843444824e-01
3.208106160163879395e-01
-1.016461849212646484e-01
