-1.302692890167236328e-01
1.473692804574966431e-01
2.125849723815917969e-01
4.356233477592468262e-01
2.123148888349533081e-01
8.855071850121021271e-03
4.472869038581848145e-01
-4.115479886531829834e-01
2.259623259305953979e-01
-2.552641034126281738e-01
8.942483365535736084e-02
4.664853960275650024e-02
2.888498902320861816e-01
-3.407212197780609131e-01
-6.386064738035202026e-02
-1.808032989501953125e-01
1.211745738983154297e-01
-4.016969799995422363e-01
-3.352325260639190674e-01
2.921352721750736237e-02
1.838611811399459839e-02
