-2.704074233770370483e-02
-1.663464605808258057e-01
6.833788473159074783e-03
1.419854443520307541e-02
-1.331068426370620728e-01
2.834583818912506104e-02
-1.697115600109100342e-01
4.186780154705047607e-01
-3.173804879188537598e-01
1.310815066099166870e-01
-3.240428864955902100e-01
3.380085825920104980e-01
-2.840750515460968018e-01
-2.036478742957115173e-02
4.031530022621154785e-02
-5.747705698013305664e-02
-4.261263608932495117e-01
1.223171353340148926e-01
-6.854224950075149536e-02
-5.005977675318717957e-02
1.597311533987522125e-02
