-8.155678212642669678e-02
1.163121834397315979e-01
1.416368037462234497e-01
3.409281671047210693e-01
4.794041067361831665e-02
-1.530225723981857300e-01
1.850866079330444336e-01
-5.220682621002197266e-01
-3.276235237717628479e-02
-3.216806650161743164e-01
-1.464220434427261353e-01
2.749735862016677856e-02
1.632831394672393799e-01
-3.308643400669097900e-01
-1.368535310029983521e-01
-1.606531441211700439e-01
7.506088167428970337e-02
-3.784327805042266846e-01
-3.663575351238250732e-01
5.291995406150817871e-02
-3.657056484371423721e-03
