1.179194077849388123e-01
-2.548330128192901611e-01
9.257987141609191895e-02
-7.519392296671867371e-03
-5.083568394184112549e-02
3.165948763489723206e-02
-8.595392107963562012e-02
4.384045898914337158e-01
-2.353230118751525879e-01
1.657374501228332520e-01
-2.502944171428680420e-01
3.869403302669525146e-01
-2.285865843296051025e-01
3.818140923976898193e-02
7.010120153427124023e-02
6.150403060019016266e-04
-4.194390177726745605e-01
1.715028584003448486e-01
-7.631839811801910400e-02
-1.200631447136402130e-02
1.208315487019717693e-03
