-9.140422940254211426e-02
-2.639434933662414551e-01
5.006689578294754028e-03
-7.752139121294021606e-02
-1.212421432137489319e-01
-6.058306992053985596e-02
-1.543227136135101318e-01
3.146822750568389893e-01
-2.987678647041320801e-01
3.218392375856637955e-03
-3.005486726760864258e-01
2.055132538080215454e-01
-2.556935250759124756e-01
-1.354582756757736206e-01
6.950756907463073730e-02
-1.508803963661193848e-01
-3.998635113239288330e-01
4.927707090973854065e-02
-4.600795730948448181e-02
-1.058912575244903564e-01
3.531727567315101624e-02
