7.923727482557296753e-02
1.080268397927284241e-01
1.926873028278350830e-01
2.181090712547302246e-01
5.506427884101867676e-01
1.456122547388076782e-01
4.684308171272277832e-01
4.830623790621757507e-02
9.153696149587631226e-02
1.880817413330078125e-01
2.084828168153762817e-01
3.885360360145568848e-01
2.367268204689025879e-01
4.887367784976959229e-01
-7.759599387645721436e-02
4.726028144359588623e-01
-1.039403825998306274e-01
2.264217883348464966e-01
-3.026300668716430664e-01
-1.074620708823204041e-01
-8.822964737191796303e-04
