-5.237028002738952637e-01
-6.505526304244995117e-01
9.817060828208923340e-02
-7.600343227386474609e-01
-3.886104524135589600e-01
-8.493875265121459961e-01
2.125473171472549438e-01
-6.848265528678894043e-01
-2.049775719642639160e-01
-9.494881033897399902e-01
8.034225553274154663e-02
-5.286818742752075195e-01
-1.294386684894561768e-01
-9.515190720558166504e-01
-1.493170261383056641e-01
-3.535219654440879822e-02
-2.059062123298645020e-01
5.996408686041831970e-02
4.031207561492919922e-01
1.953706145286560059e-01
-7.318952679634094238e-02
