7.600709795951843262e-01
-3.656504452228546143e-01
-2.365052551031112671e-01
1.981577128171920776e-01
-6.706787645816802979e-02
2.499018907546997070e-01
3.558523356914520264e-01
-6.691827178001403809e-01
-1.565940827131271362e-01
-2.204323261976242065e-01
1.751375943422317505e-01
-6.219584941864013672e-01
1.263391822576522827e-01
-4.492790699005126953e-01
3.124466724693775177e-02
-6.724296212196350098e-01
2.555184252560138702e-02
5.912570632062852383e-04
2.396037578582763672e-01
4.145222529768943787e-02
-3.433992341160774231e-02
