1.267584085464477539e+00
1.355722308158874512e+00
1.235754966735839844e+00
9.465084671974182129e-01
1.253772020339965820e+00
5.221446752548217773e-01
1.256962776184082031e+00
4.901293665170669556e-02
9.984469413757324219e-01
-2.617255039513111115e-02
-5.504193305969238281e-01
-5.607996881008148193e-02
-4.792352318763732910e-01
2.142440341413021088e-02
-2.702861428260803223e-01
1.599526256322860718e-01
-9.879923611879348755e-02
2.901744544506072998e-01
-3.650143742561340332e-01
1.077532991766929626e-01
2.050398737192153931e-01
4.140882566571235657e-02
2.821839451789855957e-01
4.977721571922302246e-01
2.415521591901779175e-01
2.717034220695495605e-01
4.612192139029502869e-02
1.460249572992324829e-01
1.482746154069900513e-01
9.134246408939361572e-02
2.239113897085189819e-01
-5.086706485599279404e-03
-1.464058831334114075e-02
