-1.065352484583854675e-01
-7.381542921066284180e-01
-1.140308007597923279e-01
-5.677374824881553650e-02
-5.135751515626907349e-02
2.101690173149108887e-01
2.918070256710052490e-01
-5.630728602409362793e-01
1.271239966154098511e-01
-3.908535838127136230e-01
-1.449163407087326050e-01
-2.971615493297576904e-01
6.129519268870353699e-02
-1.973442435264587402e-01
-2.598985331133008003e-03
-1.729135066270828247e-01
-1.946316510438919067e-01
1.041898503899574280e-01
3.092550486326217651e-02
-8.075626567006111145e-03
-1.426555099897086620e-03
