-4.994128644466400146e-01
-6.654035449028015137e-01
9.287886321544647217e-02
-7.871302366256713867e-01
-4.118531644344329834e-01
-8.852856755256652832e-01
1.932566910982131958e-01
-7.268623113632202148e-01
-2.176694273948669434e-01
-9.931755661964416504e-01
7.356695830821990967e-02
-5.664957165718078613e-01
-1.320572346448898315e-01
-9.787405133247375488e-01
-1.493275910615921021e-01
-5.273123458027839661e-02
-2.043474763631820679e-01
4.973280802369117737e-02
4.056057631969451904e-01
1.899078637361526489e-01
-7.017041742801666260e-02
