-2.209088325500488281e+00
-2.368963718414306641e+00
3.065231800079345703e+00
-2.184477567672729492e+00
2.610224723815917969e+00
-1.930526375770568848e+00
-1.499844938516616821e-01
-2.274774551391601562e+00
-3.264992311596870422e-02
1.056336089968681335e-01
-6.113613769412040710e-02
5.074269697070121765e-02
3.226357400417327881e-01
-2.104253917932510376e-01
-1.457321345806121826e-01
-2.393221249803900719e-03
-1.853313148021697998e-01
1.509848684072494507e-01
-5.075657740235328674e-02
-1.069958582520484924e-01
2.494852393865585327e-01
-1.285862475633621216e-01
-3.521918877959251404e-02
-3.766727447509765625e-02
-1.001356691122055054e-01
4.223487898707389832e-02
1.001462116837501526e-01
3.769874572753906250e-02
-1.744616217911243439e-02
6.908563524484634399e-02
1.219748705625534058e-01
1.518967151641845703e-01
1.830113083124160767e-01
