1.550279140472412109e+00
1.716414332389831543e+00
1.554228425025939941e+00
1.299217343330383301e+00
1.604902982711791992e+00
6.257245540618896484e-01
1.637224316596984863e+00
4.701201990246772766e-02
1.438146591186523438e+00
-4.887848719954490662e-02
-6.207187175750732422e-01
-9.543341398239135742e-02
-5.982595682144165039e-01
2.142440341413021088e-02
-2.702861428260803223e-01
1.599526256322860718e-01
-9.879923611879348755e-02
2.901744544506072998e-01
-3.650143742561340332e-01
1.077532991766929626e-01
2.050398737192153931e-01
4.140882566571235657e-02
2.821839451789855957e-01
4.977721571922302246e-01
2.415521591901779175e-01
2.717034220695495605e-01
4.612192139029502869e-02
1.460249572992324829e-01
1.482746154069900513e-01
9.134246408939361572e-02
2.239113897085189819e-01
-5.086706485599279404e-03
-1.464058831334114075e-02
