-2.154761791229248047e+00
-2.018150806427001953e+00
-2.313385963439941406e+00
-1.619830965995788574e+00
-2.106727123260498047e+00
-1.082732200622558594e+00
-1.285113334655761719e+00
-7.099999785423278809e-01
1.502605438232421875e+00
1.844630390405654907e-01
-1.717006862163543701e-01
3.652794063091278076e-01
1.651234030723571777e-01
-2.301049977540969849e-01
1.281819194555282593e-01
1.540854871273040771e-01
-9.273612499237060547e-02
-3.019499778747558594e-01
1.463742703199386597e-01
-7.288536429405212402e-02
-1.690099090337753296e-01
-6.756368279457092285e-02
-3.877336382865905762e-01
-3.301853537559509277e-01
1.028878912329673767e-01
-1.227544620633125305e-01
-1.127159968018531799e-01
-2.269768714904785156e-01
1.644549071788787842e-01
4.660813882946968079e-02
-6.881562620401382446e-02
-6.575215607881546021e-02
-8.673016726970672607e-02
