1.060113668441772461e+00
1.099762678146362305e+00
1.006716370582580566e+00
6.982010006904602051e-01
1.004904866218566895e+00
4.488723874092102051e-01
9.887799620628356934e-01
4.225489124655723572e-02
7.026600837707519531e-01
-1.692584715783596039e-02
-4.907231628894805908e-01
-3.438335657119750977e-02
-3.917298018932342529e-01
2.142440341413021088e-02
-2.702861428260803223e-01
1.599526256322860718e-01
-9.879923611879348755e-02
2.901744544506072998e-01
-3.650143742561340332e-01
1.077532991766929626e-01
2.050398737192153931e-01
4.140882566571235657e-02
2.821839451789855957e-01
4.977721571922302246e-01
2.415521591901779175e-01
2.717034220695495605e-01
4.612192139029502869e-02
1.460249572992324829e-01
1.482746154069900513e-01
9.134246408939361572e-02
2.239113897085189819e-01
-5.086706485599279404e-03
-1.464058831334114075e-02
