1.107471212744712830e-01
-6.158477663993835449e-01
4.385540261864662170e-02
1.649634167551994324e-02
5.394370481371879578e-02
2.766037583351135254e-01
3.524205684661865234e-01
-5.174818038940429688e-01
1.700058430433273315e-01
-3.997075855731964111e-01
-1.126098111271858215e-01
-3.246092796325683594e-01
8.592275530099868774e-02
-2.235150188207626343e-01
1.623532734811306000e-02
-1.901884078979492188e-01
-1.818580627441406250e-01
9.707226604223251343e-02
3.754179552197456360e-02
-5.874019581824541092e-03
-5.689007230103015900e-04
