1.759038090705871582e+00
1.968636631965637207e+00
1.783510923385620117e+00
1.543838500976562500e+00
1.852939724922180176e+00
7.076681852340698242e-01
1.901770949363708496e+00
4.957985877990722656e-02
1.750533580780029297e+00
-5.930650979280471802e-02
-6.712250709533691406e-01
-1.178140863776206970e-01
-6.894477605819702148e-01
2.142440341413021088e-02
-2.702861428260803223e-01
1.599526256322860718e-01
-9.879923611879348755e-02
2.901744544506072998e-01
-3.650143742561340332e-01
1.077532991766929626e-01
2.050398737192153931e-01
4.140882566571235657e-02
2.821839451789855957e-01
4.977721571922302246e-01
2.415521591901779175e-01
2.717034220695495605e-01
4.612192139029502869e-02
1.460249572992324829e-01
1.482746154069900513e-01
9.134246408939361572e-02
2.239113897085189819e-01
-5.086706485599279404e-03
-1.464058831334114075e-02
