-9.472287492826581001e-04
-3.574001602828502655e-04
-6.417203694581985474e-04
1.911007129820063710e-04
-5.822021048516035080e-04
-5.969770136289298534e-04
4.425543785095214844e+00
8.258999325335025787e-03
-6.865047216415405273e-01
-1.012679100036621094e+00
1.686304062604904175e-02
9.573411941528320312e-01
1.146488357335329056e-03
-5.192041993141174316e-01
-2.003305219113826752e-02
6.411627691704779863e-05
9.731719037517905235e-04
1.053826272254809737e-04
-5.286904051899909973e-04
-1.092077582143247128e-03
-6.420338759198784828e-04
