-2.794754400383681059e-04
-1.081727794371545315e-03
2.977238618768751621e-04
-3.921889874618500471e-04
-4.214945947751402855e-04
-6.099903839640319347e-05
3.205845117568969727e+00
-3.755630552768707275e-01
-7.958410382270812988e-01
-1.052961468696594238e+00
8.601243495941162109e-01
6.851736903190612793e-01
3.345981938764452934e-03
-2.688753366470336914e+00
-9.512323886156082153e-04
-2.028603805229067802e-03
-9.664093377068638802e-04
4.605779831763356924e-04
-6.475389818660914898e-04
-3.764312423299998045e-04
2.741682983469218016e-04
