-1.101276371628046036e-03
1.077547552995383739e-03
5.052472697570919991e-04
2.541006251703947783e-04
1.128961564972996712e-03
-8.253926062025129795e-04
-1.564571430208161473e-04
1.254274277016520500e-03
1.153886201791465282e-03
-9.684038814157247543e-04
9.274419426219537854e-05
1.533141330583021045e-04
4.610210889950394630e-04
6.579271575901657343e-05
3.367660683579742908e-04
-1.102417591027915478e-03
-9.436890832148492336e-04
3.198621852789074183e-04
2.340801001992076635e-04
1.735117316246032715e+00
-8.115669479593634605e-04
1.798324054107069969e-03
-1.533893286250531673e-03
-3.605984617024660110e-03
-5.986335873603820801e-01
-5.777766108512878418e-01
-8.656378984451293945e-01
-6.345354318618774414e-01
-5.586982965469360352e-01
-3.875600695610046387e-01
1.019009621813893318e-03
2.016617804765701294e-01
4.288443326950073242e-01
5.637548565864562988e-01
3.818546831607818604e-01
1.557395160198211670e-01
-2.145005017518997192e-02
-5.543969944119453430e-02
-1.274523973464965820e+00
-7.593468427658081055e-01
-1.497973203659057617e+00
-1.439086437225341797e+00
-1.839254736900329590e+00
-4.468257904052734375e+00
1.434026635251939297e-04
1.130967750214040279e-03
3.673755563795566559e-04
6.105097418185323477e-05
-2.603447937872260809e-04
-6.360401748679578304e-04
7.829494279576465487e-05
-9.446177282370626926e-04
-2.012996847042813897e-04
-4.920341889373958111e-04
-3.381760325282812119e-04
-1.026458106935024261e-03
-1.153524062829092145e-04
8.112862706184387207e-04
5.079410038888454437e-04
-6.720923702232539654e-04
-9.155201842077076435e-04
1.844875623646657914e-05
1.005646423436701298e-03
-6.755882641300559044e-04
6.725014536641538143e-04
