-4.768936923937872052e-05
-7.843433995731174946e-04
-1.829899119911715388e-04
8.519992115907371044e-05
7.688793702982366085e-04
1.297798735322430730e-04
2.069774200208485126e-04
5.621117888949811459e-04
3.303936682641506195e-04
3.427748203277587891e+00
-1.383051712764427066e-04
-4.885108470916748047e-01
-1.155465245246887207e+00
-1.197171926498413086e+00
2.943682251498103142e-03
1.630440801382064819e-01
1.047691583633422852e+00
-1.035921368747949600e-02
-6.268797516822814941e-01
-9.056781530380249023e-01
-1.719928622245788574e+00
-3.217324148863554001e-03
-1.510143396444618702e-03
4.384430576465092599e-05
4.394413263071328402e-04
1.895335316658020020e+00
-9.247441194020211697e-04
-1.186950015835464001e-03
-4.384591302368789911e-04
-6.279934314079582691e-04
4.864662478212267160e-04
3.453257959336042404e-04
7.814720738679170609e-04
