-9.401835799217224121e-01
8.359273076057434082e-01
5.188005566596984863e-01
6.073299646377563477e-01
5.994688868522644043e-01
8.686044216156005859e-01
5.413310527801513672e-01
-9.227014780044555664e-01
9.720867383293807507e-04
-1.342353969812393188e-01
3.524386584758758545e-01
6.164575815200805664e-01
9.260222911834716797e-01
6.234739422798156738e-01
-3.778799772262573242e-01
-4.151830375194549561e-01
-3.504429757595062256e-01
9.911615634337067604e-04
5.213735103607177734e-01
6.329687237739562988e-01
7.238755226135253906e-01
7.087588906288146973e-01
6.719409227371215820e-01
8.726124651730060577e-03
5.566101074218750000e-01
-6.186587214469909668e-01
4.933875203132629395e-01
-1.209720736369490623e-03
-5.651780962944030762e-01
7.974142432212829590e-01
-3.873329842463135719e-04
-6.683673262596130371e-01
5.661432743072509766e-01
