-9.475948214530944824e-01
8.469832539558410645e-01
6.088131666183471680e-01
6.794528961181640625e-01
6.708711981773376465e-01
-6.753219962120056152e-01
3.295428156852722168e-01
1.129393205046653748e-01
5.133274793624877930e-01
3.367505669593811035e-01
-3.236184120178222656e-01
-5.086252093315124512e-01
-8.701560646295547485e-02
3.069829344749450684e-01
1.826777458190917969e-01
5.869333148002624512e-01
-9.619877934455871582e-01
5.901036201976239681e-04
6.471121907234191895e-01
-6.228676438331604004e-01
-6.086289882659912109e-01
