-5.120738642290234566e-04
-5.301643395796418190e-04
1.092818449251353741e-03
2.960881233215332031e+00
7.827475783415138721e-04
-4.774652188643813133e-04
-2.152201341232284904e-04
7.668623002246022224e-04
-2.326090075075626373e-02
-4.353256151080131531e-02
-3.477237746119499207e-02
5.540819838643074036e-02
1.928140074014663696e-01
3.215449750423431396e-01
3.805848360061645508e-01
5.466617345809936523e-01
6.486111283302307129e-01
3.904195129871368408e-01
3.978218138217926025e-01
3.708829283714294434e-01
3.093501329421997070e-01
1.825141906738281250e-01
6.402463465929031372e-02
1.473858300596475601e-02
-9.884086437523365021e-03
5.676480359397828579e-04
3.481922626495361328e+00
6.730372115271165967e-05
1.095464569516479969e-03
-4.707175539806485176e-04
4.268428310751914978e-04
7.346463389694690704e-04
6.246000993996858597e-04
