9.324445724487304688e-01
1.051417827606201172e+00
1.022561192512512207e+00
-1.029129981994628906e+00
4.647117457352578640e-04
3.493271470069885254e-01
-1.318849530071020126e-02
-8.989604115486145020e-01
-9.733790159225463867e-01
-9.834021329879760742e-01
2.933610416948795319e-02
-5.955926775932312012e-01
-6.091754436492919922e-01
-5.105422735214233398e-01
4.564547271002084017e-04
-2.103028054989408702e-05
7.875316739082336426e-01
-9.212520122528076172e-01
9.408460855484008789e-01
-4.745045316667528823e-06
-1.010517239570617676e+00
