5.449140071868896484e-01
-5.792421102523803711e-01
5.503973364830017090e-01
-4.739258885383605957e-01
4.907655417919158936e-01
-6.107082366943359375e-01
-6.235346198081970215e-01
-5.036993622779846191e-01
-4.615471959114074707e-01
-3.798934631049633026e-04
6.131889820098876953e-01
4.884739220142364502e-01
4.739231765270233154e-01
-5.001304149627685547e-01
-5.360568761825561523e-01
-5.394370555877685547e-01
4.968605041503906250e-01
5.657535791397094727e-01
-5.944694876670837402e-01
7.836712175048887730e-04
-5.141292810440063477e-01
-5.620721578598022461e-01
6.556727886199951172e-01
-4.586408436298370361e-01
-4.520826935768127441e-01
-6.237071752548217773e-01
-4.951902627944946289e-01
4.683187305927276611e-01
-4.849000871181488037e-01
-4.938552081584930420e-01
5.468794107437133789e-01
-5.023648738861083984e-01
-5.072660446166992188e-01
3.678405284881591797e-01
3.135553896427154541e-01
3.908045291900634766e-01
-5.468972325325012207e-01
-5.901131629943847656e-01
-1.216940045356750488e+00
3.313885033130645752e-01
-2.631889469921588898e-02
-1.295230984687805176e-01
1.946672098711133003e-03
5.181402084417641163e-04
1.719167339615523815e-03
-1.423426729161292315e-04
4.538657069206237793e-01
5.442183017730712891e-01
6.635435223579406738e-01
6.666042804718017578e-01
6.710416078567504883e-01
6.719784736633300781e-01
6.122574806213378906e-01
5.762717723846435547e-01
4.751211106777191162e-01
5.320448279380798340e-01
2.968582808971405029e-01
2.136230766773223877e-01
-1.717816293239593506e-02
-1.053951960057020187e-02
-3.783907294273376465e-01
-2.126019597053527832e-01
-3.748491108417510986e-01
-4.028694033622741699e-01
-4.084866642951965332e-01
-2.881782948970794678e-01
-5.026781558990478516e-01
-1.805739104747772217e-01
-1.309104859828948975e-01
-2.655999362468719482e-02
9.535116702318191528e-02
2.174515724182128906e-01
3.852297961711883545e-01
4.099033474922180176e-01
5.004294514656066895e-01
5.355231165885925293e-01
5.643365979194641113e-01
6.089584231376647949e-01
4.746651947498321533e-01
4.014948606491088867e-01
6.224802136421203613e-01
2.904608249664306641e-01
3.981737792491912842e-01
2.662504017353057861e-01
3.151642084121704102e-01
-1.285598846152424812e-04
-9.610703273210674524e-05
1.283017694950103760e-01
3.594268858432769775e-01
-3.036305133718997240e-04
3.362257182598114014e-01
-9.311395287513732910e-01
4.938396513462066650e-01
4.663164019584655762e-01
-6.595787405967712402e-01
2.095815943903289735e-05
4.605799615383148193e-01
4.923579394817352295e-01
-7.916163303889334202e-04
-6.262662410736083984e-01
5.024366378784179688e-01
-5.087335109710693359e-01
-5.049998164176940918e-01
5.246043205261230469e-01
6.126497387886047363e-01
-4.662618339061737061e-01
-5.785371065139770508e-01
4.801869988441467285e-01
4.662766456604003906e-01
-4.639680087566375732e-01
-4.891635775566101074e-01
5.944477915763854980e-01
4.611058235168457031e-01
5.059005618095397949e-01
9.775743819773197174e-04
6.481438758783042431e-04
4.675401151180267334e-01
6.017250418663024902e-01
-4.617407619953155518e-01
-1.255378301721066236e-04
4.619486629962921143e-01
5.263325572013854980e-01
-7.570281923108268529e-06
4.731408357620239258e-01
-4.652817845344543457e-01
4.669075012207031250e-01
-6.273509860038757324e-01
6.283672410063445568e-04
-6.279876232147216797e-01
