5.120658129453659058e-02
-1.299651980400085449e+00
3.293729305267333984e+00
-9.618541598320007324e-01
3.388669490814208984e+00
-8.433117866516113281e-01
2.173839807510375977e+00
-5.964692234992980957e-01
-1.203305646777153015e-01
-6.774328351020812988e-01
-4.476101994514465332e-01
-1.565761566162109375e-01
-4.359960854053497314e-01
-2.830306291580200195e-01
-4.397689923644065857e-02
-1.815911680459976196e-01
7.050894200801849365e-02
2.209126651287078857e-01
5.857021361589431763e-02
8.798892796039581299e-02
-1.304184347391128540e-01
