-1.283065378665924072e-01
1.105418801307678223e+00
1.966429948806762695e+00
1.330669879913330078e+00
1.939876198768615723e+00
1.454343318939208984e+00
1.769537568092346191e+00
1.657321929931640625e+00
1.526728272438049316e+00
1.461285829544067383e+00
1.209779024124145508e+00
1.449242711067199707e+00
6.236430406570434570e-01
9.862139821052551270e-01
4.508430659770965576e-01
9.061423540115356445e-01
1.921667605638504028e-01
6.427497267723083496e-01
1.168737038969993591e-01
7.528761625289916992e-01
-1.429955065250396729e-01
7.234051823616027832e-01
-1.429284214973449707e-01
5.178845524787902832e-01
-3.776692599058151245e-02
5.622695088386535645e-01
-1.905779093503952026e-01
2.819846272468566895e-01
-3.395399451255798340e-02
3.437313139438629150e-01
-2.140337228775024414e-01
2.667610049247741699e-01
2.517985180020332336e-02
1.925423890352249146e-01
3.355572000145912170e-02
1.758662462234497070e-01
3.353692218661308289e-02
1.679728329181671143e-01
-9.565959870815277100e-02
2.731135487556457520e-01
-1.032270416617393494e-01
1.109122931957244873e-01
2.061154320836067200e-02
9.930829703807830811e-02
-8.466140180826187134e-02
1.159774512052536011e-01
2.530453354120254517e-02
1.303472518920898438e-01
4.700366407632827759e-02
-4.177940264344215393e-02
-1.134553086012601852e-02
9.144238382577896118e-02
1.303139477968215942e-01
1.061374023556709290e-01
-4.330857482273131609e-04
-1.096069514751434326e-01
-3.743992745876312256e-02
1.107148900628089905e-01
-2.133608423173427582e-02
-2.624608017504215240e-02
6.013204529881477356e-02
5.555770918726921082e-02
6.296850740909576416e-02
-2.830602787435054779e-02
1.915087252855300903e-01
2.697464637458324432e-02
5.950928106904029846e-02
2.488085329532623291e-01
1.178742796182632446e-01
3.674740344285964966e-02
4.975429549813270569e-02
1.796516329050064087e-01
-1.211525276303291321e-01
9.870225191116333008e-02
-7.173298392444849014e-03
-4.899958148598670959e-02
3.826960176229476929e-02
6.368634849786758423e-02
1.099423542618751526e-01
2.093303799629211426e-01
-1.742406561970710754e-02
-4.401765391230583191e-02
1.036708727478981018e-01
-3.689195588231086731e-02
-1.612016372382640839e-02
1.895098239183425903e-01
2.287875860929489136e-02
4.110655188560485840e-02
-1.287439763545989990e-01
1.626331806182861328e-01
2.221863120794296265e-01
-7.537627127021551132e-03
1.046994626522064209e-01
-4.422045778483152390e-03
-9.759252518415451050e-02
6.746615283191204071e-03
1.107281222939491272e-01
8.911102265119552612e-02
-6.401878595352172852e-02
2.371438592672348022e-01
3.849840536713600159e-02
-3.902665898203849792e-02
-1.313635706901550293e-01
2.389159053564071655e-01
-1.101919189095497131e-01
-7.491722702980041504e-02
1.133185699582099915e-01
8.433925360441207886e-02
-7.510679960250854492e-02
-1.540173739194869995e-01
-3.842357173562049866e-02
1.640988290309906006e-01
1.846581548452377319e-01
-8.919719606637954712e-03
4.769815132021903992e-02
1.013833954930305481e-01
3.171126591041684151e-03
5.758077278733253479e-02
7.016050070524215698e-02
5.301674082875251770e-02
5.539565160870552063e-02
3.695751726627349854e-02
6.723719090223312378e-02
-1.888905093073844910e-02
-4.177502356469631195e-03
-1.514774709939956665e-01
1.772214472293853760e-01
3.952795267105102539e-02
-9.339530766010284424e-02
