-1.105157062411308289e-01
1.111946940422058105e+00
1.290692925453186035e+00
9.752410650253295898e-01
1.089908480644226074e+00
7.021219134330749512e-01
9.555558562278747559e-01
1.052894473075866699e+00
1.047773480415344238e+00
1.339149832725524902e+00
1.151650667190551758e+00
1.211591839790344238e+00
1.342844479950144887e-04
-1.163144111633300781e+00
1.202933549880981445e+00
1.692871446721255779e-04
1.035623550415039062e+00
-5.954843759536743164e-01
2.916587591171264648e-01
-1.311029493808746338e-01
3.178661063429899514e-05
1.801511680241674185e-04
-3.314604163169860840e-01
1.820013225078582764e-01
-6.363939493894577026e-02
-1.207936555147171021e-01
-6.383819039911031723e-03
-1.211837753653526306e-01
-2.625767886638641357e-01
-6.363844871520996094e-02
-2.951730415225028992e-02
-2.100595645606517792e-02
2.726366817951202393e-01
