-1.302365213632583618e-01
-8.853976726531982422e-01
3.520001888275146484e+00
-5.053764581680297852e-01
3.240583896636962891e+00
-6.764764785766601562e-01
2.640378475189208984e+00
-7.921460270881652832e-01
1.949445962905883789e+00
-4.397498667240142822e-01
9.316184520721435547e-01
-4.061116278171539307e-02
2.149889618158340454e-01
2.503664195537567139e-01
-1.277531385421752930e-01
3.155758678913116455e-01
-2.387784719467163086e-01
3.428283035755157471e-01
-3.045252263545989990e-01
4.319522678852081299e-01
-5.627897381782531738e-01
3.357610404491424561e-01
-2.404822409152984619e-01
3.039737045764923096e-01
-2.279859632253646851e-01
1.354197561740875244e-01
-1.614857167005538940e-01
1.010437086224555969e-01
-1.073379144072532654e-01
1.616741716861724854e-01
-1.338029056787490845e-01
1.089777052402496338e-01
-6.355630606412887573e-02
1.115964874625205994e-01
-5.593079701066017151e-02
3.058535419404506683e-02
-1.660542339086532593e-01
-8.241581730544567108e-03
-3.628044575452804565e-02
-4.871044680476188660e-02
7.338173687458038330e-02
5.362490192055702209e-02
8.322981745004653931e-02
-1.903669089078903198e-01
1.271545304916799068e-03
-5.230673775076866150e-02
7.019308209419250488e-02
4.648351296782493591e-02
8.257698267698287964e-02
-1.043582931160926819e-01
4.854799062013626099e-02
7.752705365419387817e-03
-7.850633561611175537e-02
-5.215993523597717285e-02
3.364971652626991272e-02
-6.360898911952972412e-02
5.231121554970741272e-02
-9.015797078609466553e-02
-1.251488775014877319e-01
-1.516394615173339844e-01
-3.752029314637184143e-02
-2.118584066629409790e-01
-6.020449846982955933e-02
-1.717794090509414673e-01
5.936313048005104065e-02
-1.346036493778228760e-01
7.821951992809772491e-03
4.654882103204727173e-02
9.551081806421279907e-02
-1.421752423048019409e-01
5.532074719667434692e-02
-3.055163659155368805e-02
1.303439885377883911e-01
3.590475767850875854e-02
-4.471844434738159180e-02
-1.505941897630691528e-01
-7.331123203039169312e-02
-1.428868919610977173e-01
2.150803506374359131e-01
1.080267876386642456e-02
4.291145130991935730e-02
-1.465964131057262421e-02
1.642538756132125854e-01
-1.199901662766933441e-02
7.469692733138799667e-03
4.701277986168861389e-02
1.083798781037330627e-01
-2.199295908212661743e-02
-3.712036088109016418e-02
-1.580482870340347290e-01
1.280728578567504883e-01
5.140294320881366730e-03
9.608013182878494263e-02
2.312618121504783630e-02
3.435796499252319336e-02
-8.640894293785095215e-02
1.463192701339721680e-01
-1.701839715242385864e-01
4.150247666984796524e-03
-2.847534120082855225e-01
5.128211528062820435e-02
-6.863051652908325195e-02
1.822849735617637634e-02
-2.128388732671737671e-01
1.301990896463394165e-01
-7.427608966827392578e-02
1.292947977781295776e-01
8.392199873924255371e-02
3.287248685956001282e-02
3.917168080806732178e-02
-3.290789574384689331e-02
7.699720561504364014e-03
-5.476506054401397705e-02
-8.175488561391830444e-02
-9.387628734111785889e-02
-1.404118388891220093e-01
8.473628759384155273e-02
6.751543376594781876e-03
4.081087559461593628e-02
-5.323024466633796692e-02
1.214402392506599426e-01
3.083798289299011230e-02
9.041122347116470337e-02
2.944729290902614594e-02
9.538692235946655273e-02
-1.577103435993194580e-01
1.704521328210830688e-01
-1.435209624469280243e-02
-1.205775961279869080e-01
