7.498614490032196045e-02
1.251965165138244629e-01
1.146604344248771667e-01
-1.175727918744087219e-01
-2.285533701069653034e-04
7.048473344184458256e-04
-1.274994313716888428e-01
9.870233945548534393e-03
-1.629917621612548828e-01
5.192671716213226318e-02
6.242360174655914307e-02
-2.132880687713623047e-02
2.963895350694656372e-02
2.351091615855693817e-02
1.708947494626045227e-02
6.343860924243927002e-02
-2.843997441232204437e-02
-5.311876162886619568e-02
-6.529857963323593140e-02
7.940882816910743713e-03
1.211025193333625793e-02
1.216497495770454407e-01
1.743271797895431519e-01
-4.751093685626983643e-02
4.103810060769319534e-03
-6.037037819623947144e-02
3.619754314422607422e-02
-7.266664761118590832e-04
1.344203669577836990e-02
-6.467470526695251465e-02
1.364898122847080231e-02
1.231033587828278542e-03
7.938567548990249634e-03
-1.024394575506448746e-02
1.370534580200910568e-02
-9.549565613269805908e-02
-4.111738409847021103e-03
-2.476781234145164490e-02
2.560377866029739380e-02
-4.959363117814064026e-02
-2.565057389438152313e-02
-2.748596668243408203e-02
-2.698404900729656219e-02
-2.822270989418029785e-02
-1.992827840149402618e-02
-3.855514153838157654e-02
-5.991624668240547180e-03
-4.139135032892227173e-02
-3.178675100207328796e-02
-3.596433997154235840e-02
-3.916184604167938232e-02
-5.043186247348785400e-02
-4.364607110619544983e-02
-4.496161639690399170e-02
-4.590737447142601013e-02
-4.942328855395317078e-02
-4.576774314045906067e-02
-4.311334714293479919e-02
-5.079584941267967224e-02
-4.894040897488594055e-02
-3.361252322793006897e-02
-2.822526916861534119e-02
-6.179156899452209473e-02
-3.452737629413604736e-01
-2.824088335037231445e-01
1.677569597959518433e-01
1.863410025835037231e-01
1.052482426166534424e-01
6.345478445291519165e-02
3.529661148786544800e-02
1.610722579061985016e-02
1.182509027421474457e-02
7.573837065137922764e-04
-3.246739739552140236e-03
-1.098630204796791077e-02
-7.911319844424724579e-03
-1.103824283927679062e-02
-1.528094522655010223e-02
-1.631370373070240021e-02
-1.496366038918495178e-02
-1.542827021330595016e-02
-2.384428121149539948e-02
-1.477276440709829330e-02
-1.582386158406734467e-02
-1.239126175642013550e-02
-3.913089749403297901e-04
-1.222617737948894501e-02
-4.045596811920404434e-03
8.606303483247756958e-03
-2.331826277077198029e-02
6.153470836579799652e-03
-1.997991278767585754e-02
1.007292605936527252e-02
3.867699950933456421e-02
-1.668885163962841034e-02
-3.647654503583908081e-02
-5.188752338290214539e-02
-4.325460270047187805e-02
-9.323831647634506226e-03
1.177081186324357986e-02
1.882582716643810272e-02
1.705476082861423492e-02
-4.344102740287780762e-02
-1.095505207777023315e-01
3.757293522357940674e-02
5.927397287450730801e-04
5.789827182888984680e-02
2.250383049249649048e-02
-2.390144206583499908e-02
-1.331462115049362183e-01
8.686748892068862915e-02
1.898404657840728760e-01
-7.904276251792907715e-02
-9.914252161979675293e-02
7.386013865470886230e-03
5.739056318998336792e-02
-3.001131303608417511e-02
-1.951499143615365028e-03
1.072930097579956055e-01
-5.255206674337387085e-02
2.124015055596828461e-02
-6.215369701385498047e-02
1.013187319040298462e-01
-9.414155036211013794e-02
4.884257540106773376e-02
9.444891661405563354e-02
7.812702655792236328e-02
-3.491229191422462463e-02
8.188839256763458252e-02
