5.071413470432162285e-04
-6.818946567364037037e-04
-9.940014024323318154e-06
1.275873073609545827e-04
-5.167054478079080582e-04
-1.443185465177521110e-04
-4.347656213212758303e-04
-1.028834842145442963e-03
-7.439061882905662060e-04
9.053339599631726742e-04
4.365799427032470703e+00
2.518086927011609077e-03
1.254580378532409668e+00
9.241425991058349609e-01
-4.498928319662809372e-03
-6.077169775962829590e-01
-6.052610278129577637e-01
-1.954863965511322021e-02
7.306919097900390625e-01
1.139079928398132324e+00
6.770255565643310547e-01
-4.327497910708189011e-03
-3.227421315386891365e-03
5.265112267807126045e-04
-1.873375003924593329e-04
-5.172386299818754196e-04
-1.337437890470027924e-03
2.622136662466800772e-06
-1.374020066577941179e-04
-4.198517999611794949e-04
5.540442070923745632e-04
-5.789793794974684715e-04
6.348303286358714104e-04
