5.661252513527870178e-02
4.343092441558837891e-02
-6.165912840515375137e-03
2.398356795310974121e-02
4.603328555822372437e-02
1.077073439955711365e-01
-1.343607902526855469e-01
-2.111479490995407104e-01
-4.861991386860609055e-03
-1.526880562305450439e-01
4.621006175875663757e-02
-2.700300887227058411e-02
-4.874763637781143188e-02
-3.836930170655250549e-02
-3.518759831786155701e-02
-4.570430144667625427e-02
-4.493174701929092407e-02
1.312701962888240814e-02
-1.142713241279125214e-03
-2.157146111130714417e-02
2.927503373939543962e-04
4.276800435036420822e-03
4.158240184187889099e-02
6.170364096760749817e-02
6.376811116933822632e-02
7.941521704196929932e-02
8.006936311721801758e-02
8.668787777423858643e-02
5.772985145449638367e-02
3.821849450469017029e-02
-4.284422472119331360e-02
5.744545459747314453e-01
5.644387006759643555e-01
-2.230275422334671021e-02
4.507125541567802429e-02
6.770063191652297974e-02
8.351527899503707886e-02
8.976966887712478638e-02
8.173350244760513306e-02
8.345580101013183594e-02
7.799649238586425781e-02
6.507036834955215454e-02
6.636465340852737427e-02
6.606159359216690063e-02
6.518804281949996948e-02
2.278727851808071136e-02
7.327036559581756592e-02
4.163087159395217896e-02
2.620241791009902954e-02
1.242955625057220459e-01
3.536588698625564575e-02
4.241888527758419514e-04
6.714352965354919434e-02
2.177124917507171631e-01
1.269935518503189087e-01
1.240060329437255859e-01
-9.274915605783462524e-02
-7.478263229131698608e-02
-2.788839489221572876e-02
-1.233424469828605652e-01
1.453708112239837646e-01
-1.785026639699935913e-01
3.774777799844741821e-02
-1.416175663471221924e-01
-1.001968234777450562e-01
