1.807567896321415901e-04
1.113997277570888400e-04
-4.059631228446960449e-01
5.427814321592450142e-04
-1.143679855886148289e-05
-1.127042807638645172e-02
-5.596864819526672363e-01
-7.375246882438659668e-01
-7.173004150390625000e-01
-8.958516716957092285e-01
-6.531245112419128418e-01
-7.973619103431701660e-01
-4.046686291694641113e-01
-1.362014212645590305e-03
1.938205561600625515e-03
-4.684150335378944874e-04
-1.200203201733529568e-03
-5.332737346179783344e-04
-1.101250178180634975e-03
4.329077720642089844e+00
1.609658502275124192e-04
