-1.277131736278533936e-01
1.290477871894836426e+00
1.486863374710083008e+00
9.374105334281921387e-01
1.420117378234863281e+00
3.951797783374786377e-01
7.835974097251892090e-01
9.272724390029907227e-02
4.089692533016204834e-01
1.023041903972625732e-01
-1.617816276848316193e-02
-4.168545082211494446e-02
1.144235674291849136e-02
8.138366043567657471e-02
-1.550090461969375610e-01
2.441736757755279541e-01
-5.208307504653930664e-01
1.355355381965637207e-01
1.579167544841766357e-01
-9.759686887264251709e-03
-3.368477523326873779e-02
