8.271845872513949871e-04
3.618392050266265869e-01
1.679777354001998901e-01
-2.124876230955123901e-01
5.700864130631089211e-04
1.235704049468040466e-01
2.705237388610839844e+00
-6.214191913604736328e-01
-5.849395990371704102e-01
-1.003205299377441406e+00
7.681277394294738770e-01
6.886637210845947266e-01
-5.177874118089675903e-03
-1.989144563674926758e+00
-5.593898892402648926e-01
-1.362321316264569759e-03
2.837503561750054359e-04
-5.218153819441795349e-04
8.714852156117558479e-04
-6.237190100364387035e-04
-5.092508508823812008e-04
