5.642597679980099201e-04
-3.451652592048048973e-04
-1.110594370402395725e-03
8.836697088554501534e-05
7.839374011382460594e-04
4.703766608145087957e-04
1.075853127986192703e-03
-7.848570821806788445e-04
7.559594232589006424e-04
-2.926726102828979492e+00
-2.974922303110361099e-03
1.832867157645523548e-03
-2.734809637069702148e+00
6.740252720192074776e-04
2.754307985305786133e-01
5.667949318885803223e-01
7.220714092254638672e-01
-5.795875191688537598e-01
-6.932055354118347168e-01
-7.382811903953552246e-01
3.302207216620445251e-03
9.220154955983161926e-03
5.401298403739929199e-03
2.745512247085571289e+00
1.018368988297879696e-03
7.575358031317591667e-04
-1.088960794731974602e-03
6.980940815992653370e-04
9.426256292499601841e-04
4.768233920913189650e-04
-1.348570367554202676e-04
1.831963018048554659e-04
6.512803956866264343e-04
