3.530766069889068604e-01
-4.956991225481033325e-02
1.326910406351089478e-01
-2.043692171573638916e-01
3.402107954025268555e-01
6.954486668109893799e-02
-2.735563088208436966e-03
-5.839259028434753418e-01
-8.674010038375854492e-01
-8.460849523544311523e-01
-6.907365918159484863e-01
-5.475931167602539062e-01
-5.882335305213928223e-01
-4.958073496818542480e-01
-3.176895380020141602e-01
-2.087594866752624512e-01
-2.127285860478878021e-02
2.935478687286376953e-01
-6.071656197309494019e-02
8.043098449707031250e-02
-2.086490988731384277e-01
