-3.693728148937225342e-01
-5.411475300788879395e-01
8.485005497932434082e-01
5.617993301711976528e-04
7.458403706550598145e-01
-7.124606370925903320e-01
-2.663270803168416023e-03
3.851287066936492920e-01
5.681944489479064941e-01
3.735261857509613037e-01
-3.775330185890197754e-01
-4.401638507843017578e-01
-4.904478192329406738e-01
-6.453462690114974976e-02
1.840037554502487183e-01
5.951223969459533691e-01
-4.193505048751831055e-01
5.478014945983886719e-01
5.891814827919006348e-01
-3.932657241821289062e-01
3.792540431022644043e-01
