9.044394828379154205e-04
-6.514372071251273155e-04
7.129990844987332821e-04
-3.722476249095052481e-04
-2.046502922894433141e-04
2.938032266683876514e-04
3.100773811340332031e+00
-4.551926255226135254e-01
-7.106816768646240234e-01
-1.035883784294128418e+00
8.416261672973632812e-01
6.927604675292968750e-01
-1.018224935978651047e-02
-2.502345323562622070e+00
-7.260713609866797924e-04
7.829259629943408072e-06
-7.244158769026398659e-04
-1.006566570140421391e-03
-1.379531458951532841e-04
6.826574099250137806e-04
-4.336605488788336515e-04
