1.022235723212361336e-03
-5.991553916828706861e-05
1.995000347960740328e-04
5.684503121301531792e-04
-6.419269484467804432e-04
-7.279446721076965332e-01
-2.013521036133170128e-03
2.686696052551269531e-01
1.042664408683776855e+00
6.399685144424438477e-01
-6.051558256149291992e-01
-7.197571992874145508e-01
3.496087342500686646e-02
1.147658348083496094e+00
2.398636102676391602e+00
1.890941619873046875e+00
1.289602136239409447e-03
6.720831734128296375e-04
-4.769655351992696524e-04
-2.634770644363015890e-04
-6.052518147043883801e-04
