-1.504176855087280273e-01
3.109596669673919678e-01
-5.690709501504898071e-02
-6.935971789062023163e-03
-9.967382997274398804e-02
1.579174548387527466e-01
2.065967321395874023e-01
1.300959289073944092e-01
-1.453555971384048462e-01
5.052449181675910950e-02
4.682463034987449646e-02
-1.805642992258071899e-01
-3.046765550971031189e-02
1.292941719293594360e-01
-8.836199529469013214e-03
1.071132794022560120e-01
-3.169941483065485954e-03
3.916219994425773621e-02
6.200106441974639893e-02
-4.718712531030178070e-03
-2.601564303040504456e-02
-2.802501805126667023e-02
-3.423152491450309753e-02
-7.654602825641632080e-02
-6.272858381271362305e-02
-8.888710290193557739e-02
-9.248312562704086304e-02
-1.141204684972763062e-01
-1.431786119937896729e-01
-1.233856827020645142e-01
-8.596334606409072876e-02
-3.596790134906768799e-01
-7.059552073478698730e-01
1.742355823516845703e-01
7.443951815366744995e-02
-3.120784414932131767e-03
-5.276491865515708923e-02
-6.142676994204521179e-02
-6.600669026374816895e-02
-7.916893064975738525e-02
-8.617667853832244873e-02
-8.110950887203216553e-02
-8.397832512855529785e-02
-7.754101604223251343e-02
-1.955296657979488373e-02
-4.891721531748771667e-02
-3.833694383502006531e-02
-2.404305525124073029e-02
-2.175427973270416260e-02
-1.043342053890228271e-01
-8.191430568695068359e-02
1.482767760753631592e-01
-1.052424982190132141e-01
-8.724050223827362061e-02
-1.019486319273710251e-02
-1.214010864496231079e-01
-1.885418295860290527e-01
1.277540773153305054e-01
1.113789156079292297e-01
-1.037519499659538269e-01
1.337033361196517944e-01
1.103481948375701904e-01
6.486540287733078003e-02
1.526284515857696533e-01
-1.281988769769668579e-01
