-1.612892448902130127e-01
-1.141310453414916992e+00
4.973561286926269531e+00
4.280261397361755371e-01
3.643798828125000000e+00
5.658712387084960938e-01
1.994939684867858887e+00
5.150147080421447754e-01
6.641652584075927734e-01
-4.766262695193290710e-02
1.283979266881942749e-01
5.460521951317787170e-02
8.000900596380233765e-02
2.782409489154815674e-01
-2.377028763294219971e-01
2.060934454202651978e-01
-6.052253022789955139e-02
-2.484527528285980225e-01
-1.699429564177989960e-02
-2.770746871829032898e-02
-2.557548582553863525e-01
