-3.780583792831748724e-04
3.686516429297626019e-04
5.106530152261257172e-04
-1.594753703102469444e-04
8.085424196906387806e-04
2.918345271609723568e-04
-1.108847282011993229e-04
1.049277256242930889e-03
-1.505526015534996986e-03
5.697287851944565773e-04
-8.081417181529104710e-04
3.763793210964649916e-04
1.006222097203135490e-03
8.306095842272043228e-04
-8.021800313144922256e-04
3.696331405080854893e-04
8.747879764996469021e-04
-5.901438416913151741e-04
1.061555580236017704e-03
-6.555563886649906635e-04
1.507413689978420734e-03
8.860696107149124146e-04
-1.008051214739680290e-03
-8.237871224991977215e-04
4.220957926008850336e-04
4.242133873049169779e-04
-2.044426510110497475e-04
-8.380716899409890175e-04
-4.578008665703237057e-04
-1.493145944550633430e-03
1.412101206369698048e-03
7.853733841329813004e-04
-2.068568428512662649e-04
4.524914547801017761e-04
-1.602667034603655338e-04
-5.630299565382301807e-04
-1.649311278015375137e-03
1.248678472620667890e-05
4.809158388525247574e-03
3.572764098644256592e-01
4.035878460854291916e-03
1.098277233541011810e-02
1.491998508572578430e-02
1.253608986735343933e-02
1.259116549044847488e-02
1.502412743866443634e-02
6.201792974025011063e-03
-3.135060425847768784e-03
-9.453210048377513885e-03
-2.859405875205993652e-01
-3.269914090633392334e-01
-5.439562797546386719e-01
-4.351908564567565918e-01
-6.269035339355468750e-01
-5.262596607208251953e-01
-7.195516228675842285e-01
-6.412096619606018066e-01
-5.112600326538085938e-01
-3.253006637096405029e-01
-3.596925139427185059e-01
-1.325267851352691650e-01
-5.974300205707550049e-02
1.432703733444213867e-01
1.605851948261260986e-01
5.289325118064880371e-01
2.807741463184356689e-01
4.084712266921997070e-01
5.122874975204467773e-01
4.298349916934967041e-01
3.083176016807556152e-01
3.806683123111724854e-01
1.439312398433685303e-01
7.770187221467494965e-03
-1.074936054646968842e-02
-3.026821613311767578e-01
-5.620758533477783203e-01
-4.613472223281860352e-01
-9.163748025894165039e-01
-8.876370191574096680e-01
-8.129762411117553711e-01
-1.250528573989868164e+00
-1.474342226982116699e+00
-8.673646450042724609e-01
-1.565833449363708496e+00
-2.195458650588989258e+00
2.032566815614700317e-03
-2.387364625930786133e+00
-5.100383162498474121e-01
-7.613399997353553772e-03
-2.210207981988787651e-03
2.075802476610988379e-04
-6.565369549207389355e-04
-1.585483900271356106e-03
-2.274334110552445054e-04
3.270047600381076336e-04
6.046964554116129875e-04
1.749268849380314350e-04
3.333103418350219727e+00
-7.862057100282981992e-05
4.995687049813568592e-04
3.583445310592651367e+00
6.060865707695484161e-04
-6.576744490303099155e-04
-4.304436442907899618e-04
4.425250226631760597e-04
1.012391061522066593e-03
-3.528694796841591597e-04
2.294891595840454102e+00
1.111721270717680454e-03
6.406223983503878117e-04
1.336348941549658775e-04
1.505779102444648743e-03
-1.080164802260696888e-03
4.909681738354265690e-04
6.719630910083651543e-04
-1.112342346459627151e-03
-7.215099758468568325e-04
5.000563105568289757e-04
-7.052794680930674076e-04
-2.425024509429931641e+00
1.406685914844274521e-03
-1.520812074886634946e-04
1.210205373354256153e-03
-2.539736160542815924e-04
-5.479431129060685635e-04
-6.359280087053775787e-04
1.069977181032299995e-03
1.114145037718117237e-03
-6.520531023852527142e-04
