5.348107963800430298e-02
-5.046388506889343262e-01
-4.905566871166229248e-01
-5.873044729232788086e-01
-5.739991068840026855e-01
-3.642013669013977051e-01
-3.244312405586242676e-01
-3.063920736312866211e-01
-3.286160528659820557e-01
8.939380943775177002e-02
-3.269597291946411133e-01
-1.147734597325325012e-01
-3.060696125030517578e-01
-2.505422383546829224e-02
-3.735282123088836670e-01
8.501457422971725464e-02
4.135609790682792664e-02
-1.753695011138916016e-01
-5.196284055709838867e-01
-1.795664131641387939e-01
-8.018136024475097656e-02
1.987581839784979820e-03
-1.352656483650207520e-01
7.389303296804428101e-02
1.041733101010322571e-01
-1.504938751459121704e-01
-7.877042889595031738e-02
-1.547773629426956177e-01
-7.939394563436508179e-02
1.762081310153007507e-02
1.232840046286582947e-01
2.638055682182312012e-01
2.775890938937664032e-02
-3.739391267299652100e-02
-1.390880793333053589e-01
-1.207522973418235779e-01
-2.993855178356170654e-01
-1.014283150434494019e-01
-6.138180941343307495e-02
-2.206707596778869629e-01
1.359718739986419678e-01
1.070458590984344482e-01
4.460613429546356201e-02
-7.189649343490600586e-02
-3.615977615118026733e-02
-2.106949128210544586e-02
1.451080082915723324e-03
-1.284610927104949951e-01
-2.511425502598285675e-02
-1.633268892765045166e-01
1.090829744935035706e-01
4.877351224422454834e-02
-5.404389277100563049e-02
-1.227354407310485840e-01
1.428496688604354858e-01
-1.002479717135429382e-01
1.926324069499969482e-01
-4.507600143551826477e-02
1.466422379016876221e-01
4.376911092549562454e-03
-4.121143743395805359e-02
-6.071903929114341736e-02
-2.297536656260490417e-02
4.857266321778297424e-02
-2.441843040287494659e-02
