1.007065176963806152e-03
1.081447000615298748e-03
4.173622131347656250e+00
6.581338238902390003e-04
5.331669002771377563e-03
5.259058438241481781e-03
5.355622768402099609e-01
6.806611418724060059e-01
5.532373785972595215e-01
5.609545111656188965e-01
-1.050700306892395020e+00
-7.958716154098510742e-01
-8.949204087257385254e-01
-7.330946922302246094e-01
-1.505596190690994263e-01
-2.916696539614349604e-04
-8.779934723861515522e-04
-2.920159022323787212e-04
1.310280549660092220e-05
5.413719918578863144e-04
2.412036883470136672e-05
