7.945335656404495239e-02
6.095351651310920715e-02
-8.653605356812477112e-03
-1.190276518464088440e-01
-2.740066498517990112e-03
-1.774820536375045776e-01
-3.083645999431610107e-01
-1.104483082890510559e-01
-1.488128155469894409e-01
-1.241782829165458679e-01
-6.117570772767066956e-02
3.221008554100990295e-02
1.726802587509155273e-01
3.304192423820495605e-01
3.680488169193267822e-01
5.352913737297058105e-01
6.392673254013061523e-01
3.898382484912872314e-01
4.499369561672210693e-01
4.054904878139495850e-01
3.327499330043792725e-01
2.339986115694046021e-01
1.673311442136764526e-01
1.414271444082260132e-01
1.291644424200057983e-01
3.713759779930114746e-02
-3.761400282382965088e-02
3.870895307045429945e-04
-9.547124616801738739e-03
1.103588342666625977e-01
2.341831624507904053e-01
1.402264535427093506e-01
-1.723169535398483276e-01
