-5.628066901408601552e-06
6.079059094190597534e-04
-5.636951027554459870e-05
9.389186743646860123e-06
3.728090814547613263e-05
-1.668765180511400104e-04
5.292900605127215385e-04
-2.018312225118279457e-04
-4.768350045196712017e-04
-1.511570590082556009e-04
-7.511492003686726093e-04
3.737552642822265625e+00
1.175781799247488379e-04
5.254871794022619724e-04
-2.881724212784320116e-04
-8.273331332020461559e-04
2.860889362636953592e-04
-1.280126860365271568e-03
9.448897908441722393e-04
3.344587748870253563e-03
-3.753865312319248915e-04
5.033689085394144058e-03
6.445763111114501953e-01
7.387228012084960938e-01
8.344576358795166016e-01
7.727646827697753906e-01
1.065884351730346680e+00
3.649064898490905762e-01
1.285542696714401245e-01
-3.464184934273362160e-03
-5.202022790908813477e-01
-2.623592317104339600e-01
-5.625926852226257324e-01
-2.998312413692474365e-01
-1.769027207046747208e-03
1.439595371484756470e-01
6.421578526496887207e-01
7.681270241737365723e-01
9.002340435981750488e-01
8.630902767181396484e-01
4.378979504108428955e-01
-6.086333189159631729e-03
-4.854428407270461321e-04
-1.439902407582849264e-04
2.429914660751819611e-03
-1.207548659294843674e-03
-4.500692367553710938e+00
-5.962100112810730934e-04
-7.660717237740755081e-04
-7.068596314638853073e-04
5.888846935704350471e-04
-1.053900807164609432e-03
-3.688122669700533152e-04
-1.219639321789145470e-03
-1.012656139209866524e-03
6.700469530187547207e-04
-3.086627475568093359e-05
-4.482249278225935996e-05
-5.464858259074389935e-04
-3.096311702392995358e-04
-7.483161753043532372e-04
5.821806262247264385e-04
-6.306204886641353369e-05
-3.692385507747530937e-04
-1.845193196459149476e-06
