4.018596187233924866e-02
3.082910366356372833e-02
-4.376825410872697830e-03
1.702454872429370880e-02
3.267636895179748535e-02
7.645522058010101318e-02
-9.537496417760848999e-02
-6.060312315821647644e-02
-8.836120367050170898e-02
-1.408705562353134155e-01
9.255686774849891663e-03
-8.973524719476699829e-02
1.995760202407836914e-02
8.398654311895370483e-02
1.944062672555446625e-02
-1.251448243856430054e-01
-4.439643397927284241e-02
7.902918010950088501e-02
5.357029382139444351e-03
3.422723338007926941e-02
-1.307093352079391479e-01
-5.352424085140228271e-02
-7.827436551451683044e-03
1.241518110036849976e-01
-7.703063078224658966e-03
3.532589226961135864e-02
3.376817703247070312e-02
4.007635265588760376e-02
1.012296508997678757e-02
1.097094640135765076e-02
5.392120406031608582e-02
2.108762040734291077e-02
7.696184329688549042e-03
2.062320709228515625e-02
3.519481793045997620e-02
3.163301199674606323e-02
1.774497888982295990e-02
3.660852462053298950e-02
1.939129643142223358e-02
2.799913287162780762e-02
1.834989408962428570e-03
8.523706346750259399e-03
2.162173390388488770e-02
1.332189235836267471e-02
2.494728565216064453e-02
1.030181162059307098e-02
1.533302012830972672e-02
7.133255712687969208e-03
4.401046317070722580e-03
8.448391221463680267e-03
-1.801641541533172131e-03
1.840079494286328554e-05
-4.034825600683689117e-03
-8.052998222410678864e-03
-1.834202744066715240e-02
-2.611482515931129456e-02
-3.694621846079826355e-02
-3.800802305340766907e-02
-5.522199720144271851e-02
-8.021900802850723267e-02
-1.158473864197731018e-01
-1.256319582462310791e-01
-1.862822175025939941e-01
1.056865379214286804e-01
-8.770167827606201172e-01
4.048554897308349609e-01
2.230517864227294922e-01
1.137845888733863831e-01
7.911144942045211792e-02
3.754806146025657654e-02
3.536488115787506104e-02
1.167784072458744049e-02
5.420799832791090012e-03
-4.825247742701321840e-04
-6.014975719153881073e-03
-7.588865235447883606e-03
-2.135612443089485168e-02
-7.134790066629648209e-03
-2.376623637974262238e-02
-1.897096447646617889e-02
-2.359567210078239441e-02
-2.130556292831897736e-02
-1.384709123522043228e-02
-1.927861198782920837e-02
-2.417251653969287872e-02
-2.407569251954555511e-02
-1.859913766384124756e-02
-1.588830351829528809e-02
-3.014481067657470703e-02
-4.547239094972610474e-02
-1.803475432097911835e-02
-7.500868290662765503e-03
-4.596264287829399109e-02
-2.513673156499862671e-02
-1.761259324848651886e-02
-1.966991089284420013e-02
-3.444824740290641785e-02
-1.838840544223785400e-03
-5.044281482696533203e-03
-1.690769754350185394e-02
-2.957362215965986252e-03
-6.492128223180770874e-02
-3.347533568739891052e-02
-5.736525356769561768e-02
-4.317353293299674988e-02
1.033255457878112793e-01
8.361741155385971069e-02
-5.494681745767593384e-02
-1.974541228264570236e-03
-8.788234740495681763e-02
-1.872563734650611877e-02
-4.113747179508209229e-02
4.087871313095092773e-02
-1.171591505408287048e-01
9.900332987308502197e-02
-1.653213202953338623e-01
2.981973066926002502e-02
-1.174901947379112244e-01
4.689488094300031662e-03
-7.907744497060775757e-02
1.372338645160198212e-02
1.653350889682769775e-02
-2.462502755224704742e-02
1.535930335521697998e-01
6.835947278887033463e-03
9.076762013137340546e-03
3.765579313039779663e-02
-6.473934277892112732e-03
1.023687794804573059e-01
