6.571433623321354389e-04
-1.706826697045471519e-05
-9.072425309568643570e-04
-2.427688596071675420e-04
7.579200319014489651e-04
1.550097367726266384e-03
-5.209555849432945251e-03
1.557859033346176147e-01
1.132407426834106445e+00
6.422623395919799805e-01
-6.452944874763488770e-01
-7.079004645347595215e-01
6.648394465446472168e-02
1.283888220787048340e+00
2.760478973388671875e+00
1.902927279472351074e+00
9.094852139241993427e-04
-7.090294966474175453e-04
1.141690416261553764e-03
-1.179551007226109505e-03
5.937570822425186634e-04
