-1.178384525701403618e-03
-5.949640762992203236e-05
1.155934645794332027e-03
3.378881083335727453e-04
6.851051002740859985e-04
4.029668343719094992e-04
3.881818847730755806e-04
6.860353751108050346e-04
-2.776972833089530468e-04
1.961208326974883676e-04
-6.559365428984165192e-04
8.813081658445298672e-04
-2.967128530144691467e-04
6.874366663396358490e-04
1.372352126054465771e-04
-4.833926213905215263e-04
1.080379122868180275e-03
-9.383487049490213394e-04
-2.131904475390911102e-04
1.765922307968139648e+00
-4.509738937485963106e-04
9.396034292876720428e-04
1.629534177482128143e-03
1.617272966541349888e-03
-6.197125315666198730e-01
-5.674337148666381836e-01
-8.203203082084655762e-01
-6.180686950683593750e-01
-5.493799448013305664e-01
-3.804000020027160645e-01
-3.392371907830238342e-02
2.177964597940444946e-01
4.235329926013946533e-01
5.705025196075439453e-01
3.778858184814453125e-01
2.103262096643447876e-01
-1.023661997169256210e-02
-8.228334784507751465e-02
-1.202077627182006836e+00
-7.950952053070068359e-01
-1.424108386039733887e+00
-1.504302620887756348e+00
-1.934667944908142090e+00
-3.686972379684448242e+00
1.796094235032796860e-03
-2.003579167649149895e-03
-1.429706462658941746e-03
-6.264212424866855145e-04
-7.073290762491524220e-04
-7.579969824291765690e-04
-5.296384915709495544e-04
1.134743361035361886e-04
4.939260543324053288e-04
6.285450072027742863e-04
8.448275912087410688e-05
-1.172434072941541672e-03
-3.935032582376152277e-04
3.318567469250410795e-04
-3.466716443654149771e-04
-6.731912726536393166e-04
-2.424592239549383521e-04
1.232298091053962708e-03
-6.575058068847283721e-05
1.031077226798515767e-05
8.148127817548811436e-04
