2.221590578556060791e-01
1.577611207962036133e+00
-1.741581916809082031e+00
2.272818803787231445e+00
-1.951470613479614258e+00
2.833357334136962891e+00
-1.343997120857238770e+00
2.936079263687133789e+00
-5.611610412597656250e-01
2.619149923324584961e+00
-1.090385392308235168e-01
1.683228731155395508e+00
-2.333199083805084229e-01
9.694337248802185059e-01
-3.992342054843902588e-01
5.935496091842651367e-01
-5.702401399612426758e-01
2.605105936527252197e-01
-6.820427179336547852e-01
1.955250203609466553e-01
-6.319838166236877441e-01
1.649275720119476318e-01
-4.244138896465301514e-01
-3.919638693332672119e-02
-5.525693297386169434e-01
-8.272942900657653809e-02
-5.551556348800659180e-01
-3.956112265586853027e-02
-4.731270074844360352e-01
-1.503078490495681763e-01
-4.140201508998870850e-01
-6.540989875793457031e-02
-3.980137705802917480e-01
-8.205763995647430420e-02
-3.628429472446441650e-01
-2.924728393554687500e-01
-2.846203446388244629e-01
-1.360931992530822754e-01
-1.310284584760665894e-01
-3.214968740940093994e-01
-3.268687427043914795e-01
-2.365243285894393921e-01
-3.104715347290039062e-01
-1.788397431373596191e-01
-1.468719094991683960e-01
-2.662376761436462402e-01
4.791174549609422684e-03
-1.370463669300079346e-01
-2.731033563613891602e-01
-1.913171857595443726e-01
-2.344003319740295410e-01
-1.806091666221618652e-01
-2.844714522361755371e-01
-2.663038969039916992e-01
-1.966366469860076904e-01
-1.518542170524597168e-01
-2.887064516544342041e-01
1.090672686696052551e-01
-5.037095025181770325e-02
-1.432859450578689575e-01
-1.673453301191329956e-01
-1.039924323558807373e-01
-4.472512602806091309e-01
-1.879914551973342896e-01
-1.165902093052864075e-01
-2.452806234359741211e-01
-8.013851940631866455e-02
3.554216772317886353e-02
-1.991018503904342651e-01
7.468177378177642822e-02
-7.531809061765670776e-02
4.346493631601333618e-02
-1.650337874889373779e-01
-1.430155523121356964e-02
-1.310100108385086060e-01
-1.152050644159317017e-01
-2.191764712333679199e-01
-3.422649577260017395e-02
-2.018211036920547485e-01
-8.837037533521652222e-02
-1.956386268138885498e-01
3.023444907739758492e-03
-8.117092773318290710e-03
-1.163015291094779968e-01
-1.767109781503677368e-01
-3.825206309556961060e-02
1.774348132312297821e-02
-7.541426271200180054e-02
3.199306502938270569e-02
-2.183427810668945312e-01
3.193067386746406555e-02
-2.233142554759979248e-01
-4.994188621640205383e-02
2.616373822093009949e-02
-1.810084283351898193e-01
-1.390326768159866333e-01
-1.903170198202133179e-01
-1.470065265893936157e-01
-1.268697232007980347e-01
1.495956070721149445e-02
-7.987745106220245361e-02
-1.636777445673942566e-02
-1.701723039150238037e-01
-1.675236821174621582e-01
-6.339425593614578247e-02
-2.466298080980777740e-02
-3.721124306321144104e-02
-1.121189817786216736e-02
-1.365964561700820923e-01
-1.628263145685195923e-01
-1.052766386419534683e-02
1.469686925411224365e-01
-1.750999391078948975e-01
-1.407269984483718872e-01
-8.737495541572570801e-02
1.703817397356033325e-02
-1.235156282782554626e-01
-4.112409427762031555e-02
1.500658970326185226e-02
-9.059626609086990356e-02
-6.986728310585021973e-02
-9.911865741014480591e-02
1.135331951081752777e-02
-1.300747692584991455e-01
-4.001858085393905640e-02
5.950198322534561157e-02
-9.665456600487232208e-03
-6.891699880361557007e-02
-4.871399141848087311e-03
