-2.283078432083129883e-01
7.959730178117752075e-02
2.565572857856750488e-01
7.111850380897521973e-02
1.475168913602828979e-01
-6.460896879434585571e-02
1.389371603727340698e-02
9.408201277256011963e-02
-1.110860612243413925e-02
5.236437916755676270e-02
4.035616666078567505e-02
1.893257498741149902e-01
-4.084593802690505981e-02
-1.374246901832520962e-03
1.006399020552635193e-01
1.004443690180778503e-02
2.883614413440227509e-02
2.243902347981929779e-02
5.721000209450721741e-02
7.106231153011322021e-02
6.734399497509002686e-02
7.009109109640121460e-02
5.433004721999168396e-02
6.034235283732414246e-02
4.971060529351234436e-02
3.604812920093536377e-02
1.416377071291208267e-02
-3.851216658949851990e-02
-9.354151040315628052e-02
-2.263026237487792969e-01
-4.026367962360382080e-01
7.010662555694580078e-01
-5.715267062187194824e-01
4.079305529594421387e-01
2.462196499109268188e-01
1.294761151075363159e-01
5.388434231281280518e-02
8.836459368467330933e-03
-2.195531129837036133e-02
-4.284121841192245483e-02
-4.092610254883766174e-02
-4.452551156282424927e-02
-6.257492303848266602e-02
-5.548356100916862488e-02
-6.162567064166069031e-02
-4.835418239235877991e-02
-4.106763750314712524e-02
-7.738451659679412842e-02
-2.168793464079499245e-03
-1.116577908396720886e-01
-1.394334714859724045e-02
7.394420355558395386e-02
5.136222764849662781e-02
-7.877476513385772705e-02
6.495428085327148438e-02
1.338592469692230225e-01
1.139582470059394836e-01
2.167069166898727417e-02
-4.908579215407371521e-02
-1.847072094678878784e-01
1.448435429483652115e-02
-2.438995800912380219e-02
1.151154562830924988e-01
1.822469681501388550e-01
-2.310713976621627808e-01
