-1.122528091073036194e-01
-1.450090169906616211e+00
3.360092878341674805e+00
-3.628677725791931152e-01
2.744942665100097656e+00
3.834949254989624023e+00
1.950667381286621094e+00
5.770734278485178947e-04
-1.617138856090605259e-03
-1.178337610326707363e-03
5.444273352622985840e-01
-4.419425502419471741e-02
-5.165870785713195801e-01
-2.603443562984466553e-01
1.781971454620361328e-01
-1.710754930973052979e-01
-5.910111665725708008e-01
4.555354714393615723e-01
2.595117092132568359e-01
-2.298460006713867188e-01
-4.338707923889160156e-01
8.216761797666549683e-02
5.011811256408691406e-01
3.017997369170188904e-04
-1.553858892293646932e-04
7.083384692668914795e-02
2.207160741090774536e-01
3.590867817401885986e-01
1.024246230372227728e-04
4.174349363893270493e-03
3.805398941040039062e-01
-2.652728557586669922e-01
-3.210043609142303467e-01
