1.303796172142028809e-01
1.029366493225097656e+00
-3.023285150527954102e+00
1.880120992660522461e+00
-3.261617660522460938e+00
2.251324653625488281e+00
-3.176260709762573242e+00
2.467858791351318359e+00
-2.930387973785400391e+00
2.112851858139038086e+00
-2.791424751281738281e+00
1.714349746704101562e+00
-2.074952363967895508e+00
1.295806527137756348e+00
-1.751926541328430176e+00
9.891256690025329590e-01
-1.377075910568237305e+00
7.542861700057983398e-01
-1.227318286895751953e+00
8.444209694862365723e-01
-9.745453596115112305e-01
4.580926299095153809e-01
-9.149240255355834961e-01
3.977509438991546631e-01
-8.585989475250244141e-01
3.313430547714233398e-01
-7.236282229423522949e-01
3.261576592922210693e-01
-4.905832409858703613e-01
2.785724997520446777e-01
-4.135774075984954834e-01
1.957158744335174561e-01
-3.110882639884948730e-01
2.418086975812911987e-01
-3.031253516674041748e-01
2.210737615823745728e-01
-1.973711997270584106e-01
9.524422883987426758e-02
-3.232347369194030762e-01
1.629844009876251221e-01
-1.325164735317230225e-01
2.534942515194416046e-02
-8.000103384256362915e-02
5.796682834625244141e-02
6.132898107171058655e-02
8.236205577850341797e-02
-9.950700215995311737e-03
-6.331507861614227295e-02
-1.689659059047698975e-01
5.204594507813453674e-02
-1.216805055737495422e-01
-3.037837333977222443e-02
2.999692037701606750e-02
-3.954059630632400513e-02
-1.457318663597106934e-01
-1.101846322417259216e-01
3.065115772187709808e-02
-9.406889975070953369e-02
7.675524801015853882e-02
-7.098738104104995728e-02
-6.023311521857976913e-03
-5.620177090167999268e-02
4.138295352458953857e-02
6.416518986225128174e-02
1.018545217812061310e-02
2.242399007081985474e-01
1.970630325376987457e-02
1.300538703799247742e-02
5.584505945444107056e-02
-8.635967224836349487e-02
-8.396928757429122925e-02
4.291121661663055420e-02
-9.105465561151504517e-02
1.863953284919261932e-02
-4.015986993908882141e-02
-6.621098518371582031e-02
-1.355227231979370117e-01
8.596182614564895630e-02
1.284266561269760132e-01
-7.499969005584716797e-02
5.198585614562034607e-02
7.505730725824832916e-03
-3.054233267903327942e-02
-7.660225033760070801e-02
-3.974588215351104736e-02
-1.111709177494049072e-01
-5.478655546903610229e-02
-6.255213916301727295e-02
8.433752506971359253e-02
-1.100879684090614319e-01
-9.775169193744659424e-03
-1.742674224078655243e-02
3.258739598095417023e-03
-2.043144851922988892e-01
5.654831230640411377e-02
-1.064095869660377502e-01
4.356207698583602905e-02
2.953949011862277985e-02
-3.546141833066940308e-02
-1.475615203380584717e-01
4.490191489458084106e-02
1.304556801915168762e-02
1.680771857500076294e-01
-1.045392379164695740e-01
7.339547574520111084e-02
-1.136749237775802612e-01
4.164853692054748535e-02
1.212066188454627991e-01
1.964913606643676758e-01
-7.514973729848861694e-02
1.924488879740238190e-02
-6.201692298054695129e-02
7.731635868549346924e-02
1.168678998947143555e-01
2.106339437887072563e-03
-1.001422256231307983e-01
-3.845820203423500061e-02
-2.972985245287418365e-02
-3.920392598956823349e-03
-7.442206144332885742e-02
3.526670858263969421e-02
1.169340610504150391e-01
7.037003338336944580e-02
1.629220787435770035e-05
7.010617852210998535e-02
1.127888634800910950e-01
4.267066344618797302e-02
-6.648708134889602661e-02
-2.879054099321365356e-02
