6.942491233348846436e-02
6.045165061950683594e-01
-5.417076945304870605e-01
5.340263247489929199e-01
-4.256650209426879883e-01
7.951319217681884766e-02
-5.562716722488403320e-01
6.399300694465637207e-01
-4.207146763801574707e-01
1.430307477712631226e-01
-3.889775872230529785e-01
-2.249541925266385078e-03
-4.017274677753448486e-01
-2.542138099670410156e-01
-9.311176836490631104e-02
-2.888316512107849121e-01
4.012706279754638672e-01
-2.912051975727081299e-02
1.123891491442918777e-02
1.296684145927429199e-02
-1.192053556442260742e-01
