-6.965379579924046993e-04
5.086625242256559432e-05
1.817817330360412598e+00
-5.168860079720616341e-04
-7.440928602591156960e-04
1.090729259885847569e-03
2.438870429992675781e+00
6.924636545591056347e-04
8.863643597578629851e-05
1.222829683683812618e-03
8.239986491389572620e-04
6.953106494620442390e-04
6.924276240170001984e-04
3.051056701224297285e-04
-8.234934648498892784e-04
3.165475791320204735e-04
-8.222755277529358864e-04
1.827641681302338839e-04
6.966636283323168755e-04
2.366773260291665792e-04
-7.009096443653106689e-04
-1.477944897487759590e-03
4.084508121013641357e-02
5.524791777133941650e-04
-4.456649185158312321e-05
-3.162361463182605803e-05
-2.159521973226219416e-04
-3.649229183793067932e-04
2.538697235286235809e-02
1.130850426852703094e-02
-2.291900105774402618e-03
3.294605761766433716e-02
2.582363784313201904e-02
2.183934859931468964e-02
4.638050217181444168e-03
1.696507446467876434e-02
1.728792488574981689e-02
8.564288727939128876e-03
2.069724164903163910e-02
2.118376456201076508e-02
1.589346490800380707e-02
1.680124551057815552e-02
3.088998049497604370e-02
9.294134564697742462e-03
1.952636428177356720e-02
1.912794075906276703e-02
2.932262606918811798e-02
1.832109689712524414e-02
2.055363729596138000e-02
1.823437027633190155e-02
1.849138736724853516e-02
1.365566346794366837e-02
1.201345957815647125e-02
1.044958550482988358e-02
1.044318918138742447e-02
4.668702371418476105e-03
-2.588522853329777718e-03
-4.881331697106361389e-03
-1.551064942032098770e-02
-3.708399832248687744e-02
-6.730965524911880493e-02
-1.650528162717819214e-01
-3.730813264846801758e-01
9.785831570625305176e-01
5.474435091018676758e-01
-8.986566215753555298e-02
1.307100057601928711e-02
3.422835096716880798e-02
4.510778188705444336e-02
3.390639647841453552e-02
3.834675624966621399e-02
3.396275267004966736e-02
3.046974912285804749e-02
2.879552729427814484e-02
2.629827708005905151e-02
1.284162513911724091e-02
1.330253668129444122e-02
1.750335842370986938e-02
1.356681343168020248e-02
1.138295978307723999e-02
-1.610448467545211315e-03
-3.067732555791735649e-03
-5.963528063148260117e-03
-1.383436564356088638e-02
-5.846060346812009811e-03
-1.058621704578399658e-02
-1.844544778577983379e-03
-1.252573635429143906e-02
-1.505165640264749527e-02
-1.564039848744869232e-02
-6.009743665345013142e-04
-2.848611958324909210e-02
-8.106284076347947121e-04
-1.486355531960725784e-02
-2.002625167369842529e-02
8.240793831646442413e-03
-3.695104643702507019e-02
-3.920827060937881470e-03
-1.163887698203325272e-02
2.736472059041261673e-03
-2.376580960117280483e-04
-2.347605368413496763e-05
-3.062729351222515106e-02
5.985968746244907379e-04
-3.039294097106903791e-04
3.209896676708012819e-04
1.991736098716501147e-06
6.707687862217426300e-05
-6.922861211933195591e-04
7.006575469858944416e-04
-7.029440021142363548e-04
-1.595770823769271374e-03
9.475146362092345953e-05
-1.107457326725125313e-03
7.016732706688344479e-04
1.089306548237800598e-03
5.892265471629798412e-05
-1.283488469198346138e-03
7.008389802649617195e-04
1.956944743142230436e-06
1.775672078132629395e+00
-4.179148527327924967e-05
1.044997363351285458e-03
2.344539403915405273e+00
6.926727364771068096e-04
-3.194019373040646315e-04
-9.997155666351318359e-01
7.830216782167553902e-04
-5.736028542742133141e-04
