8.740773797035217285e-02
9.458420872688293457e-01
-1.038461565971374512e+00
8.629620075225830078e-01
-9.709845781326293945e-01
9.814251661300659180e-01
-1.112582564353942871e+00
8.796811103820800781e-01
-1.111102938652038574e+00
-1.215476512908935547e+00
-1.105033874511718750e+00
-1.153318881988525391e+00
-1.181286811828613281e+00
1.096019625663757324e+00
-1.183740615844726562e+00
-1.089697241783142090e+00
6.984283328056335449e-01
-8.797019124031066895e-01
8.442405462265014648e-01
7.987037897109985352e-01
6.763586997985839844e-01
-5.436789393424987793e-01
-1.533927675336599350e-02
5.619849562644958496e-01
-7.950863242149353027e-02
-1.886503696441650391e-01
3.075065091252326965e-02
-1.353034004569053650e-02
4.440229851752519608e-03
7.262272387742996216e-02
2.789883613586425781e-01
9.607920050621032715e-02
-1.303424835205078125e-01
