1.154829785227775574e-01
-7.738332152366638184e-01
-3.049581766128540039e+00
-6.580058932304382324e-01
-3.012799978256225586e+00
-3.737668395042419434e-01
-2.407229900360107422e+00
-2.090254575014114380e-01
-1.970582604408264160e+00
3.901744186878204346e-01
-1.484892964363098145e+00
2.962674200534820557e-01
-1.078614950180053711e+00
3.721349537372589111e-01
-8.893965482711791992e-01
4.131882190704345703e-01
-3.071640133857727051e-01
7.228341698646545410e-02
-7.557829618453979492e-01
-5.219027400016784668e-03
-2.388172745704650879e-01
1.162658035755157471e-01
-2.395826429128646851e-01
1.417036801576614380e-01
3.823278099298477173e-02
-1.173442155122756958e-01
-1.174627691507339478e-01
-1.468295007944107056e-01
-9.866222739219665527e-02
7.615263108164072037e-03
1.179164499044418335e-01
2.412453740835189819e-01
3.238020837306976318e-02
-6.855911761522293091e-02
-1.272556930780410767e-01
-1.576698571443557739e-01
-2.823208272457122803e-01
-1.420543193817138672e-01
-4.050425067543983459e-02
-2.635548412799835205e-01
1.596417278051376343e-01
6.292911618947982788e-02
7.032629102468490601e-02
-1.165264397859573364e-01
-8.932923898100852966e-03
-6.571270525455474854e-02
2.978090196847915649e-02
-1.727723181247711182e-01
4.014086909592151642e-03
-2.070708870887756348e-01
1.387759298086166382e-01
5.754906684160232544e-03
-2.396855317056179047e-02
-1.649259328842163086e-01
1.731613725423812866e-01
-1.415440142154693604e-01
2.230595797300338745e-01
-8.543775230646133423e-02
1.770856827497482300e-01
-3.502954915165901184e-02
-1.083750277757644653e-02
-9.916079789400100708e-02
7.255628239363431931e-03
1.109745446592569351e-02
5.605024285614490509e-03
