-9.396908571943640709e-04
8.486323640681803226e-04
-1.016850932501256466e-03
-4.145762068219482899e-05
8.351095020771026611e-04
6.454022950492799282e-04
3.284487009048461914e+00
-2.533085346221923828e-01
-8.562764525413513184e-01
-1.046183466911315918e+00
8.936199545860290527e-01
6.910352706909179688e-01
-2.090419875457882881e-03
-2.879403352737426758e+00
-9.648135346651542932e-06
-2.856270002666860819e-04
-1.217022072523832321e-03
-9.608099353499710560e-04
2.646378998178988695e-04
-6.283606635406613350e-04
-3.073712287005037069e-04
