-1.620625406503677368e-01
5.650152266025543213e-02
1.821151822805404663e-01
5.048291385173797607e-02
1.047137230634689331e-01
-4.586217552423477173e-02
9.862345643341541290e-03
6.678338348865509033e-02
-7.885358296334743500e-03
-3.602104634046554565e-02
9.446225315332412720e-02
1.623690128326416016e-01
-2.327530272305011749e-02
-8.911018073558807373e-02
1.475370675325393677e-01
-7.321893237531185150e-03
9.374610334634780884e-02
-1.503503918647766113e-01
1.325148344039916992e-01
1.062341220676898956e-02
-2.279359661042690277e-02
5.490108858793973923e-03
-1.206622272729873657e-01
1.144155561923980713e-01
1.176062822341918945e-01
2.407194487750530243e-02
-1.151619479060173035e-02
-4.600115492939949036e-02
3.770711645483970642e-02
2.231589145958423615e-02
1.338541507720947266e-02
-1.051002554595470428e-02
4.072616994380950928e-02
2.789340168237686157e-02
-2.669074945151805878e-02
2.679713652469217777e-04
-7.107697892934083939e-03
-8.938808925449848175e-03
-9.765086695551872253e-03
-2.812029421329498291e-02
-2.224718779325485229e-02
-2.956578880548477173e-02
-1.350226812064647675e-02
-1.942502893507480621e-02
-2.719441801309585571e-02
-1.167174801230430603e-02
-1.359588839113712311e-02
-2.799938805401325226e-02
-2.791273035109043121e-02
-2.412150055170059204e-02
-1.184607297182083130e-02
-2.322655543684959412e-02
-2.472861856222152710e-02
-2.722510695457458496e-02
-2.750435285270214081e-02
-2.646650932729244232e-02
-1.390985399484634399e-02
-1.752400957047939301e-02
-2.247965335845947266e-02
-8.711308240890502930e-03
4.173674155026674271e-03
5.127986893057823181e-02
1.570635139942169189e-01
-6.670644879341125488e-01
-8.270834684371948242e-01
2.969299256801605225e-01
1.228174790740013123e-01
5.401667952537536621e-02
3.315306454896926880e-02
4.539538174867630005e-03
5.155815742909908295e-03
-1.258890423923730850e-02
-5.898429080843925476e-03
-9.743459522724151611e-03
-2.253466751426458359e-03
-1.774845086038112640e-02
-1.699311472475528717e-02
-2.140584588050842285e-02
-2.023115009069442749e-02
-2.240867912769317627e-02
-2.126143127679824829e-02
-9.147392585873603821e-03
-1.832581870257854462e-02
-2.243299037218093872e-02
-1.883349940180778503e-02
-1.365199871361255646e-02
-9.676084853708744049e-03
-1.647583767771720886e-02
1.209577239933423698e-04
-6.188007537275552750e-03
2.245637215673923492e-02
-5.428048782050609589e-03
1.352706924080848694e-03
8.276011794805526733e-03
1.347235310822725296e-02
3.452668199315667152e-03
2.127059124177321792e-04
2.471336722373962402e-02
-1.479025557637214661e-02
2.387812174856662750e-02
3.083169087767601013e-02
3.519989922642707825e-02
-6.473518162965774536e-02
-4.184562712907791138e-02
-6.988986581563949585e-02
-9.046717733144760132e-02
8.802922070026397705e-02
-5.520607158541679382e-02
-9.399774670600891113e-02
-2.234860062599182129e-01
-6.488010287284851074e-02
9.513975679874420166e-02
1.584830135107040405e-01
-7.738491147756576538e-02
2.181333675980567932e-02
3.339936211705207825e-02
-2.241683192551136017e-02
-9.935970418155193329e-03
4.487546905875205994e-02
-1.404466293752193451e-02
3.041873313486576080e-02
-2.966047264635562897e-02
4.257271438837051392e-02
-8.507465571165084839e-02
-2.852566167712211609e-02
-2.172406613826751709e-01
1.531927138566970825e-01
-2.582463063299655914e-02
-1.171023026108741760e-01
