7.885724306106567383e-02
-7.020516395568847656e-01
-7.039162516593933105e-01
-8.678435087203979492e-01
-8.892031908035278320e-01
-6.373901963233947754e-01
-6.485274434089660645e-01
1.025258302688598633e+00
-8.124657869338989258e-01
1.248467206954956055e+00
9.825784564018249512e-01
-9.515122771263122559e-01
-8.845530748367309570e-01
-9.798783576115965843e-04
-9.203202128410339355e-01
9.212128520011901855e-01
1.097153902053833008e+00
-2.925392938777804375e-03
-8.755683302879333496e-01
-6.021015644073486328e-01
-1.035769462585449219e+00
-3.202839940786361694e-02
-1.697312146425247192e-01
-4.678629040718078613e-01
-1.482393145561218262e-01
4.102018475532531738e-01
7.177658379077911377e-02
-1.483319792896509171e-03
-5.184924229979515076e-02
8.202976733446121216e-02
1.113322447054088116e-03
-7.269533723592758179e-02
1.533414702862501144e-02
