-1.112762242555618286e-01
-9.242970943450927734e-01
2.793820381164550781e+00
2.515449374914169312e-02
2.428477287292480469e+00
1.789167076349258423e-01
1.664010763168334961e+00
2.099741622805595398e-02
1.068639278411865234e+00
1.063367277383804321e-01
2.868066728115081787e-01
9.882935881614685059e-02
-3.571558743715286255e-02
1.008286625146865845e-01
-8.788474369794130325e-04
-4.957569763064384460e-02
1.270999759435653687e-01
1.731343567371368408e-01
-1.194203272461891174e-01
3.876038640737533569e-02
-3.735288381576538086e-01
-1.823982223868370056e-02
-1.414858400821685791e-01
-8.338245749473571777e-02
9.562770277261734009e-02
1.298609972000122070e-01
6.788387894630432129e-02
-3.447590470314025879e-01
-1.003727167844772339e-01
-6.639771163463592529e-02
3.280725330114364624e-02
1.325714588165283203e-01
5.849111080169677734e-02
