5.175694823265075684e-01
5.395472645759582520e-01
-1.846068516897503287e-05
5.886964201927185059e-01
5.343514084815979004e-01
5.092992782592773438e-01
-5.284659862518310547e-01
-5.020297765731811523e-01
-5.205358266830444336e-01
-5.913863778114318848e-01
-1.104395050788298249e-05
-5.226029157638549805e-01
5.733882188796997070e-01
5.124500989913940430e-01
5.647975206375122070e-01
-5.723585486412048340e-01
5.704038739204406738e-01
6.988305249251425266e-04
5.302190184593200684e-01
-4.404512345790863037e-01
-1.141521730460226536e-03
-1.660034875385463238e-03
4.902130961418151855e-01
6.281744837760925293e-01
4.316603839397430420e-01
6.191924810409545898e-01
4.212202429771423340e-01
4.946298301219940186e-01
-3.804166242480278015e-02
-4.305629432201385498e-01
-3.168992400169372559e-01
-4.940027594566345215e-01
-4.091177284717559814e-01
-4.023645520210266113e-01
2.875259220600128174e-01
3.932547569274902344e-01
5.418699979782104492e-01
2.620148062705993652e-01
4.170523583889007568e-01
5.901493430137634277e-01
2.453742921352386475e-01
1.047097379341721535e-03
2.123528829542919993e-04
-2.654773124959319830e-04
-6.678774370811879635e-04
3.664035201072692871e-01
5.206232070922851562e-01
4.757367968559265137e-01
5.772843360900878906e-01
-5.063824057579040527e-01
-5.050942301750183105e-01
-5.024916529655456543e-01
5.541794896125793457e-01
6.113974452018737793e-01
5.224325060844421387e-01
5.201273560523986816e-01
-5.031436085700988770e-01
-5.035362839698791504e-01
-5.779290795326232910e-01
-5.196237564086914062e-01
5.381810665130615234e-01
-5.705072283744812012e-01
5.522869825363159180e-01
-5.347883701324462891e-01
-5.056411027908325195e-01
