-2.807169854640960693e-01
2.195989489555358887e-01
4.031533375382423401e-02
1.074959933757781982e-01
1.043391227722167969e-01
2.384263426065444946e-01
7.684767246246337891e-02
-2.831084132194519043e-01
3.664458915591239929e-02
-1.364240497350692749e-01
-4.395088553428649902e-02
1.698400080204010010e-02
1.462935507297515869e-01
1.951478235423564911e-02
-1.571812294423580170e-02
-1.322883763350546360e-03
-4.561449866741895676e-03
9.038629010319709778e-03
-1.874526031315326691e-02
-3.862824989482760429e-03
1.425865013152360916e-02
6.768877152353525162e-03
4.227454960346221924e-02
5.731648206710815430e-02
5.923750251531600952e-02
8.211766183376312256e-02
8.478945493698120117e-02
8.175310492515563965e-02
5.912837758660316467e-02
-1.995318569242954254e-02
-1.600385159254074097e-01
8.558034896850585938e-01
5.268995165824890137e-01
4.263271018862724304e-02
1.153455376625061035e-01
1.297907978296279907e-01
1.286704391241073608e-01
1.176820024847984314e-01
1.113601997494697571e-01
8.407230675220489502e-02
6.811755150556564331e-02
3.791449591517448425e-02
3.411680832505226135e-02
8.533973246812820435e-03
9.558252990245819092e-03
4.694664385169744492e-03
-2.451534010469913483e-02
-5.140539631247520447e-02
-5.186548829078674316e-02
-5.944288894534111023e-02
-2.146844193339347839e-02
-7.846058905124664307e-02
-3.642231598496437073e-02
-2.866890467703342438e-02
-6.649785488843917847e-02
-2.440193593502044678e-01
-1.565858125686645508e-01
-2.991645783185958862e-02
-8.681453019380569458e-02
-2.014823257923126221e-01
3.121715597808361053e-02
-7.783117890357971191e-02
-6.387342512607574463e-02
-1.354997307062149048e-01
-1.148990318179130554e-01
