-1.002168729901313782e-01
1.244319677352905273e+00
9.058516621589660645e-01
7.859349250793457031e-01
-9.591668844223022461e-01
9.760946631431579590e-01
1.053741097450256348e+00
9.625160098075866699e-01
-9.934620857238769531e-01
9.953220486640930176e-01
1.016501784324645996e+00
-1.067067503929138184e+00
2.453962515573948622e-04
4.038270271848887205e-04
-9.927884936332702637e-01
9.949826598167419434e-01
7.567853899672627449e-04
-8.958079218864440918e-01
9.767388701438903809e-01
8.254117369651794434e-01
5.706273950636386871e-04
1.352725271135568619e-02
-6.398748755455017090e-01
-4.432212412357330322e-01
-7.549267411231994629e-01
1.982987113296985626e-02
-5.971895456314086914e-01
1.760126650333404541e-02
5.340029597282409668e-01
1.234691473655402660e-03
-7.120118290185928345e-02
3.238975070416927338e-03
1.844087541103363037e-01
