-2.098561235470697284e-04
2.685355901718139648e+00
-2.185535777243785560e-05
4.538577632047235966e-04
-9.692274616099894047e-04
2.056277096271514893e-01
3.843456506729125977e-01
8.721575140953063965e-01
1.494158148765563965e+00
-1.639308482408523560e-01
-1.425529718399047852e+00
4.390999674797058105e-01
1.318886160850524902e+00
7.119807004928588867e-01
1.034810789860785007e-03
5.931431660428643227e-04
2.894691715482622385e-04
-5.010627210140228271e-04
5.246034197625704110e-05
8.433902403339743614e-04
-1.367414370179176331e-03
