-1.194913089275360107e-01
1.649803876876831055e+00
4.288394451141357422e+00
1.255499482154846191e+00
4.667125176638364792e-03
1.420933127403259277e+00
2.048044681549072266e+00
6.184421181678771973e-01
7.526253466494381428e-04
1.024256348609924316e+00
3.082237243652343750e-01
-8.718641102313995361e-02
4.828934906981885433e-04
-1.145605812780559063e-03
-4.355729743838310242e-02
7.462933659553527832e-01
9.435284300707280636e-04
-1.325792968273162842e-01
8.023935556411743164e-01
5.215813517570495605e-01
6.207432015798985958e-04
-6.147342501208186150e-04
-2.910933792591094971e-01
-1.051860600709915161e-01
-6.351049542427062988e-01
-3.228387504350394011e-04
-5.237599611282348633e-01
-2.933274663519114256e-04
4.180682897567749023e-01
-1.446393434889614582e-03
-6.186591833829879761e-02
-7.816643454134464264e-03
9.584449231624603271e-02
