-1.461211889982223511e-01
1.369362473487854004e+00
4.004391193389892578e+00
4.443587660789489746e-01
3.470141887664794922e+00
-3.303697407245635986e-01
1.697126388549804688e+00
-5.594565272331237793e-01
4.649366140365600586e-01
-3.338096141815185547e-01
-2.554529309272766113e-01
-2.811839282512664795e-01
-2.325835675001144409e-01
-3.069180622696876526e-02
-3.077508509159088135e-01
2.004415541887283325e-01
-5.801093578338623047e-01
1.228949204087257385e-01
1.656408309936523438e-01
-1.146063208580017090e-02
1.566536165773868561e-02
