-2.111050486564636230e-01
4.364190995693206787e-01
-7.986676692962646484e-02
-9.734351187944412231e-03
-1.858651638031005859e-01
2.129625082015991211e-01
1.152054518461227417e-01
-1.091913431882858276e-01
-2.937839329242706299e-01
-2.660700678825378418e-01
-2.000813037157058716e-01
-1.727124303579330444e-01
-5.552880838513374329e-02
1.150886192917823792e-01
2.382907271385192871e-01
5.342995524406433105e-01
4.815405309200286865e-01
4.454239010810852051e-01
4.224830269813537598e-01
3.572288453578948975e-01
2.848031818866729736e-01
2.026299685239791870e-01
1.402014195919036865e-01
4.334679991006851196e-02
-7.851522415876388550e-02
2.596220187842845917e-02
-1.185912825167179108e-02
6.510424613952636719e-02
2.438941001892089844e-01
4.419537261128425598e-03
5.773613601922988892e-02
2.805583737790584564e-02
2.127290219068527222e-01
