7.945335656404495239e-02
6.095351651310920715e-02
-8.653605356812477112e-03
1.765159144997596741e-02
1.436031050980091095e-02
4.832608997821807861e-02
-2.647908329963684082e-01
-1.670316159725189209e-01
-1.723038107156753540e-01
-1.605074554681777954e-01
-8.669640868902206421e-02
-1.725400052964687347e-02
1.384156495332717896e-01
3.085713684558868408e-01
3.811019957065582275e-01
3.983891010284423828e-01
6.138054728507995605e-01
3.519475758075714111e-01
4.239639937877655029e-01
3.685283660888671875e-01
3.259905576705932617e-01
1.589711308479309082e-01
1.385190486907958984e-01
1.173696666955947876e-01
8.593812584877014160e-02
-3.145636990666389465e-02
-5.174442008137702942e-02
3.870895307045429945e-04
-9.547124616801738739e-03
1.103588342666625977e-01
2.341831624507904053e-01
1.402264535427093506e-01
-1.723169535398483276e-01
