6.270844605751335621e-04
9.102821350097656250e-04
1.064319978468120098e-03
1.466735266149044037e-04
-1.500862563261762261e-04
-2.530232304707169533e-04
-1.094375969842076302e-03
2.919691723946016282e-05
1.041123905451968312e-04
-1.087933414964936674e-04
-2.774207678157836199e-04
-1.189452668768353760e-04
1.242745667695999146e-03
-8.614784746896475554e-06
5.472419434227049351e-04
1.398079213686287403e-03
-6.202048971317708492e-04
3.287127765361219645e-04
-6.601192872039973736e-04
1.162945191026665270e-04
2.915467135608196259e-03
-5.530031048692762852e-04
4.763926565647125244e-01
4.148502368479967117e-03
3.832588903605937958e-03
-1.337379664182662964e-01
-3.088895678520202637e-01
-4.059344232082366943e-01
-6.674400568008422852e-01
-5.822961926460266113e-01
-3.119431436061859131e-01
-1.331928279250860214e-02
2.041805684566497803e-01
5.087619423866271973e-01
5.119661688804626465e-01
4.463698267936706543e-01
2.053444981575012207e-01
-4.702415317296981812e-03
-2.570867240428924561e-01
-3.744270503520965576e-01
-1.042387604713439941e+00
-1.200456500053405762e+00
-3.848383724689483643e-01
-2.674400568008422852e+00
-8.173223137855529785e-01
-1.234479427337646484e+00
-4.521420955657958984e+00
-2.247672062367200851e-03
-6.332250195555388927e-04
-1.162690605269744992e-04
-1.499787671491503716e-03
-4.349361406639218330e-04
9.288418805226683617e-04
-6.445521721616387367e-04
3.709642332978546619e-04
5.730136181227862835e-04
-4.135790513828396797e-04
-1.356004213448613882e-04
-7.969898870214819908e-04
2.410239685559645295e-04
-6.665703403996303678e-05
-1.133478072006255388e-04
-3.694501647260040045e-04
-2.444438869133591652e-04
-4.797000146936625242e-04
