-1.858110481407493353e-04
1.047541620209813118e-03
3.903458595275878906e+00
7.030020351521670818e-04
-1.016888534650206566e-03
1.528310216963291168e-02
5.397345423698425293e-01
6.696949601173400879e-01
5.789595842361450195e-01
5.686330199241638184e-01
-1.060234308242797852e+00
-8.215737938880920410e-01
-9.320168495178222656e-01
-7.396948337554931641e-01
-1.517662554979324341e-01
-8.190940134227275848e-04
1.093542785383760929e-03
-2.048212336376309395e-04
5.651952596963383257e-05
-1.247303793206810951e-03
3.266195999458432198e-04
