-1.067728251218795776e-01
2.207322865724563599e-01
-4.039505869150161743e-02
-4.923445638269186020e-03
-7.075269520282745361e-02
1.120964735746383667e-01
1.466510742902755737e-01
9.234757721424102783e-02
-1.031795442104339600e-01
1.170303300023078918e-02
5.882709845900535583e-02
-1.687724143266677856e-01
-5.205875728279352188e-03
5.263274069875478745e-03
-2.745544351637363434e-02
1.101793721318244934e-01
8.768327534198760986e-03
-3.044770471751689911e-02
1.786660104990005493e-01
-2.166110426187515259e-01
-6.440803408622741699e-03
-2.690249122679233551e-02
7.308123260736465454e-02
-8.416266739368438721e-02
-1.407082844525575638e-02
3.282564505934715271e-02
-6.750142574310302734e-02
-4.415466450154781342e-03
-6.846228241920471191e-02
9.131229668855667114e-02
-2.889472059905529022e-02
5.738811101764440536e-03
-3.310792520642280579e-02
-3.170417994260787964e-02
-5.129421595484018326e-03
1.542915124446153641e-02
-2.343050204217433929e-02
-1.423276681452989578e-02
-3.043953701853752136e-02
-3.780802711844444275e-03
-2.829128876328468323e-02
-1.282991934567689896e-02
-2.309551090002059937e-02
-1.316077075898647308e-02
-2.800240926444530487e-02
-3.258156031370162964e-02
-2.276936359703540802e-02
-3.487613424658775330e-02
-2.148164995014667511e-02
-3.554813563823699951e-02
-2.859123796224594116e-02
-2.814629115164279938e-02
-2.971483394503593445e-02
-3.753902390599250793e-02
-3.014234267175197601e-02
-2.522877417504787445e-02
-2.365832962095737457e-02
-8.981430903077125549e-03
-8.276954293251037598e-03
1.012574043124914169e-02
2.522092498838901520e-02
8.143725246191024780e-02
1.870284378528594971e-01
-4.212605655193328857e-01
-1.094814538955688477e-01
-1.110224127769470215e-01
-8.309285342693328857e-02
-4.479500278830528259e-02
-2.670896239578723907e-02
-1.425550505518913269e-02
-1.234197150915861130e-02
2.718270756304264069e-03
9.178317268379032612e-04
4.300051834434270859e-03
1.171187777072191238e-02
1.180456578731536865e-02
2.056182362139225006e-02
2.107797749340534210e-02
2.506292425096035004e-02
2.358625270426273346e-02
2.455087192356586456e-02
2.860438637435436249e-02
2.378004975616931915e-02
3.803495317697525024e-02
1.543297246098518372e-02
2.699276804924011230e-02
3.962297737598419189e-02
1.908156275749206543e-02
2.632026560604572296e-02
9.303165599703788757e-03
2.978699654340744019e-02
1.711999997496604919e-02
2.331723272800445557e-02
4.073161259293556213e-02
4.150519520044326782e-02
7.243900559842586517e-03
-1.825441233813762665e-02
4.854182526469230652e-02
-5.535763222724199295e-03
6.006674095988273621e-02
2.678486146032810211e-02
4.058196675032377243e-03
1.817462965846061707e-02
-7.235489785671234131e-02
-1.822294853627681732e-02
7.708877325057983398e-02
-5.483793560415506363e-03
8.849276602268218994e-02
2.612007083371281624e-03
-8.448843844234943390e-03
-1.414239704608917236e-01
-1.889150440692901611e-01
-1.211958229541778564e-01
-1.284901797771453857e-02
1.064072996377944946e-01
-5.082168430089950562e-02
1.162754967808723450e-01
-1.741199046373367310e-01
-9.965485334396362305e-02
7.071404159069061279e-02
-3.448112308979034424e-02
-1.264259666204452515e-01
5.104072019457817078e-02
-4.699131846427917480e-02
4.560784623026847839e-02
-4.241201095283031464e-03
3.315029293298721313e-02
-1.215739026665687561e-01
1.588495075702667236e-01
