7.503513246774673462e-02
7.450234889984130859e-01
-1.342207312583923340e+00
5.436562299728393555e-01
-1.226527571678161621e+00
-3.973994404077529907e-02
-1.245779514312744141e+00
4.070315659046173096e-01
-8.455111384391784668e-01
-7.406643778085708618e-02
-5.540661811828613281e-01
-1.169365346431732178e-01
-4.576297998428344727e-01
-3.032973408699035645e-01
-1.137813329696655273e-01
-3.083657622337341309e-01
3.925629854202270508e-01
-3.685782104730606079e-02
7.581565994769334793e-03
9.313551709055900574e-03
-1.200125515460968018e-01
