9.801517007872462273e-04
-1.068364595994353294e-03
-1.221538521349430084e-03
-1.282606390304863453e-04
-6.469212821684777737e-04
-1.470389892347157001e-03
5.371225997805595398e-04
4.759920702781528234e-04
6.767506129108369350e-04
1.389695680700242519e-03
6.661913939751684666e-04
2.175415465899277478e-05
-1.072684535756707191e-04
4.063811502419412136e-04
7.289282802958041430e-05
8.777580223977565765e-04
6.610460695810616016e-04
9.257670026272535324e-04
5.739330081269145012e-04
-6.059511215426027775e-04
5.824474501423537731e-04
6.026321789249777794e-04
6.808890611864626408e-05
5.502506392076611519e-04
-1.006875885650515556e-03
-4.817222361452877522e-04
2.052790368907153606e-04
-8.956589590525254607e-05
-2.046287991106510162e-04
6.493359687738120556e-04
-7.231862982735037804e-04
-1.737037673592567444e-04
-2.315986494068056345e-04
-2.546524163335561752e-03
-3.065733704715967178e-03
-2.468628343194723129e-03
4.233728349208831787e-01
9.074925910681486130e-04
-5.335957393981516361e-04
1.254939079284667969e+00
1.626282464712858200e-04
1.590673346072435379e-03
2.177769551053643227e-03
3.422109410166740417e-03
-3.807579196291044354e-05
-9.719677473185583949e-05
2.434132853522896767e-03
3.748552175238728523e-03
-8.436075411736965179e-03
-3.206729590892791748e-01
-2.887313365936279297e-01
-4.849326908588409424e-01
-3.979987800121307373e-01
-5.583869218826293945e-01
-5.219717621803283691e-01
-7.391917705535888672e-01
-6.264433264732360840e-01
-5.076908469200134277e-01
-3.867180347442626953e-01
-3.745889067649841309e-01
-1.164215803146362305e-01
-8.758027106523513794e-02
1.997834146022796631e-01
1.446446329355239868e-01
5.278691053390502930e-01
2.982407510280609131e-01
4.111534655094146729e-01
5.355420112609863281e-01
4.734998047351837158e-01
3.262885212898254395e-01
3.473167121410369873e-01
2.186225801706314087e-01
3.406462026759982109e-03
-1.117350906133651733e-02
-2.770761847496032715e-01
-5.647813677787780762e-01
-5.004724860191345215e-01
-8.423745036125183105e-01
-8.324171304702758789e-01
-8.268177509307861328e-01
-1.152526617050170898e+00
-1.270143628120422363e+00
-9.838568568229675293e-01
-1.457922458648681641e+00
-1.780440092086791992e+00
8.870218880474567413e-04
-1.815577745437622070e+00
-1.143576264381408691e+00
-9.223482608795166016e-01
6.758865783922374249e-04
8.151458314387127757e-05
1.051742699928581715e-03
7.475816528312861919e-04
1.544208789709955454e-04
-4.689776687882840633e-04
-7.531701121479272842e-04
5.076329689472913742e-04
2.289967060089111328e+00
8.171753870556131005e-05
-7.104047108441591263e-04
2.425159454345703125e+00
2.376657448621699587e-06
-6.213618326000869274e-05
2.145773469237610698e-04
1.484468695707619190e-03
-1.765932538546621799e-04
-1.490333001129329205e-03
1.815342545509338379e+00
-3.439626598265022039e-04
5.828088033013045788e-04
3.475143457762897015e-04
-1.100684050470590591e-03
-9.090681560337543488e-04
-6.498688599094748497e-04
-5.898519884794950485e-04
4.520524089457467198e-05
6.080787861719727516e-04
-5.438574007712304592e-04
-8.300837362185120583e-04
-1.859643697738647461e+00
9.408543701283633709e-04
-5.944528966210782528e-04
-5.823700339533388615e-04
1.217879471369087696e-03
-3.402754373382776976e-04
6.350225885398685932e-04
5.751908756792545319e-04
-2.476637564541306347e-05
-1.089875586330890656e-03
