1.312595754861831665e-01
-9.457090497016906738e-01
-1.969058632850646973e+00
-1.639583110809326172e+00
-2.317319631576538086e+00
-1.917578816413879395e+00
-2.169075250625610352e+00
-2.090445280075073242e+00
-1.990652203559875488e+00
-1.805842161178588867e+00
-1.607294440269470215e+00
-1.742708325386047363e+00
-1.177485585212707520e+00
-1.376820921897888184e+00
-9.214295148849487305e-01
-1.017077803611755371e+00
-4.388065636157989502e-01
-9.521321058273315430e-01
-7.255213856697082520e-01
-7.376890182495117188e-01
-3.479008674621582031e-01
-4.266133308410644531e-01
-3.473765254020690918e-01
-2.291101068258285522e-01
-1.520687192678451538e-01
-2.745686471462249756e-01
-2.643545567989349365e-01
-1.911966055631637573e-01
-2.515950500965118408e-01
-4.184661898761987686e-03
-9.717532247304916382e-02
2.184422463178634644e-01
-1.561964601278305054e-01
3.981330245733261108e-02
-2.671136558055877686e-01
6.258771754801273346e-03
-3.743436336517333984e-01
3.841205313801765442e-02
-1.995935291051864624e-01
-3.318608924746513367e-02
-5.428880825638771057e-02
2.084386050701141357e-01
-1.143976002931594849e-01
8.737603574991226196e-02
-1.673542261123657227e-01
1.271338611841201782e-01
-1.365791112184524536e-01
5.287007987499237061e-02
-1.515969485044479370e-01
1.700360476970672607e-01
-7.529512047767639160e-02
1.813231110572814941e-01
-1.046934127807617188e-01
1.238748617470264435e-02
-1.083449125289916992e-01
3.658957779407501221e-02
9.396931156516075134e-03
-1.022045910358428955e-01
-6.238074600696563721e-02
-7.116173952817916870e-02
-8.651855587959289551e-02
6.861547380685806274e-02
-8.143924921751022339e-02
1.355725079774856567e-01
-1.265158206224441528e-01
9.882180951535701752e-03
-1.434256602078676224e-02
1.587737947702407837e-01
-1.290882080793380737e-01
3.519979864358901978e-02
1.183994207531213760e-02
4.921071976423263550e-02
-9.686805307865142822e-02
8.633291721343994141e-02
1.715141348540782928e-02
1.193327158689498901e-01
-1.147693917155265808e-01
7.097833603620529175e-02
-1.003391593694686890e-01
1.463867574930191040e-01
-6.660745292901992798e-02
1.467068195343017578e-01
-2.178228795528411865e-01
-1.472980380058288574e-01
-1.048996374011039734e-01
5.914128944277763367e-02
-5.412426218390464783e-02
-1.748856008052825928e-01
1.629771143198013306e-01
8.270174264907836914e-02
1.657399684190750122e-01
2.517882175743579865e-02
-1.086012925952672958e-02
-1.435024384409189224e-02
-2.227724939584732056e-01
-7.772912085056304932e-02
3.282396867871284485e-02
-1.262130737304687500e-01
-4.597363993525505066e-02
-6.905312836170196533e-02
-7.944194599986076355e-03
1.501125395298004150e-01
-3.768011927604675293e-02
1.950902491807937622e-02
2.869151346385478973e-02
2.235332727432250977e-01
-9.572302550077438354e-02
-1.428428441286087036e-01
5.061530321836471558e-02
1.930076926946640015e-01
-1.437370628118515015e-01
-1.159354448318481445e-01
-1.781841516494750977e-01
7.394479215145111084e-02
-5.388994887471199036e-02
1.309545338153839111e-01
5.267718806862831116e-02
-3.020949289202690125e-02
-3.067574091255664825e-02
-1.321700029075145721e-02
4.634094238281250000e-02
7.861125469207763672e-02
-6.181554123759269714e-02
5.554053187370300293e-02
6.841564923524856567e-02
1.648255810141563416e-02
7.842794060707092285e-03
-2.573950216174125671e-02
9.468366950750350952e-02
