1.056377664208412170e-01
1.763723194599151611e-01
1.615294665098190308e-01
-1.656322926282882690e-01
-3.219777136109769344e-04
9.929634397849440575e-04
-1.796165853738784790e-01
1.390482764691114426e-02
-2.296168953180313110e-01
7.149213552474975586e-02
1.189852356910705566e-01
-3.936180099844932556e-02
6.407653540372848511e-02
2.164622209966182709e-02
4.651241376996040344e-02
4.937717318534851074e-02
1.517002820037305355e-03
2.766334824264049530e-02
6.928028166294097900e-02
1.040010005235671997e-01
1.053479909896850586e-01
1.189895570278167725e-01
1.227280572056770325e-01
1.026419028639793396e-01
1.025930494070053101e-01
1.048892587423324585e-01
1.037086620926856995e-01
1.093400791287422180e-01
7.813993096351623535e-02
5.134389549493789673e-02
4.065879434347152710e-02
1.265409439802169800e-01
2.825070917606353760e-01
-1.931118667125701904e-01
-1.508279293775558472e-01
-9.508132934570312500e-02
-6.568317115306854248e-02
-3.086129203438758850e-02
1.202197745442390442e-02
-1.105435118079185486e-01
-1.180113181471824646e-01
-1.400588899850845337e-01
-1.267281323671340942e-01
-1.300097256898880005e-01
-4.623176157474517822e-02
-1.284244209527969360e-01
1.886547058820724487e-01
-4.783999547362327576e-02
-9.605788439512252808e-02
-1.422165632247924805e-01
8.703557401895523071e-02
1.440334469079971313e-01
-4.391686245799064636e-02
2.299679666757583618e-01
1.186480596661567688e-01
1.778904497623443604e-01
1.138223260641098022e-01
9.341883659362792969e-02
1.447896589525043964e-03
-5.259933322668075562e-02
-1.267372667789459229e-01
5.774369463324546814e-02
-1.060094162821769714e-01
-2.213733270764350891e-02
-2.310090214014053345e-01
