1.056377664208412170e-01
1.763723194599151611e-01
1.615294665098190308e-01
-1.656322926282882690e-01
-3.219777136109769344e-04
9.929634397849440575e-04
-1.796165853738784790e-01
1.390482764691114426e-02
-2.296168953180313110e-01
7.043465971946716309e-02
9.159565716981887817e-02
2.453602105379104614e-02
-2.904745750129222870e-02
9.447110444307327271e-02
4.332812502980232239e-02
7.875692844390869141e-02
3.624089062213897705e-02
7.574782520532608032e-02
8.503226935863494873e-02
9.636023640632629395e-02
1.097004413604736328e-01
9.731726348400115967e-02
9.583328664302825928e-02
1.025944873690605164e-01
9.846777468919754028e-02
9.974157810211181641e-02
1.066855192184448242e-01
1.053277030587196350e-01
9.318403154611587524e-02
6.821022927761077881e-02
3.528159111738204956e-02
4.194163680076599121e-01
4.244273900985717773e-01
-6.048205494880676270e-02
1.600810512900352478e-02
3.737947717308998108e-02
2.028962224721908569e-02
2.953950874507427216e-02
1.165425963699817657e-02
-1.743807084858417511e-02
-3.104368969798088074e-02
-5.053119733929634094e-02
-4.929271712899208069e-02
-7.240971177816390991e-02
-3.789731487631797791e-02
-6.714669615030288696e-02
-6.555271893739700317e-02
-7.398369163274765015e-02
-8.199002593755722046e-02
-1.468244493007659912e-01
-6.186863407492637634e-02
1.593375694938004017e-03
-1.465325709432363510e-02
1.154123544692993164e-01
9.492052346467971802e-02
1.738689392805099487e-01
1.138223260641098022e-01
9.341883659362792969e-02
1.447896589525043964e-03
-5.259933322668075562e-02
-1.267372667789459229e-01
5.774369463324546814e-02
-1.060094162821769714e-01
-2.213733270764350891e-02
-2.310090214014053345e-01
