-1.580912232398986816e+00
-6.572521524503827095e-04
1.778559207916259766e+00
4.811114922631531954e-04
-3.439894644543528557e-04
-5.896439542993903160e-04
-3.414580225944519043e-01
-5.755769014358520508e-01
-7.404235601425170898e-01
-7.072532773017883301e-01
-7.779226303100585938e-01
-7.589864730834960938e-01
-7.177664041519165039e-01
-2.833984494209289551e-01
-3.384752199053764343e-04
-4.976113559678196907e-04
-4.366274806670844555e-04
7.521307561546564102e-04
1.757640838623046875e+00
1.396816015243530273e+00
6.746414583176374435e-04
