4.628470342140644789e-04
1.495590549893677235e-04
4.838913155253976583e-04
1.080806134268641472e-03
1.479696831665933132e-03
4.033983350382186472e-05
2.757704351097345352e-04
-4.899584455415606499e-04
-7.926190301077440381e-05
-6.598334875889122486e-04
-9.278586949221789837e-04
-1.803942918777465820e+00
-5.414985418319702148e-01
-6.221823766827583313e-02
1.717846691608428955e-01
8.033758997917175293e-01
4.405760467052459717e-01
-4.483085274696350098e-01
-6.852185130119323730e-01
-9.230342507362365723e-01
-3.924846649169921875e-03
-1.061874558217823505e-03
3.565513610839843750e+00
-4.615748766809701920e-04
-3.710378659889101982e-04
-1.329431543126702309e-03
-1.060654176399111748e-03
5.600386648438870907e-04
-2.919666803791187704e-05
1.693752128630876541e-03
8.268828988075256348e-01
-1.094273175112903118e-03
-6.520343595184385777e-05
