-1.992647647857666016e-01
1.558806002140045166e-01
2.861752733588218689e-02
7.630519568920135498e-02
7.406431436538696289e-02
1.692450940608978271e-01
5.454972013831138611e-02
-1.927412897348403931e-01
1.424477435648441315e-02
-7.457438111305236816e-02
-2.303400821983814240e-02
1.365374028682708740e-02
1.423870921134948730e-01
3.843579068779945374e-02
-7.499898225069046021e-02
-1.993094198405742645e-02
3.126865625381469727e-02
8.425284177064895630e-02
2.119288034737110138e-02
3.653014078736305237e-02
1.714526303112506866e-02
7.069312501698732376e-03
4.809668287634849548e-02
-2.305782400071620941e-03
-1.085556298494338989e-02
2.491993654984980822e-04
2.125785313546657562e-02
-2.839178219437599182e-02
-2.392801642417907715e-02
1.283838041126728058e-02
1.853978820145130157e-02
-1.552588120102882385e-02
-2.950863167643547058e-02
-2.070919610559940338e-03
-5.532323382794857025e-03
-1.507169194519519806e-02
-4.033390898257493973e-03
-1.978817861527204514e-03
-6.171646993607282639e-03
-1.577960513532161713e-02
-1.121891289949417114e-02
-1.414138730615377426e-02
-5.279169417917728424e-03
-9.007602930068969727e-03
-1.678212732076644897e-02
-1.842701807618141174e-02
-2.970957197248935699e-02
-2.095454744994640350e-02
-1.989617012441158295e-02
-1.411708537489175797e-02
-1.952022500336170197e-02
-2.357477322220802307e-02
-2.186671085655689240e-02
-1.150826178491115570e-02
-3.930708335246890783e-04
2.784540876746177673e-03
-4.342696163803339005e-03
1.393935526721179485e-03
2.222154475748538971e-02
3.484322875738143921e-02
7.108061760663986206e-02
1.326371282339096069e-01
3.275370299816131592e-01
-9.845550656318664551e-01
-6.955018043518066406e-01
1.785462796688079834e-01
4.084777086973190308e-02
-5.452723242342472076e-03
-2.361440658569335938e-02
-3.095865622162818909e-02
-2.426165901124477386e-02
-4.146124050021171570e-02
-3.085816651582717896e-02
-2.396681904792785645e-02
-2.598773315548896790e-02
-2.925505675375461578e-02
-2.934668585658073425e-02
-2.310443110764026642e-02
-2.086814679205417633e-02
-1.486717071384191513e-02
-1.949759945273399353e-02
-1.172766275703907013e-02
-9.858043864369392395e-03
-1.254323031753301620e-02
-5.310463253408670425e-03
-1.861586235463619232e-02
-5.300990771502256393e-03
-1.042763050645589828e-02
9.065341204404830933e-03
1.485744304955005646e-02
1.116812787950038910e-02
-1.681736670434474945e-02
2.807602286338806152e-02
-2.678501419723033905e-02
1.879431772977113724e-03
4.628449212759733200e-03
2.019104734063148499e-02
-1.525609754025936127e-02
-7.995927706360816956e-03
-3.626637905836105347e-02
2.103522606194019318e-02
-2.275476232171058655e-02
7.737915217876434326e-02
5.225031450390815735e-02
-5.334495007991790771e-02
4.035232588648796082e-02
-2.757177129387855530e-02
-3.974102810025215149e-02
-1.196119748055934906e-02
-5.091884732246398926e-02
1.570573896169662476e-01
-6.798955798149108887e-02
-1.930388621985912323e-02
-1.038922443985939026e-01
-2.817827463150024414e-02
-1.309433281421661377e-01
2.219961956143379211e-02
-5.235162377357482910e-02
-4.506992176175117493e-02
4.702588543295860291e-02
-1.063645407557487488e-01
4.270527884364128113e-02
-4.637984186410903931e-02
4.175153002142906189e-02
1.104266420006752014e-01
-6.961067020893096924e-02
8.452334441244602203e-03
1.415586285293102264e-02
-1.518504023551940918e-01
