3.994448184967041016e-01
4.007603228092193604e-01
-4.577992856502532959e-01
4.005882740020751953e-01
-4.475665092468261719e-01
-4.114593863487243652e-01
4.085323810577392578e-01
4.024507105350494385e-01
4.435943663120269775e-01
-4.006869494915008545e-01
-4.402549862861633301e-01
4.134721457958221436e-01
4.024255871772766113e-01
3.441791341174393892e-05
-4.014715552330017090e-01
-4.015703797340393066e-01
-4.136286675930023193e-01
-4.049215614795684814e-01
-4.079790711402893066e-01
4.437805116176605225e-01
-4.109808504581451416e-01
-4.249351024627685547e-01
-4.133567810058593750e-01
-4.052496850490570068e-01
-4.591218829154968262e-01
-4.002692997455596924e-01
-4.364708065986633301e-01
4.670866474043577909e-04
-3.557077143341302872e-04
4.123773872852325439e-01
-7.065131794661283493e-04
-4.112875163555145264e-01
3.998729586601257324e-01
3.971444368362426758e-01
-4.270827174186706543e-01
4.034161567687988281e-01
4.000273048877716064e-01
5.693433284759521484e-01
-4.161536395549774170e-01
4.236752390861511230e-01
4.644958972930908203e-01
-3.011714816093444824e-01
4.833524115383625031e-03
-1.716953814029693604e-01
1.324576884508132935e-01
-1.559036821126937866e-01
-1.175588592886924744e-01
-3.335597515106201172e-01
-3.359172344207763672e-01
-2.236218005418777466e-01
-3.191198408603668213e-01
-3.258896470069885254e-01
-1.982403844594955444e-01
-3.348908424377441406e-01
-3.618232607841491699e-01
-3.733119368553161621e-01
-1.655132919549942017e-01
-3.245231211185455322e-01
-5.473566427826881409e-02
-1.665801256895065308e-01
2.525497972965240479e-01
1.792182028293609619e-01
3.312610387802124023e-01
3.333354592323303223e-01
3.091856241226196289e-01
4.964198768138885498e-01
3.084469735622406006e-01
2.670725882053375244e-01
3.110446929931640625e-01
1.160697489976882935e-01
8.798792026937007904e-03
-1.102153956890106201e-01
-3.018935918807983398e-01
-2.369769215583801270e-01
-3.064482212066650391e-01
-3.576284646987915039e-01
-4.298129379749298096e-01
-2.194303721189498901e-01
-1.689145565032958984e-01
-3.886368274688720703e-01
-2.318434119224548340e-01
-2.675512731075286865e-01
-2.834259867668151855e-01
-3.322381973266601562e-01
-2.773074209690093994e-01
-3.692965805530548096e-01
-3.115156292915344238e-01
-3.344345390796661377e-01
4.122729003429412842e-01
-3.899014294147491455e-01
-3.441068530082702637e-01
-3.604868650436401367e-01
-3.908910155296325684e-01
-4.797744154930114746e-01
4.137130081653594971e-01
-4.062218964099884033e-01
4.061771035194396973e-01
4.059696495532989502e-01
-4.008882939815521240e-01
-4.397250115871429443e-01
4.010643661022186279e-01
4.119241237640380859e-01
4.579482376575469971e-01
-4.123539924621582031e-01
4.017440378665924072e-01
-4.177043437957763672e-01
4.017527401447296143e-01
4.255837202072143555e-01
4.795946180820465088e-01
-4.014796614646911621e-01
4.115293323993682861e-01
-3.994568586349487305e-01
4.016165137290954590e-01
4.226359724998474121e-01
-6.628954433836042881e-04
-4.110698401927947998e-01
-4.007897377014160156e-01
-4.058071076869964600e-01
1.390985562466084957e-05
-4.015154540538787842e-01
4.052795767784118652e-01
4.222077429294586182e-01
3.998967111110687256e-01
-2.444027049932628870e-04
3.998195827007293701e-01
4.194390177726745605e-01
4.029613733291625977e-01
-4.001321792602539062e-01
-4.027008712291717529e-01
