8.485973626375198364e-02
-7.590321898460388184e-01
-1.118048071861267090e+00
-1.109333753585815430e+00
-1.328112721443176270e+00
-1.232961058616638184e+00
-1.190033912658691406e+00
-1.406363129615783691e+00
-1.090733766555786133e+00
-1.236392736434936523e+00
-8.428759574890136719e-01
-1.335910201072692871e+00
-5.683509707450866699e-01
-1.111297488212585449e+00
-4.496810734272003174e-01
-8.530048131942749023e-01
-7.464548945426940918e-02
-8.573724031448364258e-01
-4.424829185009002686e-01
-6.893508434295654297e-01
-1.258066892623901367e-01
-4.084458351135253906e-01
-1.714178025722503662e-01
-2.296463847160339355e-01
-1.145284064114093781e-02
-2.859115898609161377e-01
-1.511811465024948120e-01
-2.080835551023483276e-01
-1.600171625614166260e-01
-2.323166280984878540e-02
-2.280825003981590271e-02
1.993350982666015625e-01
-9.571041166782379150e-02
2.189741656184196472e-02
-2.179524451494216919e-01
-9.758267551660537720e-03
-3.345263600349426270e-01
2.466127276420593262e-02
-1.675732582807540894e-01
-4.451081901788711548e-02
-2.884804271161556244e-02
1.995762139558792114e-01
-9.457057714462280273e-02
8.094225823879241943e-02
-1.523690968751907349e-01
1.230546236038208008e-01
-1.258138418197631836e-01
5.105273798108100891e-02
-1.445452570915222168e-01
1.703787595033645630e-01
-7.154144346714019775e-02
1.837222725152969360e-01
-1.038931459188461304e-01
1.674081198871135712e-02
-1.102091223001480103e-01
4.279808327555656433e-02
5.112675484269857407e-03
-9.423566609621047974e-02
-6.887567043304443359e-02
-6.152273714542388916e-02
-9.504340589046478271e-02
7.983862608671188354e-02
-9.183613210916519165e-02
1.482985168695449829e-01
-1.386457234621047974e-01
2.403332665562629700e-02
-2.808213792741298676e-02
1.742767095565795898e-01
-1.443267315626144409e-01
5.198504030704498291e-02
-4.798185545951128006e-03
6.721216440200805664e-02
-1.148153245449066162e-01
1.054877266287803650e-01
-2.022919245064258575e-03
1.395816206932067871e-01
-1.350954025983810425e-01
9.226480871438980103e-02
-1.217473745346069336e-01
1.686574071645736694e-01
-8.903382718563079834e-02
1.699106991291046143e-01
-2.412087470293045044e-01
-1.232086718082427979e-01
-1.291888952255249023e-01
8.406987786293029785e-02
-7.926621288061141968e-02
-1.491605639457702637e-01
1.370297372341156006e-01
1.091820895671844482e-01
1.390315741300582886e-01
5.237593129277229309e-02
-3.828659653663635254e-02
1.352682616561651230e-02
-2.508795261383056641e-01
-4.920656606554985046e-02
4.074058961123228073e-03
-9.707789868116378784e-02
-7.533252239227294922e-02
-3.933699801564216614e-02
-3.787991777062416077e-02
1.803804188966751099e-01
-6.816264241933822632e-02
5.030063912272453308e-02
-2.309058327227830887e-03
2.548225820064544678e-01
-1.272150874137878418e-01
-1.110807806253433228e-01
1.865711621940135956e-02
2.252189666032791138e-01
-1.761380136013031006e-01
-8.329755067825317383e-02
-2.110053002834320068e-01
1.069884151220321655e-01
-8.710949867963790894e-02
1.643843352794647217e-01
1.907862164080142975e-02
3.586754901334643364e-03
-6.463450938463211060e-02
2.092819474637508392e-02
1.203972380608320236e-02
1.130887791514396667e-01
-9.644252806901931763e-02
9.033391624689102173e-02
3.347858414053916931e-02
5.157686769962310791e-02
-2.738892473280429840e-02
9.641427546739578247e-03
5.917098000645637512e-02
