-1.078240165952593088e-04
5.228494410403072834e-04
-2.525782329030334949e-04
-5.456775543279945850e-04
-7.349377265200018883e-04
6.795619265176355839e-04
4.178471565246582031e+00
-2.015454927459359169e-03
-7.451034188270568848e-01
-9.915440678596496582e-01
1.471656840294599533e-02
9.232012629508972168e-01
-1.935650012455880642e-03
-4.439291656017303467e-01
-1.289708167314529419e-01
-1.240319397766143084e-05
-3.640607174020260572e-04
1.457363949157297611e-03
2.221964095951989293e-04
6.306884461082518101e-04
-1.284959027543663979e-03
