1.056377664208412170e-01
1.763723194599151611e-01
1.615294665098190308e-01
-1.656322926282882690e-01
-3.219777136109769344e-04
9.929634397849440575e-04
-1.796165853738784790e-01
1.390482764691114426e-02
-2.296168953180313110e-01
7.044197618961334229e-02
9.576509147882461548e-02
3.465219587087631226e-02
3.750496357679367065e-02
5.869414657354354858e-02
2.032366022467613220e-02
9.489566832780838013e-02
1.975390128791332245e-02
8.266347646713256836e-02
7.379131019115447998e-02
8.969826251268386841e-02
9.456504881381988525e-02
8.969791233539581299e-02
1.004346460103988647e-01
1.106934621930122375e-01
1.031884178519248962e-01
1.055989861488342285e-01
9.936001896858215332e-02
1.129115447402000427e-01
9.833855926990509033e-02
7.724651694297790527e-02
1.582947745919227600e-02
4.442523419857025146e-01
4.631017744541168213e-01
-5.783770978450775146e-02
1.159003586508333683e-03
3.496989980340003967e-02
2.572477608919143677e-02
2.686437219381332397e-02
5.561941768974065781e-03
-2.579165808856487274e-02
-4.043458402156829834e-02
-7.249514013528823853e-02
-4.930508509278297424e-02
-7.874371111392974854e-02
-6.505779176950454712e-02
-6.614073365926742554e-02
-1.645765081048011780e-02
-7.383251935243606567e-02
-7.989444583654403687e-02
-1.201743632555007935e-01
-5.076744779944419861e-02
5.360082723200321198e-03
-1.212270837277173996e-02
1.157157868146896362e-01
8.525241911411285400e-02
1.848385632038116455e-01
1.138223260641098022e-01
9.341883659362792969e-02
1.447896589525043964e-03
-5.259933322668075562e-02
-1.267372667789459229e-01
5.774369463324546814e-02
-1.060094162821769714e-01
-2.213733270764350891e-02
-2.310090214014053345e-01
