-1.545973820611834526e-03
-6.143254577182233334e-04
6.519576418213546276e-04
6.599709740839898586e-04
3.484498884063214064e-04
-3.128255411866120994e-05
1.973624527454376221e-01
6.257731583900749683e-04
5.461061955429613590e-04
-1.600136980414390564e-03
1.308715224266052246e+00
4.425064835231751204e-04
3.780847182497382164e-04
7.192304474301636219e-04
3.024314646609127522e-04
-6.249292055144906044e-04
-8.508749888278543949e-04
-6.247701239772140980e-04
-4.577425479888916016e+00
8.078626706264913082e-04
2.615680452436208725e-03
1.273183152079582214e-03
-6.857804488390684128e-03
-2.895088791847229004e-01
-1.009297609329223633e+00
-7.706360220909118652e-01
-9.560461640357971191e-01
-5.888825058937072754e-01
-5.152165293693542480e-01
-1.322403848171234131e-01
6.782016158103942871e-02
4.399960339069366455e-01
4.744536876678466797e-01
4.552759230136871338e-01
2.463840991258621216e-01
-1.327514369040727615e-02
-4.558214843273162842e-01
-5.739291310310363770e-01
-6.567202806472778320e-01
-9.774463772773742676e-01
-1.216492414474487305e+00
-5.648154020309448242e-01
-2.623092441353946924e-04
3.912535903509706259e-04
-4.227545286994427443e-05
-8.310066768899559975e-04
-8.258834131993353367e-04
-1.126079470850527287e-03
-2.849058073479682207e-04
1.090640726033598185e-04
8.949924813350662589e-05
-5.835487972944974899e-04
-1.765470224199816585e-04
-3.670499136205762625e-04
-1.099593864637427032e-04
7.921909855213016272e-06
-9.454524843022227287e-04
-8.883470400178339332e-06
-4.113030445296317339e-04
-1.344822463579475880e-03
9.488795185461640358e-04
-6.319745443761348724e-04
-4.823952331207692623e-04
-6.799130351282656193e-04
5.157701089046895504e-04
