-1.469358950853347778e-01
-1.066639780998229980e+00
4.512920856475830078e+00
2.204841226339340210e-01
3.418811559677124023e+00
7.699066996574401855e-01
2.183550119400024414e+00
1.306679993867874146e-01
4.814861714839935303e-01
-2.219778448343276978e-01
1.887656450271606445e-01
-2.414487153291702271e-01
-1.555330157279968262e-01
-2.868985831737518311e-01
-5.901021882891654968e-02
-1.389597654342651367e-01
-1.431562900543212891e-01
9.784521907567977905e-02
1.573047488927841187e-01
-1.181455329060554504e-01
-1.469306200742721558e-01
1.118279248476028442e-01
3.097866177558898926e-01
-1.651241444051265717e-02
6.976529955863952637e-02
1.180510222911834717e-01
1.779220551252365112e-01
2.568286061286926270e-01
5.798530578613281250e-02
7.392233610153198242e-02
2.819290161132812500e-01
-1.603613197803497314e-01
-2.068428993225097656e-01
