-7.830237154848873615e-04
-1.148789742728695273e-04
-6.771745975129306316e-04
1.114828512072563171e-03
6.475881091319024563e-04
-6.405189633369445801e-04
6.587884854525327682e-04
-1.149719115346670151e-03
-4.277195839677006006e-04
8.653267868794500828e-04
1.261568188667297363e+00
2.727691650390625000e+00
-1.086066756397485733e-02
-9.875710308551788330e-02
-8.609204888343811035e-01
-7.908561229705810547e-01
3.022542595863342285e-01
9.005175828933715820e-01
3.723309040069580078e-01
3.274487797170877457e-03
-1.611843109130859375e-01
-2.547539234161376953e+00
-1.824413537979125977e+00
5.803101812489330769e-04
1.182006555609405041e-03
-1.559671247377991676e-03
-9.372076601721346378e-04
-4.477190959732979536e-04
4.613437922671437263e-04
1.525625557405874133e-04
-6.330827018246054649e-04
5.159944412298500538e-04
-6.484856130555272102e-04
