2.435179194435477257e-03
1.567481318488717079e-03
1.881326315924525261e-03
1.643449882976710796e-03
1.041506999172270298e-03
3.954499028623104095e-03
5.599036812782287598e-03
6.787523161619901657e-03
2.586293220520019531e-02
3.619447117671370506e-03
3.433362767100334167e-02
2.640688605606555939e-02
1.240431144833564758e-02
4.482911154627799988e-02
1.186483423225581646e-03
6.692609190940856934e-02
9.537375532090663910e-03
2.455349545925855637e-03
7.269857823848724365e-02
5.246360320597887039e-03
4.278987180441617966e-03
6.706104427576065063e-02
1.528355875052511692e-03
1.415942329913377762e-03
8.024854958057403564e-02
-6.218750774860382080e-02
8.384241908788681030e-02
-3.280165791511535645e-02
-1.322102174162864685e-02
4.141800478100776672e-02
-6.714372336864471436e-02
-4.654890391975641251e-03
-9.727437980473041534e-03
-7.059569656848907471e-02
9.396850131452083588e-03
-1.100822761654853821e-01
2.885027602314949036e-02
-1.312786042690277100e-01
2.007851563394069672e-02
-1.422309130430221558e-01
2.072357200086116791e-02
-1.363012194633483887e-01
-5.463606491684913635e-02
-3.084693104028701782e-02
-1.336544305086135864e-01
-5.273684486746788025e-02
-6.883332878351211548e-02
-5.976929143071174622e-02
-1.302400082349777222e-01
-3.560014069080352783e-03
-7.223824411630630493e-02
-1.063591837882995605e-01
6.267254502745345235e-05
-1.087008044123649597e-01
-5.788193084299564362e-03
-1.105140298604965210e-01
-6.657708901911973953e-03
-2.418708987534046173e-02
-6.940081249922513962e-03
-5.810472182929515839e-03
-1.056632399559020996e-02
-1.780059374868869781e-02
1.284018042497336864e-03
2.561315000057220459e-01
-9.222967028617858887e-01
