3.380114911124110222e-03
2.751276362687349319e-03
-8.404754102230072021e-02
1.154941273853182793e-03
-7.596606761217117310e-02
7.465730304829776287e-04
1.467153895646333694e-03
-1.722263544797897339e-01
1.267205774784088135e-01
-7.791660726070404053e-02
7.628779113292694092e-02
4.848569631576538086e-02
2.626683562994003296e-02
8.639883249998092651e-02
1.805232018232345581e-01
9.575053118169307709e-04
1.582037955522537231e-01
4.447454120963811874e-03
5.754301790148019791e-03
3.353531705215573311e-03
4.064859449863433838e-01
