-2.348048728890717030e-04
-1.343316747806966305e-03
-3.529991488903760910e-03
7.750065415166318417e-04
1.992366509512066841e-03
-1.154238008894026279e-03
-6.090800161473453045e-05
-3.257521602790802717e-04
5.766370450146496296e-04
6.770225008949637413e-04
7.744833710603415966e-04
-1.203485648147761822e-03
-2.339377970201894641e-04
-1.552778645418584347e-03
-7.300891447812318802e-04
-2.938453806564211845e-03
-6.346820155158638954e-04
4.623828572221100330e-04
6.988850655034184456e-04
8.082388085313141346e-04
-5.127675831317901611e-04
9.692501625977456570e-04
2.089414774673059583e-04
-1.399894827045500278e-03
-2.578687155619263649e-03
6.667506531812250614e-04
1.210236951010301709e-04
1.599538605660200119e-03
1.069572987034916878e-03
-1.946383039467036724e-03
-1.696951803751289845e-03
3.216262484784238040e-05
-5.928979953750967979e-04
-1.635081483982503414e-03
-9.594192379154264927e-04
-1.958328997716307640e-03
-6.673511234112083912e-04
-1.385694835335016251e-03
-8.007953874766826630e-04
-7.476719329133629799e-04
-4.108134191483259201e-03
-2.090099267661571503e-03
-2.020870801061391830e-03
-2.754287852440029383e-04
-1.036087982356548309e-03
-1.093565719202160835e-03
-1.729017239995300770e-03
-2.345030196011066437e-03
-1.751985982991755009e-03
-2.652230672538280487e-03
-3.124811919406056404e-03
-4.466088954359292984e-03
-4.219038877636194229e-03
-6.702960934489965439e-03
-7.437524851411581039e-03
-6.716519594192504883e-03
-1.106437202543020248e-02
-1.699776016175746918e-02
-2.206373959779739380e-02
-3.367585688829421997e-02
-5.312392115592956543e-02
-1.121989414095878601e-01
-2.472395300865173340e-01
6.981723308563232422e-01
7.173019647598266602e-01
-2.306400090456008911e-01
-1.058970242738723755e-01
-4.986128956079483032e-02
-2.782127633690834045e-02
-1.857055164873600006e-02
-1.239371486008167267e-02
-8.100199513137340546e-03
-5.192394368350505829e-03
-3.999523818492889404e-03
-4.282811656594276428e-03
-2.774802735075354576e-03
-2.468075137585401535e-03
-3.158045874442905188e-04
3.605181409511715174e-04
-1.955825835466384888e-03
-6.732994806952774525e-04
-1.832854759413748980e-04
-6.060149644326884300e-06
-8.984375162981450558e-04
1.457663951441645622e-03
-5.052683991380035877e-04
-7.645525038242340088e-04
-1.817084965296089649e-03
9.095366694964468479e-04
-5.809971480630338192e-05
-2.967112523037940264e-04
7.198061939561739564e-05
-1.549640554003417492e-03
1.856965129263699055e-03
-1.106702256947755814e-03
1.664234558120369911e-03
1.215134398080408573e-03
1.184896100312471390e-03
-1.565053942613303661e-03
1.820895558921620250e-04
-7.736394763924181461e-04
-3.148868563584983349e-04
1.273938338272273540e-03
1.196342520415782928e-03
9.024451719596982002e-04
1.690689590759575367e-03
1.266009639948606491e-03
-4.624847788363695145e-04
-5.603653844445943832e-04
-7.601634715683758259e-04
4.374263517092913389e-05
-1.030282001011073589e-03
-8.969709742814302444e-04
-3.567262610886245966e-04
-1.873417058959603310e-03
-1.964150433195754886e-04
9.470257209613919258e-04
5.708024255000054836e-04
4.627232556231319904e-04
-2.209686441347002983e-03
5.438535663415677845e-05
-1.126977513195015490e-04
-2.523266477510333061e-03
-8.660284220241010189e-04
-7.332347013289108872e-05
5.521972780115902424e-04
-1.363816438242793083e-03
-2.731919288635253906e-03
5.827245186083018780e-04
