-1.019509196281433105e+00
9.848192334175109863e-01
-5.386260747909545898e-01
-1.039746275637298822e-04
-1.727949641644954681e-02
-4.710150510072708130e-02
-3.689384460449218750e-02
-1.238737851381301880e-01
-7.375953253358602524e-03
-2.483246289193630219e-02
-1.285673491656780243e-02
-1.254471987485885620e-01
-6.637535989284515381e-04
-7.557758688926696777e-02
-1.604465022683143616e-02
-2.489272132515907288e-02
-7.321346551179885864e-02
-1.270434260368347168e-02
-6.802557408809661865e-02
-6.910166889429092407e-02
-1.548066921532154083e-02
-9.612079709768295288e-02
-1.255687908269464970e-03
-9.054958820343017578e-02
-3.755211830139160156e-03
-1.010465025901794434e-01
-3.025554819032549858e-03
-7.741788774728775024e-02
-6.216141581535339355e-02
-3.171964734792709351e-02
-1.042105257511138916e-01
-3.360271919518709183e-03
-1.191167011857032776e-01
-2.670672954991459846e-03
-1.423718780279159546e-01
-2.154700225219130516e-03
-1.079192385077476501e-01
-6.695401668548583984e-02
-3.015602380037307739e-02
-1.364152580499649048e-01
-3.814543364569544792e-03
-1.138284951448440552e-01
-4.006837308406829834e-02
-6.752049177885055542e-02
-9.324452280998229980e-02
-1.162899006158113480e-02
-1.217903494834899902e-01
-3.248104825615882874e-02
-4.536791890859603882e-02
-1.113321557641029358e-01
-5.530820693820714951e-03
-7.460413128137588501e-02
-7.473070174455642700e-02
8.663290063850581646e-04
-1.110802292823791504e-01
2.688273089006543159e-03
-6.277416646480560303e-02
-4.736928269267082214e-02
-3.695377334952354431e-02
-2.169780060648918152e-02
-7.540919631719589233e-02
7.862608879804611206e-03
-6.208432093262672424e-02
-1.144967973232269287e-02
-4.683394730091094971e-02
7.948622107505798340e-03
-7.851278781890869141e-02
4.122229665517807007e-02
-6.390464305877685547e-02
-7.410473190248012543e-03
1.962017640471458435e-02
-6.107513234019279480e-02
2.864345349371433258e-02
-4.613128257915377617e-04
-3.639208897948265076e-02
4.208035767078399658e-02
-1.878442615270614624e-02
3.780362894758582115e-03
2.279938012361526489e-02
-1.683412236161530018e-03
2.286922745406627655e-02
2.138375071808695793e-03
2.535588294267654419e-02
7.304582744836807251e-03
2.371229417622089386e-02
1.389016979373991489e-04
3.760194778442382812e-02
5.324897821992635727e-03
3.792476281523704529e-02
7.902112789452075958e-03
4.540355503559112549e-02
4.172273445874452591e-03
1.788387261331081390e-02
2.767495438456535339e-02
4.218569025397300720e-03
2.647664770483970642e-02
2.225904911756515503e-02
2.019727136939764023e-03
3.439674898982048035e-02
1.806543581187725067e-02
-4.809911188203841448e-04
4.370899498462677002e-02
3.821828169748187065e-03
7.835897617042064667e-03
8.466646075248718262e-03
5.382717773318290710e-02
1.544431131333112717e-02
2.681229822337627411e-02
7.837664335966110229e-03
1.480323262512683868e-02
1.529469899833202362e-02
1.448518875986337662e-02
1.208794489502906799e-02
6.077018566429615021e-03
4.569325130432844162e-03
4.224898759275674820e-03
3.386386437341570854e-03
8.506206213496625423e-04
-2.842238172888755798e-03
-3.271646797657012939e-03
-5.169571377336978912e-04
1.061826944351196289e-03
5.546318134292960167e-04
-2.808287099469453096e-04
-3.269387234468013048e-04
-2.782725030556321144e-03
-4.246303346008062363e-03
-4.967451095581054688e-03
-9.931424632668495178e-03
