7.123922114260494709e-04
3.390380588825792074e-04
-1.250329893082380295e-03
-7.149438839405775070e-03
-1.045169495046138763e-02
-8.142057806253433228e-03
-2.457280410453677177e-03
5.156057886779308319e-04
9.403607691638171673e-04
-6.151744723320007324e-02
1.507864100858569145e-03
-2.648001536726951599e-02
7.160248351283371449e-04
-6.039491668343544006e-02
-5.805694381706416607e-04
-2.904322743415832520e-02
-3.771035373210906982e-02
1.188057474792003632e-03
-5.017127096652984619e-02
-2.874149242416024208e-03
-5.585791543126106262e-02
-1.112171565182507038e-03
-3.174034878611564636e-02
-6.712886691093444824e-02
6.634335219860076904e-02
-1.366407126188278198e-01
1.375546753406524658e-01
-1.494938135147094727e-01
1.468961536884307861e-01
-5.054837837815284729e-02
6.313128862529993057e-03
1.052634492516517639e-01
-6.917186081409454346e-02
1.266958862543106079e-01
-5.601514130830764771e-02
1.057929918169975281e-01
1.761878840625286102e-02
1.954010874032974243e-02
1.156293451786041260e-01
8.469215827062726021e-04
1.379486769437789917e-01
1.986566931009292603e-03
1.297466307878494263e-01
7.118378579616546631e-02
8.306267112493515015e-02
4.333182051777839661e-02
1.568604260683059692e-01
4.028142429888248444e-03
1.529375761747360229e-01
2.790470607578754425e-03
1.008552163839340210e-01
8.072286099195480347e-02
4.440353810787200928e-02
7.799969613552093506e-02
5.076878238469362259e-03
1.006965041160583496e-01
3.651390550658106804e-03
6.388603150844573975e-02
1.942497910931706429e-03
1.467650639824569225e-03
7.848910242319107056e-02
5.164989270269870758e-04
-1.088592805899679661e-03
-1.464747190475463867e-01
7.831232547760009766e-01
