-1.499599893577396870e-04
-5.608500214293599129e-04
-4.668252367991954088e-04
-1.311023253947496414e-03
-6.623546360060572624e-04
-1.141715445555746555e-03
-1.706514274701476097e-03
-3.105154260993003845e-03
-3.018126008100807667e-04
-2.476332476362586021e-03
-2.693691989406943321e-03
-3.983161295764148235e-04
-2.720561460591852665e-04
-1.769973547197878361e-03
-6.689188885502517223e-04
-1.928156241774559021e-03
-1.090699923224747181e-03
-2.899033250287175179e-03
-4.736846312880516052e-03
-2.955437637865543365e-03
-3.519900375977158546e-03
-4.168414510786533356e-03
-5.538810044527053833e-03
-4.339473322033882141e-03
-6.912197452038526535e-03
-9.103218093514442444e-03
-1.226530876010656357e-02
-2.010969631373882294e-02
-3.329404816031455994e-02
-7.020448148250579834e-02
-1.484836190938949585e-01
4.372513890266418457e-01
4.219795465469360352e-01
-1.089957505464553833e-01
-4.543587565422058105e-02
-1.582097634673118591e-02
-6.193705368787050247e-03
-8.985552703961730003e-04
-5.025241989642381668e-04
1.287768711335957050e-03
-6.017129999236203730e-05
1.796664088033139706e-03
1.001834752969443798e-03
-3.997575258836150169e-04
5.574967944994568825e-04
1.002768985927104950e-03
-9.117523441091179848e-04
1.736426143907010555e-03
-2.314365847269073129e-04
-1.147418399341404438e-03
1.586264814250171185e-03
3.267957130447030067e-03
-2.576370257884263992e-03
1.563282916322350502e-03
1.931131235323846340e-03
2.080256817862391472e-03
4.761903546750545502e-04
-3.284234844613820314e-04
-1.629066886380314827e-03
-8.716746815480291843e-04
3.739398671314120293e-03
-1.815633033402264118e-03
-1.881445408798754215e-03
-6.548289675265550613e-04
2.987236657645553350e-04
