5.703863501548767090e-01
-3.396509960293769836e-02
-1.151461736299097538e-03
3.395732201170176268e-04
2.910381648689508438e-03
1.779011823236942291e-02
9.830576181411743164e-02
1.119271293282508850e-01
5.332075059413909912e-02
8.937015384435653687e-02
1.065651699900627136e-01
9.543422609567642212e-02
4.600823158398270607e-04
1.599993258714675903e-01
-1.301647443324327469e-02
6.848593056201934814e-02
3.048692084848880768e-02
4.641447216272354126e-02
-1.162306964397430420e-01
1.579744815826416016e-01
-1.672273874282836914e-01
1.035815570503473282e-02
-1.931305043399333954e-03
-5.477065220475196838e-02
-5.254763364791870117e-02
-1.729388954117894173e-03
-6.238090246915817261e-02
-1.979121379554271698e-02
-2.087499946355819702e-02
-2.359410189092159271e-02
-3.628363367170095444e-03
-3.268842585384845734e-03
-2.801181981340050697e-03
