-1.194438780657947063e-03
2.161911921575665474e-03
-1.601824769750237465e-03
-3.203366184607148170e-03
-4.179541720077395439e-04
-3.567877458408474922e-03
7.596730720251798630e-04
2.890690462663769722e-03
4.652554925996810198e-04
1.405043876729905605e-04
1.262030273210257292e-04
-1.802656683139503002e-03
-1.109331380575895309e-03
-3.691460879053920507e-04
-1.769120572134852409e-03
-2.497371984645724297e-03
-9.699040674604475498e-04
6.202721269801259041e-04
-1.611616346053779125e-03
-6.281381938606500626e-04
-1.404366688802838326e-03
-3.058054135181009769e-04
-1.997744664549827576e-03
-1.659274916164577007e-03
-3.750405085156671703e-06
3.046132042072713375e-04
5.958878318779170513e-04
6.279844325035810471e-03
1.540773734450340271e-02
4.466372355818748474e-02
1.082955002784729004e-01
-3.512616455554962158e-01
-4.645647406578063965e-01
1.555304229259490967e-01
7.273564487695693970e-02
3.483112156391143799e-02
1.989221386611461639e-02
1.431985758244991302e-02
9.353633038699626923e-03
6.925441324710845947e-03
6.628584582358598709e-03
4.680145997554063797e-03
5.024722311645746231e-03
3.461920656263828278e-03
4.150126595050096512e-03
3.077923087403178215e-03
2.150275977328419685e-03
6.979767349548637867e-04
1.611266052350401878e-03
3.118115942925214767e-03
9.591758716851472855e-04
2.294834470376372337e-03
1.097519649192690849e-03
5.828117718920111656e-04
-1.961116679012775421e-03
-9.366309968754649162e-04
-1.299740048125386238e-03
4.225402604788541794e-03
-1.775181735865771770e-03
5.352155771106481552e-03
-9.695774060674011707e-04
3.382527967914938927e-03
2.169412560760974884e-03
-1.006791368126869202e-03
8.591393125243484974e-04
