8.589966222643852234e-03
7.685512769967317581e-03
1.000610366463661194e-02
1.358294207602739334e-02
2.129715494811534882e-02
3.418893739581108093e-02
6.544261425733566284e-02
1.298248320817947388e-01
1.675469875335693359e-01
8.323110640048980713e-03
-4.047118723392486572e-01
-1.002659928053617477e-02
-4.037134349346160889e-02
-3.094430081546306610e-02
-1.696006394922733307e-02
-1.267444342374801636e-02
-5.838201846927404404e-03
-7.032048422843217850e-03
-8.170905523002147675e-03
-4.051164258271455765e-03
-1.410055992892012000e-04
