-4.199500083923339844e-01
7.280208636075258255e-03
1.596678281202912331e-03
3.892158274538815022e-04
-1.435511112213134766e-01
-8.269047737121582031e-02
-8.760439604520797729e-02
-7.714925706386566162e-02
-9.343543648719787598e-02
-5.733491852879524231e-03
-1.115015521645545959e-01
9.620165079832077026e-02
-7.347169518470764160e-02
1.100160926580429077e-01
7.232642266899347305e-03
3.548309032339602709e-04
1.125182509422302246e-01
1.038388931192457676e-03
2.790265018120408058e-03
8.642054349184036255e-02
3.680555382743477821e-03
