3.352912608534097672e-03
5.567192099988460541e-03
4.293166100978851318e-03
1.800992642529308796e-03
3.302849363535642624e-03
-9.085534256882965565e-04
2.261430490761995316e-03
3.582914359867572784e-03
5.839435849338769913e-03
6.745123304426670074e-03
9.398593567311763763e-03
1.485671661794185638e-02
2.354949340224266052e-02
4.483509436249732971e-02
8.620573580265045166e-02
-2.086862772703170776e-01
-1.652759909629821777e-01
4.127478972077369690e-02
1.493831817060709000e-02
1.285397302126511931e-04
-1.813527778722345829e-03
-1.916259177960455418e-03
-9.823716245591640472e-04
-2.466461854055523872e-03
-5.567414918914437294e-04
-2.301160246133804321e-03
-1.433195080608129501e-03
-4.178383387625217438e-04
-1.307532424107193947e-03
-1.580540440045297146e-03
-2.118809381499886513e-03
7.046474493108689785e-04
-1.043273601680994034e-03
