-7.099013775587081909e-03
-6.623516324907541275e-03
-7.240131963044404984e-03
-7.320368662476539612e-03
-3.493288531899452209e-03
-5.352749140001833439e-04
3.079655347391963005e-03
5.394126288592815399e-03
1.469249022193253040e-03
4.553807084448635578e-04
6.290136370807886124e-03
8.243092335760593414e-03
9.299431927502155304e-03
1.738011464476585388e-02
7.096409797668457031e-03
-6.597700994461774826e-04
3.123575821518898010e-03
9.981825947761535645e-03
1.519091892987489700e-02
1.390376966446638107e-02
1.133391261100769043e-02
2.362029254436492920e-02
7.400318048894405365e-03
1.231447700411081314e-02
2.267316542565822601e-02
1.688074879348278046e-02
2.246401458978652954e-02
8.477588184177875519e-03
4.269908368587493896e-02
1.533680874854326248e-02
2.952691912651062012e-02
2.512472495436668396e-02
1.915993541479110718e-02
3.354211151599884033e-02
1.351326517760753632e-02
1.533781271427869797e-02
2.725562267005443573e-02
6.060949061065912247e-03
3.247255831956863403e-02
6.206491030752658844e-03
2.560099214315414429e-02
1.013823412358760834e-02
1.094685960561037064e-02
1.807008311152458191e-02
-1.498599769547581673e-03
2.494736388325691223e-02
2.882553730159997940e-03
-1.096682390198111534e-03
3.571500256657600403e-02
-3.449919819831848145e-02
4.529048874974250793e-02
-2.136468328535556793e-02
7.972182705998420715e-03
-2.490437356755137444e-03
6.997227668762207031e-03
-3.092026337981224060e-02
2.636215835809707642e-02
-4.449229687452316284e-02
-3.634252818301320076e-03
-3.900245763361454010e-03
-4.905258864164352417e-02
1.096796430647373199e-02
-5.143037065863609314e-02
-9.946244768798351288e-03
-3.503796085715293884e-02
-3.020254522562026978e-02
-2.949315682053565979e-02
-3.904096037149429321e-02
-2.451068535447120667e-02
-6.349264830350875854e-02
-1.024671830236911774e-03
-8.679547160863876343e-02
-1.519444398581981659e-03
-7.600147277116775513e-02
-2.700609154999256134e-02
-6.296548247337341309e-02
-4.297435656189918518e-02
-5.215854570269584656e-02
-5.433627963066101074e-02
-4.847087338566780090e-02
-5.057715252041816711e-02
-7.886924594640731812e-02
-2.182563953101634979e-02
-9.773491322994232178e-02
-3.190748393535614014e-02
-6.202200055122375488e-02
-8.397144079208374023e-02
-3.862516954541206360e-02
-6.785938143730163574e-02
-8.622328191995620728e-02
-3.035568632185459137e-03
-1.228391826152801514e-01
-3.021754138171672821e-02
-7.379972934722900391e-02
-7.810457795858383179e-02
-2.946040965616703033e-02
-1.063037365674972534e-01
-3.965350985527038574e-02
-6.518661975860595703e-02
-8.194224536418914795e-02
-9.850215166807174683e-03
-1.098640859127044678e-01
-1.164982561022043228e-02
-9.772129356861114502e-02
-9.608464315533638000e-03
-7.947892695665359497e-02
-4.741673171520233154e-02
-3.748534619808197021e-02
-9.798260778188705444e-02
-1.060697808861732483e-02
-3.270442411303520203e-02
-7.931050658226013184e-02
-2.006446197628974915e-02
-9.176259487867355347e-02
-1.876202411949634552e-02
-7.241093367338180542e-02
-4.343473352491855621e-03
-6.773240398615598679e-03
-9.098577499389648438e-02
-2.434290386736392975e-02
-2.658006921410560608e-02
-1.115830764174461365e-01
-4.266424104571342468e-02
-3.514625132083892822e-02
-1.032686792314052582e-02
3.834978997474536300e-05
-8.835186362266540527e-01
1.276813268661499023e+00
-1.024686694145202637e+00
