1.581984543008729815e-04
-4.348723217844963074e-03
-2.295490121468901634e-03
2.065354492515325546e-03
7.115436601452529430e-04
-1.753255026414990425e-03
-5.245194188319146633e-04
-9.980915638152509928e-05
-2.246352145448327065e-03
-2.057371195405721664e-03
8.004536502994596958e-04
-3.424211405217647552e-03
5.229574162513017654e-04
-1.611206564120948315e-03
-1.414844766259193420e-03
-1.872888067737221718e-03
-1.236996031366288662e-03
-3.909413702785968781e-03
-4.470645915716886520e-03
-3.066238947212696075e-03
-3.487122012302279472e-03
-4.695577546954154968e-03
-5.598044954240322113e-03
-6.440842989832162857e-03
-8.805939927697181702e-03
-1.071775052696466446e-02
-1.530910842120647430e-02
-2.189360558986663818e-02
-3.758942708373069763e-02
-7.483137398958206177e-02
-1.778702884912490845e-01
4.177596867084503174e-01
5.667439699172973633e-01
-1.036527007818222046e-01
-4.064770042896270752e-02
-1.662406511604785919e-02
-6.857687141746282578e-03
-2.286615781486034393e-03
-8.637102437205612659e-04
8.970461785793304443e-04
-2.711012784857302904e-04
4.743228200823068619e-04
-2.700260374695062637e-04
1.884507015347480774e-03
-5.861259414814412594e-04
2.244189614430069923e-03
1.412317622452974319e-03
8.074453216977417469e-04
1.719648367725312710e-03
-6.759395473636686802e-04
1.592341461218893528e-03
-2.024879213422536850e-03
2.778493566438555717e-03
2.032883348874747753e-04
-2.646054781507700682e-04
1.733014709316194057e-03
2.872755983844399452e-03
4.722367739304900169e-04
9.366183658130466938e-04
1.824488979764282703e-03
1.145009649917483330e-03
2.945682965219020844e-03
-6.009550415910780430e-04
-1.579545205458998680e-04
1.537082949653267860e-03
