2.498447746038436890e-01
1.726840585470199585e-01
1.521165966987609863e-01
1.106236353516578674e-01
7.964307069778442383e-02
6.372132897377014160e-02
3.412584960460662842e-02
1.011971905827522278e-01
9.645120799541473389e-02
2.982705086469650269e-02
5.347516015172004700e-02
8.095005899667739868e-02
6.696853786706924438e-02
2.848715521395206451e-02
4.938155785202980042e-02
3.922250494360923767e-02
4.421582818031311035e-02
5.216173082590103149e-02
2.260102145373821259e-02
4.900374263525009155e-02
4.613804817199707031e-02
7.339704781770706177e-02
4.473271220922470093e-02
4.994264617562294006e-02
1.152365207672119141e-01
2.624394372105598450e-03
1.277776062488555908e-01
-1.947483047842979431e-03
1.633028537034988403e-01
2.396562136709690094e-02
5.896441265940666199e-02
1.480974107980728149e-01
2.945312112569808960e-02
1.216128990054130554e-01
1.083832979202270508e-02
1.250635832548141479e-01
7.297539710998535156e-02
5.590430274605751038e-02
1.178103834390640259e-01
4.023454338312149048e-02
1.190395578742027283e-01
-1.190231763757765293e-03
1.325663626194000244e-01
9.157986193895339966e-02
3.648539632558822632e-02
1.924506574869155884e-02
1.771058589220046997e-01
-7.302385568618774414e-02
1.011245250701904297e-01
1.283101737499237061e-01
1.548164337873458862e-02
3.936693072319030762e-02
2.618314139544963837e-02
1.073165312409400940e-01
5.902504175901412964e-02
6.591522693634033203e-02
9.576664306223392487e-03
6.705622375011444092e-02
1.385960169136524200e-02
6.829703599214553833e-02
8.509977161884307861e-02
-4.563484713435173035e-02
1.003197878599166870e-01
1.644026115536689758e-02
1.188648026436567307e-02
1.759736798703670502e-02
4.066155478358268738e-02
1.503403019160032272e-02
2.276353072375059128e-03
1.978110708296298981e-02
-3.557554632425308228e-02
9.073798358440399170e-02
-8.082343637943267822e-02
7.014774531126022339e-02
-1.762674562633037567e-02
-2.026548422873020172e-02
-8.194628753699362278e-04
1.774347387254238129e-02
-6.372328847646713257e-02
-2.185717038810253143e-02
5.506128445267677307e-02
-4.295361414551734924e-02
-9.400798380374908447e-02
2.278208360075950623e-02
3.589507192373275757e-02
-1.007902398705482483e-01
1.793255098164081573e-02
-1.003302540630102158e-02
-5.295356363058090210e-02
-4.886461421847343445e-02
9.778035804629325867e-03
-3.399788588285446167e-02
-3.937328234314918518e-03
-4.286218434572219849e-02
-5.925706028938293457e-02
1.126609370112419128e-02
-4.410306364297866821e-02
-5.281198769807815552e-02
-1.405765581876039505e-02
-2.967207133769989014e-02
-1.603049784898757935e-02
-3.586155921220779419e-02
-4.611421748995780945e-02
-4.661585018038749695e-02
2.282858826220035553e-03
-1.504062563180923462e-01
-1.807646593078970909e-03
-3.338409587740898132e-02
-5.658206064254045486e-03
-6.511028856039047241e-02
-1.571833156049251556e-02
-1.363669615238904953e-02
-1.049705594778060913e-02
-6.801923271268606186e-03
-1.993504585698246956e-03
-2.270882250741124153e-03
-2.064574277028441429e-03
-2.831139136105775833e-03
-5.462448112666606903e-03
-4.555087070912122726e-03
-2.443425124511122704e-03
-2.268898300826549530e-03
-1.951432786881923676e-03
-1.342603238299489021e-03
-5.251363618299365044e-04
7.769747171550989151e-04
1.373245380818843842e-03
1.235835661645978689e-04
-2.717780298553407192e-04
