-5.694258958101272583e-03
-8.389344438910484314e-03
-6.973988376557826996e-03
-8.892821148037910461e-03
-1.553747989237308502e-02
-1.982797496020793915e-02
-3.512004017829895020e-02
-7.529453188180923462e-02
-1.356644928455352783e-01
4.051187932491302490e-01
-1.517987400293350220e-01
1.685124705545604229e-03
1.065860688686370850e-02
1.560274325311183929e-02
1.252961065620183945e-02
8.761829696595668793e-03
6.975196767598390579e-03
3.828444750979542732e-03
2.344749867916107178e-03
-1.427302137017250061e-03
-1.205669716000556946e-03
