-1.213748357258737087e-03
-2.863476285710930824e-03
1.066984958015382290e-03
-5.014919210225343704e-03
-2.987643703818321228e-03
-6.046163616701960564e-04
1.229963265359401703e-03
1.324352342635393143e-03
-2.488987287506461143e-03
-9.683080133982002735e-04
1.469541341066360474e-03
-1.594655041117221117e-04
-2.812391612678766251e-03
-2.591664437204599380e-03
4.594204947352409363e-04
1.261941739358007908e-03
-4.639058024622499943e-04
1.257448806427419186e-03
-1.440379535779356956e-03
-8.491065236739814281e-04
4.904338275082409382e-04
-9.003666928038001060e-04
-9.537304867990314960e-04
9.192452998831868172e-04
1.461591338738799095e-03
2.492320199962705374e-04
1.093577477149665356e-03
5.813786759972572327e-03
1.546665467321872711e-02
4.619059711694717407e-02
1.121904477477073669e-01
-3.762491643428802490e-01
-4.508487582206726074e-01
1.552211940288543701e-01
7.201626896858215332e-02
3.448049351572990417e-02
1.940715126693248749e-02
1.258951518684625626e-02
8.859691210091114044e-03
7.441306486725807190e-03
6.437361240386962891e-03
5.646581761538982391e-03
4.299683496356010437e-03
4.481390584260225296e-03
3.514974145218729973e-03
4.794057458639144897e-03
3.197366138920187950e-03
2.266178140416741371e-03
2.751459367573261261e-03
6.619077757932245731e-04
7.238198886625468731e-04
1.989972544834017754e-03
1.503436011262238026e-03
1.065036631189286709e-04
1.477801590226590633e-03
1.372442347928881645e-03
5.382839590311050415e-04
-2.688010223209857941e-03
2.111157402396202087e-03
6.057817954570055008e-04
-2.194172237068414688e-03
2.936771779786795378e-04
-1.400961074978113174e-03
-1.995116472244262695e-03
-1.315993024036288261e-03
