2.655562711879611015e-03
-7.331726374104619026e-04
-1.624916563741862774e-03
1.990450313314795494e-03
-6.088476511649787426e-04
1.702341949567198753e-03
2.851585857570171356e-03
5.179481813684105873e-04
-6.538324523717164993e-04
1.455205609090626240e-03
2.037627709796652198e-04
6.388500332832336426e-04
9.267323184758424759e-04
4.088101908564567566e-03
1.833563786931335926e-03
-3.027183120138943195e-04
1.288616796955466270e-03
2.695540897548198700e-03
1.667280215770006180e-03
2.293466590344905853e-03
2.906991168856620789e-03
4.541971429716795683e-04
-5.052930791862308979e-04
-4.856692685279995203e-04
6.616582395508885384e-04
1.921128598041832447e-03
-6.665285327471792698e-04
1.664821873418986797e-03
1.155359670519828796e-03
1.377970911562442780e-03
4.602834524121135473e-04
1.041944720782339573e-03
1.908509293571114540e-03
2.883015840779989958e-04
8.231217507272958755e-04
8.678886224515736103e-04
4.055292520206421614e-04
7.612733752466738224e-04
1.471832045353949070e-03
1.834491034969687462e-03
2.010555006563663483e-03
1.035370281897485256e-03
2.654575044289231300e-03
1.295358291827142239e-03
2.776218345388770103e-03
2.578022191300988197e-03
4.543221555650234222e-03
3.810983849689364433e-03
3.590647131204605103e-03
5.628522019833326340e-03
5.422423593699932098e-03
8.110607042908668518e-03
8.037543855607509613e-03
6.742781493812799454e-03
1.119858026504516602e-02
1.397063210606575012e-02
1.442674733698368073e-02
2.028547413647174835e-02
2.531184256076812744e-02
3.515216335654258728e-02
5.693593248724937439e-02
9.379898011684417725e-02
1.280401647090911865e-01
3.299235999584197998e-01
2.436601519584655762e-01
1.381664723157882690e-01
8.840130269527435303e-02
4.475748911499977112e-02
2.937334217131137848e-02
2.066298201680183411e-02
1.522771734744310379e-02
1.082996744662523270e-02
8.846941404044628143e-03
5.793944466859102249e-03
3.984654322266578674e-03
4.966038279235363007e-03
4.245130810886621475e-03
3.192913951352238655e-03
3.370177699252963066e-03
1.939561916515231133e-03
1.516077434644103050e-03
1.170131843537092209e-03
8.915602229535579681e-04
1.109030912630259991e-03
2.106793923303484917e-03
1.261917874217033386e-03
8.342402288690209389e-04
8.971927454695105553e-04
7.141144596971571445e-04
2.921912819147109985e-04
-5.656172288581728935e-05
2.091020112857222557e-03
5.593063542619347572e-04
-1.284835016122087836e-04
-9.758648957358673215e-05
-3.516464130370877683e-05
7.730578072369098663e-04
1.209956710226833820e-03
9.886989137157797813e-04
-1.338627625955268741e-04
-2.334923192393034697e-04
1.417278544977307320e-03
-4.643217544071376324e-04
-2.844942791853100061e-04
1.131219556555151939e-03
3.722535038832575083e-04
-2.135558752343058586e-03
1.083207433111965656e-03
2.595587866380810738e-04
-7.708992925472557545e-04
1.781442697392776608e-04
7.357301656156778336e-04
2.315760793862864375e-04
-2.363352250540629029e-04
-2.199012087658047676e-03
3.141658962704241276e-04
4.693449300248175859e-04
-7.980696973390877247e-04
-1.624118187464773655e-03
-3.177292877808213234e-03
7.030501728877425194e-04
-2.797210821881890297e-03
1.408167736371979117e-04
-2.784009557217359543e-03
-1.897430163808166981e-03
-2.370840171352028847e-03
1.054021413438022137e-03
2.043149870587512851e-04
2.338576130568981171e-03
