-8.842687010765075684e-01
2.357871681451797485e-01
-2.089644782245159149e-03
-1.866055838763713837e-02
-2.155741676688194275e-02
-4.172725602984428406e-02
-1.856354810297489166e-02
-4.677734524011611938e-02
-1.028348691761493683e-02
-1.054819971323013306e-01
-2.029156312346458435e-03
-7.418628036975860596e-02
-2.692435123026371002e-02
-2.503077127039432526e-02
-1.393942981958389282e-01
3.250925874453969300e-05
-1.271812021732330322e-01
-5.814850702881813049e-02
-2.891587279736995697e-02
-1.637362241744995117e-01
-1.075319945812225342e-03
-1.149674057960510254e-01
-7.814212888479232788e-02
-4.260387644171714783e-02
-8.776468038558959961e-02
-5.326312407851219177e-02
-6.037973240017890930e-02
-3.207198530435562134e-02
-7.286486029624938965e-02
-5.158142745494842529e-02
1.517771650105714798e-02
-1.090994849801063538e-01
1.058695837855339050e-02
-1.229242421686649323e-02
-4.273043572902679443e-02
8.106922730803489685e-03
-1.480490248650312424e-02
3.327773883938789368e-02
-1.882372610270977020e-02
5.821564118377864361e-04
9.676486998796463013e-02
-8.816894143819808960e-02
1.129891872406005859e-01
1.389422686770558357e-04
1.753454795107245445e-03
5.855992436408996582e-02
1.467645261436700821e-02
4.987379536032676697e-03
6.667537242174148560e-02
1.258616521954536438e-02
3.800080390647053719e-03
6.682591140270233154e-02
9.987059049308300018e-03
1.284802705049514771e-02
4.334898665547370911e-02
8.064941503107547760e-03
1.993704587221145630e-02
9.213089942932128906e-03
3.254559123888611794e-03
9.577401797287166119e-04
1.120692584663629532e-03
2.431783359497785568e-03
1.578923780471086502e-03
2.150514046661555767e-04
-5.913095665164291859e-04
