-1.606271951459348202e-03
-1.304610865190625191e-03
-1.676394604146480560e-03
-1.122425775974988937e-03
-3.209445625543594360e-03
-5.975259002298116684e-03
-7.745387498289346695e-03
-1.478237682022154331e-03
1.913003623485565186e-02
-6.592774391174316406e-02
-1.368736475706100464e-01
8.247301727533340454e-02
5.002907291054725647e-02
2.348547428846359253e-02
1.248498726636171341e-02
7.744252216070890427e-03
4.597136285156011581e-03
3.357181325554847717e-03
3.609866835176944733e-03
2.153535373508930206e-03
3.870889311656355858e-03
