1.329949445789679885e-04
-4.499501665122807026e-04
4.006881499662995338e-04
5.756141617894172668e-04
-7.448397227562963963e-04
5.043808487243950367e-04
1.393040292896330357e-04
4.393458366394042969e-04
5.708706448785960674e-04
-1.825997460400685668e-04
6.485854391939938068e-04
6.095528806326910853e-05
-3.377547545824199915e-04
4.017142928205430508e-04
4.378058947622776031e-04
2.312667202204465866e-04
-7.955515757203102112e-04
6.249190191738307476e-04
-9.100879542529582977e-04
-6.793448119424283504e-05
-3.543855855241417885e-04
2.326343092136085033e-04
8.212620741687715054e-04
5.450355238281190395e-04
-1.844821090344339609e-04
-2.850774217222351581e-05
-1.097395317628979683e-03
-1.813657872844487429e-04
4.012833232991397381e-05
-1.237326796399429440e-04
1.244280429091304541e-04
5.733948637498542666e-05
4.565078415907919407e-05
3.361949929967522621e-04
1.566146238474175334e-04
3.738606437764246948e-06
-2.879776002373546362e-05
1.178638311102986336e-03
3.446304472163319588e-04
7.188524468801915646e-04
3.269186418037861586e-04
3.445937472861260176e-04
3.473200195003300905e-04
1.124165719375014305e-03
1.568679545016493648e-05
7.304875180125236511e-04
6.581139750778675079e-04
1.221535727381706238e-03
2.733875589910894632e-04
1.421420951373875141e-03
1.491078524850308895e-03
1.645774347707629204e-03
2.731362357735633850e-03
2.665702952072024345e-03
3.986890893429517746e-03
4.030933603644371033e-03
6.652410142123699188e-03
9.931784123182296753e-03
1.405873894691467285e-02
2.255467884242534637e-02
4.076385125517845154e-02
9.693067520856857300e-02
2.420349419116973877e-01
-6.337347030639648438e-01
-6.347362995147705078e-01
2.672716975212097168e-01
1.053832918405532837e-01
4.737177491188049316e-02
2.730611898005008698e-02
1.872929930686950684e-02
1.265029888600111008e-02
9.281975217163562775e-03
7.669798564165830612e-03
5.977855063974857330e-03
4.883462097495794296e-03
4.068037495017051697e-03
2.636736724525690079e-03
2.491500694304704666e-03
2.116582123562693596e-03
2.254048828035593033e-03
1.983579248189926147e-03
1.484282198362052441e-03
1.662601949647068977e-03
1.285764155909419060e-03
1.520312507636845112e-03
1.233145128935575485e-03
1.140463165938854218e-03
6.642939988523721695e-04
7.463675574399530888e-04
6.230910075828433037e-04
6.806579767726361752e-04
7.996568456292152405e-04
1.195461372844874859e-03
8.141478174366056919e-04
8.736746967770159245e-04
6.866441108286380768e-04
6.337024969980120659e-04
-4.864669754169881344e-04
5.921629053773358464e-05
-3.430422220844775438e-04
7.290848297998309135e-04
2.417585346847772598e-04
-1.432049612049013376e-05
3.708165604621171951e-04
1.122002373449504375e-03
1.048981794156134129e-03
-2.075892116408795118e-04
1.586187281645834446e-04
5.851193564012646675e-04
7.594368653371930122e-04
-2.065903099719434977e-04
3.413874655961990356e-04
2.059760008705779910e-04
7.299098651856184006e-04
-5.908742896281182766e-04
-2.153039531549438834e-04
-1.213749521411955357e-03
5.256276344880461693e-04
6.697846692986786366e-04
-4.037320468341931701e-05
1.505789696238934994e-04
-3.164493318763561547e-05
1.259874203242361546e-03
-1.033779932186007500e-03
1.285767648369073868e-04
-2.430898348393384367e-05
5.550815840251743793e-04
9.421453578397631645e-04
6.260923109948635101e-04
