-1.406116411089897156e-03
-9.213069570250809193e-04
-2.755226567387580872e-03
-5.719956941902637482e-03
-6.238528992980718613e-03
-6.963382940739393234e-03
-1.201558019965887070e-02
-5.469860043376684189e-03
1.253260951489210129e-02
-7.625842839479446411e-02
-1.496887505054473877e-01
9.587314724922180176e-02
5.898900702595710754e-02
2.672160603106021881e-02
1.437037624418735504e-02
1.076074969023466110e-02
4.875125363469123840e-03
2.673012204468250275e-03
9.966176003217697144e-04
3.675939282402396202e-03
4.736060742288827896e-03
