2.332192147150635719e-03
6.557115702889859676e-04
-2.706975676119327545e-03
-3.995736315846443176e-02
-3.820023732259869576e-03
-3.784160315990447998e-02
-7.453618943691253662e-02
-8.604612946510314941e-02
1.838496923446655273e-01
-2.629217505455017090e-01
2.279629409313201904e-01
1.697280816733837128e-02
-5.255712196230888367e-02
2.534748613834381104e-01
-1.450093230232596397e-03
7.793217897415161133e-02
1.281234771013259888e-01
3.654989227652549744e-02
2.970040775835514069e-03
3.684362163767218590e-03
2.311754971742630005e-01
