-4.287137184292078018e-03
-3.476897254586219788e-03
-4.831644706428050995e-03
-7.406961172819137573e-03
-6.439588498324155807e-03
-1.304995641112327576e-02
-2.346893027424812317e-02
-5.126669257879257202e-02
-8.493531495332717896e-02
1.456295996904373169e-01
6.077374517917633057e-02
-1.905772835016250610e-02
2.544987248256802559e-03
8.914784528315067291e-03
5.272791720926761627e-03
3.502476029098033905e-03
2.114756265655159950e-03
1.397183164954185486e-03
1.273897709324955940e-03
-8.832249441184103489e-04
-3.320424119010567665e-03
