-1.103485703468322754e+00
6.171408891677856445e-01
-6.331065297126770020e-02
-4.610307887196540833e-02
-1.447106152772903442e-01
-3.844787133857607841e-03
-1.748788403347134590e-03
-1.190664619207382202e-01
-2.789082191884517670e-02
-3.085748851299285889e-02
-1.936265081167221069e-02
-1.310051381587982178e-01
-2.346617542207241058e-02
-5.850416421890258789e-02
-9.321192279458045959e-03
-4.780796170234680176e-02
-7.870816439390182495e-02
-2.386836521327495575e-02
-6.999763101339340210e-02
-6.249653548002243042e-02
-4.165481775999069214e-03
-1.006686016917228699e-01
-3.805424552410840988e-03
-1.129219904541969299e-01
-1.231998298317193985e-02
-1.073044314980506897e-01
-2.682901732623577118e-02
-7.752019912004470825e-02
-6.802974641323089600e-02
-5.321360006928443909e-02
-9.442573785781860352e-02
-2.129438653355464339e-04
-1.273415088653564453e-01
1.651488419156521559e-04
-1.467799842357635498e-01
-3.270848537795245647e-04
-1.290077120065689087e-01
-5.668616294860839844e-02
-2.557015419006347656e-02
-1.460656523704528809e-01
-1.191394752822816372e-03
-1.087210103869438171e-01
-5.156361311674118042e-02
-7.949113845825195312e-02
-8.406824618577957153e-02
-1.440642308443784714e-02
-1.365607380867004395e-01
-2.685558982193470001e-02
-4.308970272541046143e-02
-1.216078847646713257e-01
-1.543756457976996899e-03
-7.563502341508865356e-02
-8.317858725786209106e-02
7.389038335531949997e-03
-1.251804232597351074e-01
9.652025997638702393e-03
-7.320818305015563965e-02
-5.730953812599182129e-02
-2.896298840641975403e-02
-2.390270680189132690e-02
-8.781012147665023804e-02
1.528058759868144989e-02
-6.618577986955642700e-02
-1.768157258629798889e-02
-4.463249444961547852e-02
9.149460121989250183e-03
-8.656235784292221069e-02
5.256238579750061035e-02
-7.071233540773391724e-02
-7.135542109608650208e-03
3.267510235309600830e-02
-7.716673612594604492e-02
4.111377522349357605e-02
7.771814707666635513e-03
-5.445528030395507812e-02
6.339357793331146240e-02
-2.077648602426052094e-02
1.101738074794411659e-03
3.381530940532684326e-02
-1.011635921895503998e-02
3.590167686343193054e-02
-1.643291558139026165e-03
3.118003159761428833e-02
1.184280589222908020e-02
2.982920780777931213e-02
1.423873589374125004e-03
4.839503765106201172e-02
4.175697918981313705e-03
3.776531666517257690e-02
1.412419718690216541e-03
5.304436013102531433e-02
3.367066849023103714e-03
2.641378715634346008e-02
3.907313197851181030e-02
1.213601976633071899e-02
3.614889085292816162e-02
3.864204511046409607e-02
6.538287736475467682e-03
3.901236131787300110e-02
2.583849243819713593e-02
8.702858351171016693e-03
6.040907651185989380e-02
2.990730805322527885e-03
1.277324743568897247e-03
8.894457278074696660e-05
5.274256691336631775e-02
4.957817494869232178e-03
2.376608550548553467e-02
1.111431792378425598e-02
2.601387165486812592e-02
9.171683341264724731e-03
7.645603734999895096e-03
1.032576989382505417e-02
1.714563556015491486e-02
1.347901485860347748e-02
1.085013500414788723e-03
-1.486855442635715008e-03
-6.153142894618213177e-04
-1.093174098059535027e-03
-1.264131627976894379e-03
-2.422068035230040550e-03
-5.950214341282844543e-03
-8.980391547083854675e-03
-1.227567158639431000e-02
-9.258337318897247314e-03
-6.400501821190118790e-03
-7.533070165663957596e-03
-1.029823161661624908e-02
-1.055255159735679626e-02
