2.536582527682185173e-03
4.531387239694595337e-04
-1.574685011291876435e-04
1.637805486097931862e-03
-5.080714618088677526e-05
-8.758140611462295055e-04
8.422858663834631443e-04
7.494500023312866688e-04
-1.515728072263300419e-03
8.167237974703311920e-04
5.414998158812522888e-04
-1.789236674085259438e-03
1.114105689339339733e-04
6.222912925295531750e-04
6.493089604191482067e-04
-2.038959646597504616e-03
-1.224117004312574863e-03
-1.047571131493896246e-04
-1.661609625443816185e-03
-4.051965661346912384e-04
4.541453963611274958e-04
-1.051432918757200241e-03
-3.345056029502302408e-04
-1.109757111407816410e-03
1.600179821252822876e-04
4.950746078975498676e-04
2.256667939946055412e-03
5.767960567027330399e-03
1.615639962255954742e-02
4.379394277930259705e-02
1.131571307778358459e-01
-3.641967177391052246e-01
-4.462588429450988770e-01
1.558312475681304932e-01
7.206546515226364136e-02
3.347530588507652283e-02
2.035593241453170776e-02
1.327037904411554337e-02
9.448637254536151886e-03
9.109106846153736115e-03
6.310733966529369354e-03
5.810958798974752426e-03
3.872318891808390617e-03
2.851768629625439644e-03
3.147620009258389473e-03
2.475951565429568291e-03
2.530683297663927078e-03
2.557613654062151909e-03
1.454038079828023911e-03
4.334463301347568631e-05
1.600681338459253311e-03
2.770613413304090500e-03
1.352192043668765109e-06
3.172543365508317947e-04
1.053423504345118999e-03
1.184314489364624023e-03
-6.797461537644267082e-04
6.505097844637930393e-04
-1.793167204596102238e-03
1.054458436556160450e-03
-2.630170783959329128e-04
6.743310368619859219e-04
9.974602144211530685e-04
6.708147702738642693e-04
-6.931981770321726799e-04
