-3.225935157388448715e-03
1.226157532073557377e-03
-1.691738143563270569e-03
-2.990758046507835388e-03
4.788199439644813538e-03
-3.194658085703849792e-03
-3.997943829745054245e-03
-2.308528171852231026e-03
-1.791994203813374043e-03
-3.895872272551059723e-03
-1.290124026127159595e-03
-2.762041287496685982e-03
-4.323171917349100113e-03
-6.089113652706146240e-03
-6.934954319149255753e-03
-9.093761444091796875e-03
-7.179011125117540359e-03
-9.621105156838893890e-03
-9.241621941328048706e-03
-9.645109996199607849e-03
-8.503950200974941254e-03
-7.582150399684906006e-03
-4.360811784863471985e-03
-5.253445822745561600e-03
-9.505592286586761475e-03
-2.199009992182254791e-02
-5.662157759070396423e-02
-1.238656714558601379e-01
-2.196826189756393433e-01
-2.663910686969757080e-01
-1.779322326183319092e-01
-2.254208326339721680e-01
-5.292765498161315918e-01
2.245005518198013306e-01
3.187680989503860474e-02
-4.856800287961959839e-02
-3.415363654494285583e-02
-5.775180645287036896e-03
8.218456059694290161e-03
1.501969341188669205e-02
1.200414542108774185e-02
8.979439735412597656e-03
6.405999884009361267e-03
3.384322859346866608e-03
2.409927546977996826e-03
3.167257818859070539e-04
-5.790434079244732857e-04
9.803165448829531670e-04
3.305876161903142929e-04
7.755770930089056492e-04
1.679342007264494896e-03
-7.685262826271355152e-04
3.514848940540105104e-04
-4.038026672787964344e-04
-1.192557276226580143e-03
7.747169584035873413e-04
4.878242965787649155e-03
1.175771583802998066e-03
2.417475916445255280e-03
1.210291753523051739e-03
-1.530856708995997906e-03
-1.988010248169302940e-03
-4.054316785186529160e-03
-6.892852019518613815e-03
-1.616801950149238110e-03
