-2.329961629584431648e-03
7.149298209697008133e-03
8.240740746259689331e-03
-2.549496944993734360e-03
-1.209094305522739887e-03
2.012505428865551949e-03
9.552144445478916168e-03
2.884063869714736938e-03
-8.487665327265858650e-04
3.874650690704584122e-03
-3.502792096696794033e-04
8.956057950854301453e-03
4.454650916159152985e-03
7.664415985345840454e-03
4.481587093323469162e-03
2.156190806999802589e-03
4.373779986053705215e-03
9.121511247940361500e-04
4.649086855351924896e-03
6.611452437937259674e-03
3.963178955018520355e-03
3.682728623971343040e-03
6.930678617209196091e-03
8.674105629324913025e-03
9.589700959622859955e-03
1.317685935646295547e-02
1.792423613369464874e-02
2.452860586345195770e-02
4.162174463272094727e-02
8.143453299999237061e-02
1.701501458883285522e-01
-5.621274709701538086e-01
-4.414091408252716064e-01
1.138829365372657776e-01
4.876097291707992554e-02
2.175842598080635071e-02
1.018341071903705597e-02
5.215363111346960068e-03
2.394922543317079544e-03
1.425339025445282459e-03
-3.176045720465481281e-04
1.001208438538014889e-03
-7.447633543051779270e-04
-1.990548800677061081e-03
-2.399816876277327538e-04
8.179880678653717041e-04
5.638220463879406452e-04
-1.839551259763538837e-04
1.094684354029595852e-03
7.601200486533343792e-04
7.985102129168808460e-04
-2.067655790597200394e-03
5.140633787959814072e-03
-3.513452829793095589e-03
3.191073192283511162e-04
-5.467774346470832825e-03
3.453425597399473190e-03
6.827119272202253342e-03
-3.391268197447061539e-03
-1.480622799135744572e-03
2.556501189246773720e-03
1.029751822352409363e-02
7.437472231686115265e-03
9.425489231944084167e-03
8.292278274893760681e-03
