-6.053728284314274788e-04
-1.642647315748035908e-03
-1.260487362742424011e-02
-4.934248863719403744e-04
-7.737253606319427490e-02
-3.268645703792572021e-02
-2.092398144304752350e-02
-8.302832022309303284e-03
-1.117880195379257202e-01
9.996748715639114380e-02
5.386261641979217529e-02
-1.003514230251312256e-01
2.398670911788940430e-01
-8.588802069425582886e-03
5.146494507789611816e-02
2.299757301807403564e-01
2.169058658182621002e-03
3.062742576003074646e-02
2.614545170217752457e-03
9.542292100377380848e-04
3.357227742671966553e-01
