1.109987735748291016e+00
-4.783620536327362061e-01
8.798229391686618328e-04
5.898175761103630066e-02
1.101252660155296326e-01
6.769128958694636822e-04
8.289000019431114197e-03
8.603549003601074219e-02
4.739950224757194519e-02
1.968783512711524963e-02
1.421490963548421860e-02
1.296399235725402832e-01
1.847638189792633057e-02
4.171746782958507538e-03
1.084467247128486633e-01
8.066962473094463348e-03
1.680947840213775635e-02
6.793082505464553833e-02
7.991115562617778778e-03
9.634724259376525879e-02
1.399155054241418839e-02
1.024175435304641724e-01
2.018619887530803680e-02
2.606438472867012024e-02
1.215312108397483826e-01
3.768210532143712044e-03
9.642906486988067627e-02
2.388801658526062965e-03
1.601820290088653564e-01
8.905900642275810242e-03
5.495385825634002686e-02
1.264868378639221191e-01
9.688304853625595570e-04
1.462909579277038574e-01
3.938525449484586716e-03
1.217253655195236206e-01
5.974071845412254333e-02
5.177361145615577698e-02
1.183538883924484253e-01
9.985514916479587555e-03
1.433700770139694214e-01
4.937637131661176682e-03
1.000009179115295410e-01
7.264430820941925049e-02
7.516854256391525269e-02
9.154750965535640717e-03
1.616732925176620483e-01
-1.496340706944465637e-02
8.306840062141418457e-02
8.222065865993499756e-02
2.415520511567592621e-02
8.437365293502807617e-02
3.046081028878688812e-02
7.467791438102722168e-02
2.994118817150592804e-02
6.736044585704803467e-02
2.137646451592445374e-02
8.033303916454315186e-02
1.223273202776908875e-02
4.294528067111968994e-02
7.563791424036026001e-02
-2.422814629971981049e-02
8.610818535089492798e-02
5.615986417979001999e-03
3.122766874730587006e-02
2.440965548157691956e-02
2.760515362024307251e-02
1.075764279812574387e-02
1.428989693522453308e-02
3.240906819701194763e-02
-3.047420084476470947e-02
7.503705471754074097e-02
-6.606595963239669800e-02
5.373287945985794067e-02
-2.039808221161365509e-02
-8.949029259383678436e-03
-2.559345215559005737e-03
-7.560605881735682487e-04
-2.181421965360641479e-02
-1.372159924358129501e-02
-8.807653561234474182e-03
-1.657508686184883118e-02
-3.664969652891159058e-02
-5.837909411638975143e-03
-1.703020068816840649e-03
-5.162251740694046021e-02
3.338095266371965408e-04
-1.594104059040546417e-02
-3.858760371804237366e-02
-2.072921022772789001e-02
-4.824283532798290253e-03
-4.764804989099502563e-02
-3.089137142524123192e-03
-2.732637338340282440e-02
-3.734460100531578064e-02
-7.163185626268386841e-03
-3.120785020291805267e-02
-3.475345298647880554e-02
-7.440458517521619797e-03
-4.415065050125122070e-02
-4.827100317925214767e-03
-2.800293266773223877e-02
-4.112086445093154907e-02
-1.796089857816696167e-02
-1.662977389059960842e-03
-7.171068340539932251e-02
-3.955577034503221512e-03
-1.301476452499628067e-02
-3.224408952519297600e-03
-2.703986130654811859e-02
-3.577771829441189766e-03
-9.714990854263305664e-03
-1.343533676117658615e-02
-7.087729405611753464e-03
-3.916067071259021759e-03
-3.973481711000204086e-03
-2.673696959391236305e-03
-1.826064195483922958e-03
-1.448070630431175232e-03
-4.759462317451834679e-04
1.026942860335111618e-03
1.419862150214612484e-03
-3.504367778077721596e-04
-2.468907274305820465e-03
-2.078109420835971832e-03
-1.090001664124429226e-03
-3.069259459152817726e-03
-5.770250223577022552e-03
-6.855704355984926224e-03
