-9.761679917573928833e-03
-1.058574020862579346e-02
-1.511764619499444962e-02
-1.528117060661315918e-02
-5.741040036082267761e-02
-2.333434298634529114e-03
-7.589538395404815674e-02
-1.779784448444843292e-03
-4.781735315918922424e-02
-8.510616607964038849e-03
-6.440191715955734253e-02
-7.901245262473821640e-04
-3.540286049246788025e-02
-3.925198689103126526e-02
2.807313576340675354e-02
6.804849952459335327e-02
-6.052130833268165588e-02
1.003714799880981445e-01
5.108778551220893860e-02
1.641135290265083313e-02
9.958107769489288330e-02
4.719383642077445984e-02
1.854609847068786621e-01
-5.843881145119667053e-02
2.416452020406723022e-01
-1.614509616047143936e-03
2.368560805916786194e-02
1.138228178024291992e-01
-1.642458955757319927e-03
-2.554051345214247704e-03
-6.416490301489830017e-03
-1.467987056821584702e-02
5.265784263610839844e-01
