1.103540649637579918e-03
-2.426451770588755608e-03
2.735420828685164452e-03
-3.401207504794001579e-04
-5.992281716316938400e-03
-2.217990113422274590e-03
-7.212891941890120506e-04
-3.422014182433485985e-03
-3.571311477571725845e-03
-1.633882347960025072e-04
-1.337522175163030624e-03
-1.271637593163177371e-04
-1.504905958427116275e-04
-5.546804168261587620e-04
4.309224023018032312e-04
-1.600374234840273857e-03
1.481367780797882006e-05
7.806795183569192886e-04
-2.943768398836255074e-03
-2.630068222060799599e-03
-1.372906146571040154e-03
-4.509910475462675095e-03
-4.426069557666778564e-03
-5.108489654958248138e-03
-6.847208831459283829e-03
-8.348724804818630219e-03
-1.320814248174428940e-02
-1.949659176170825958e-02
-3.511348366737365723e-02
-7.046627998352050781e-02
-1.540879607200622559e-01
4.381172657012939453e-01
3.684385120868682861e-01
-1.069622561335563660e-01
-4.320377483963966370e-02
-1.822155155241489410e-02
-6.675377022475004196e-03
-2.033155178651213646e-03
5.126019823364913464e-05
-7.230095070553943515e-05
1.472237403504550457e-03
2.085068263113498688e-03
1.580240088514983654e-03
3.185933455824851990e-04
1.117662992328405380e-03
2.250412246212363243e-03
1.907670754007995129e-03
2.798358444124460220e-03
4.132317379117012024e-03
2.149851992726325989e-03
3.261578269302845001e-03
3.482427913695573807e-03
1.955286599695682526e-03
2.302261535078287125e-03
4.895501304417848587e-03
2.953419461846351624e-03
1.538600539788603783e-03
9.234618046320974827e-04
-3.527871798723936081e-03
9.083108161576092243e-04
7.587918662466108799e-04
-1.377129810862243176e-03
-7.237131649162620306e-05
1.155833670054562390e-04
-1.274542650207877159e-03
