3.601807402446866035e-04
7.025342201814055443e-04
-1.059733214788138866e-03
-2.760681963991373777e-04
-9.104688069783151150e-04
-3.131423145532608032e-03
-1.984570641070604324e-03
-1.794970128685235977e-03
1.528346678242087364e-03
-1.337014138698577881e-03
-1.901686191558837891e-03
-7.197951199486851692e-04
-9.930313099175691605e-04
-2.688231179490685463e-03
3.553672228008508682e-03
6.487401551567018032e-04
-2.906998619437217712e-03
-3.813589864876121283e-04
1.061673392541706562e-03
-1.312420819886028767e-03
5.193490142119117081e-05
1.377359614707529545e-03
-1.066218464984558523e-04
-5.903767305426299572e-04
1.170958275906741619e-03
6.345894071273505688e-04
2.417586045339703560e-03
5.820020101964473724e-03
1.601758785545825958e-02
4.240851476788520813e-02
1.085781231522560120e-01
-3.313463926315307617e-01
-4.823209941387176514e-01
1.525149792432785034e-01
7.285484671592712402e-02
3.395777195692062378e-02
2.038229256868362427e-02
1.358929555863142014e-02
1.047640293836593628e-02
8.063680492341518402e-03
5.688777193427085876e-03
4.745411686599254608e-03
6.613055244088172913e-03
4.073781426995992661e-03
2.228470053523778915e-03
3.526246408000588417e-03
3.907965030521154404e-03
1.327236066572368145e-03
-2.967708314827177674e-05
5.383598618209362030e-04
3.095156745985150337e-03
3.374171443283557892e-03
-4.012794524896889925e-04
1.430998672731220722e-03
2.595517085865139961e-03
1.652539358474314213e-03
-1.449050498194992542e-03
5.453595076687633991e-04
-8.692661649547517300e-04
1.470541697926819324e-03
-4.155151546001434326e-03
2.564039314165711403e-03
-3.873790614306926727e-03
6.438951095333322883e-05
1.685219467617571354e-03
