7.284492850303649902e-01
-2.630358338356018066e-01
1.361482031643390656e-02
2.161410264670848846e-02
5.419054068624973297e-03
1.459530293941497803e-01
7.242154679261147976e-04
3.989811241626739502e-02
1.474788039922714233e-01
3.962240740656852722e-02
7.858838886022567749e-02
7.963418960571289062e-02
8.792666345834732056e-02
1.049069222062826157e-02
9.275380522012710571e-02
3.121783584356307983e-02
-3.157892497256398201e-03
9.183040261268615723e-02
-9.521515667438507080e-02
7.210112363100051880e-02
-5.991017073392868042e-02
-2.667973190546035767e-02
-6.239127367734909058e-03
-2.012538537383079529e-02
-6.343097239732742310e-02
-2.836641389876604080e-03
-5.181386601179838181e-03
-7.008288055658340454e-02
-2.915447345003485680e-03
-7.815604098141193390e-03
-2.860597334802150726e-03
7.947519770823419094e-04
1.600026967935264111e-03
