-9.879374504089355469e-01
6.028901338577270508e-01
-1.362450979650020599e-02
-1.652456521987915039e-01
2.762638032436370850e-03
-8.630494121462106705e-04
-1.343208085745573044e-02
-6.320890784263610840e-02
-5.269558634608983994e-03
-8.157210797071456909e-02
-6.751424632966518402e-03
-7.650519907474517822e-02
-5.455270409584045410e-02
-1.283934060484170914e-02
-1.480588316917419434e-01
-3.877810202538967133e-03
-1.148303598165512085e-01
-6.365887075662612915e-02
-1.167548261582851410e-02
-1.585409343242645264e-01
-3.929719794541597366e-03
-1.026638299226760864e-01
-7.129959762096405029e-02
-5.157037824392318726e-02
-7.820529490709304810e-02
-4.060350358486175537e-02
-7.306650280952453613e-02
-3.122925385832786560e-02
-5.499577149748802185e-02
-5.869618058204650879e-02
-8.206570637412369251e-04
-7.756885886192321777e-02
2.708232841541757807e-06
-2.735354937613010406e-02
-2.874881215393543243e-02
3.494231961667537689e-03
-1.613124087452888489e-02
1.008833199739456177e-02
-3.645085962489247322e-04
-1.459123217500746250e-03
4.884018003940582275e-02
-3.493645787239074707e-02
6.609889119863510132e-02
-3.360027039889246225e-04
4.939801990985870361e-03
5.462745949625968933e-02
6.585029186680912971e-04
7.940419600345194340e-04
6.230574101209640503e-02
1.214225892908871174e-03
-1.597379101440310478e-03
5.111870542168617249e-02
8.872744627296924591e-03
1.042356062680482864e-02
1.974547281861305237e-02
1.310255494900047779e-03
1.310773286968469620e-02
2.206700155511498451e-03
2.951955655589699745e-03
4.760573618113994598e-03
4.285670816898345947e-03
2.611855976283550262e-03
2.830049954354763031e-03
3.512879367917776108e-03
4.897907376289367676e-03
