8.955185767263174057e-04
1.104291150113567710e-04
-2.324249362573027611e-04
-1.543920300900936127e-02
-9.380259364843368530e-02
-2.138772234320640564e-02
-1.659822766669094563e-03
-3.522901237010955811e-02
-1.156150624155998230e-01
1.277793198823928833e-01
4.981571063399314880e-02
-1.292733103036880493e-01
2.617990374565124512e-01
-1.226594671607017517e-02
5.435246601700782776e-02
2.099126279354095459e-01
1.705789938569068909e-03
7.807900011539459229e-02
2.750754123553633690e-03
2.389534609392285347e-03
2.833340167999267578e-01
