-1.615059300092980266e-04
-9.274102922063320875e-05
1.089898978534620255e-05
-2.961639256682246923e-04
2.389843284618109465e-04
-2.538303378969430923e-04
-2.282733767060562968e-04
-9.829610462475102395e-06
2.243424241896718740e-04
7.952687155921012163e-05
-3.899892326444387436e-04
-1.839747419580817223e-04
1.310005027335137129e-04
2.797296328935772181e-04
-4.871848504990339279e-04
-1.731148659018799663e-04
-8.243090269388630986e-05
2.525664167478680611e-04
6.931745701876934618e-06
3.575792070478200912e-04
1.561138487886637449e-04
2.249025710625573993e-04
-4.359156882856041193e-04
9.969282837118953466e-05
1.431578275514766574e-04
1.618652459001168609e-04
-5.773323937319219112e-04
-8.802391239441931248e-04
-3.008686762768775225e-04
-3.018414718098938465e-04
-6.242465460672974586e-04
3.792543138843029737e-04
-7.366478093899786472e-04
-2.152551896870136261e-04
2.696620940696448088e-04
-5.930917686782777309e-04
-4.095520416740328074e-04
-3.547295345924794674e-04
-4.587442963384091854e-04
-7.107770652510225773e-04
-1.012596883811056614e-03
-7.768285577185451984e-04
-1.376798725686967373e-03
-1.260170247405767441e-03
-1.583808916620910168e-03
-1.024516765028238297e-03
-1.455725636333227158e-03
-2.413271926343441010e-03
-2.406421815976500511e-03
-1.871612737886607647e-03
-2.913936041295528412e-03
-3.302827943116426468e-03
-3.693686565384268761e-03
-5.204024724662303925e-03
-5.045780446380376816e-03
-7.433167658746242523e-03
-1.031547039747238159e-02
-1.376724243164062500e-02
-1.910563185811042786e-02
-2.959799021482467651e-02
-5.067781731486320496e-02
-1.088977754116058350e-01
-2.612741589546203613e-01
6.569395661354064941e-01
7.130854725837707520e-01
-2.537911534309387207e-01
-1.054583415389060974e-01
-4.609251767396926880e-02
-2.397399209439754486e-02
-1.411959156394004822e-02
-9.533974342048168182e-03
-7.978703826665878296e-03
-4.943653475493192673e-03
-3.585212863981723785e-03
-3.256291849538683891e-03
-3.202584106475114822e-03
-2.648754976689815521e-03
-2.017849124968051910e-03
-2.029013354331254959e-03
-9.134256979450583458e-04
-2.115722279995679855e-03
-6.341966800391674042e-04
-1.174565753899514675e-03
-4.446396487765014172e-04
-9.568170644342899323e-04
-5.828276625834405422e-04
-6.866059848107397556e-04
-3.074372070841491222e-04
-1.010047388263046741e-03
2.059123507933691144e-04
-4.404073988553136587e-04
-9.682166273705661297e-04
-3.114730934612452984e-04
-4.438186879269778728e-04
4.190222898614592850e-05
-9.535855497233569622e-04
-7.025696104392409325e-04
-9.986248187487944961e-06
-4.974721232429146767e-04
7.618481504323426634e-06
-1.780285965651273727e-04
-6.351452320814132690e-04
1.694052771199494600e-04
-4.369011148810386658e-04
6.611135177081450820e-05
-2.684939245227724314e-04
-5.314457230269908905e-04
-3.968804085161536932e-04
1.611615734873339534e-04
-5.180284497328102589e-04
-7.769744261167943478e-04
-3.155316517222672701e-04
4.176545917289331555e-05
2.366644912399351597e-04
-5.578234558925032616e-04
-1.618654641788452864e-04
-2.325929381186142564e-04
2.114084200002253056e-04
6.229973951121792197e-05
-2.929352340288460255e-04
1.324754612141987309e-05
1.485957091063028201e-05
-1.096430118195712566e-03
-2.839139488060027361e-04
-7.022841600701212883e-04
-5.844826227985322475e-04
-2.793230814859271049e-04
-8.565789321437478065e-04
2.971080732550035464e-07
