-3.220845712348818779e-03
5.525978049263358116e-04
-5.975600215606391430e-04
-1.907122554257512093e-03
5.822435487061738968e-04
1.752622774802148342e-03
-1.022553420625627041e-03
2.138504059985280037e-03
2.714778296649456024e-03
1.129319192841649055e-03
3.494399366900324821e-03
2.882775617763400078e-03
8.309002150781452656e-04
-1.155748218297958374e-02
-3.995969519019126892e-02
1.429992020130157471e-01
2.257094085216522217e-01
-8.603234589099884033e-02
-4.456077516078948975e-02
-2.211955375969409943e-02
-1.464609615504741669e-02
-9.230162017047405243e-03
-7.568113971501588821e-03
-7.897765375673770905e-03
-4.103047773241996765e-03
-2.757154405117034912e-03
-3.236676566302776337e-03
-1.424693502485752106e-03
-9.109995327889919281e-03
-1.930454513058066368e-03
-6.577271269634366035e-04
-6.494362605735659599e-04
-4.869834519922733307e-03
