-7.020527496933937073e-03
-7.665303070098161697e-03
-2.958560548722743988e-02
-3.482552245259284973e-02
-7.027135789394378662e-02
-6.637555779889225960e-04
1.916970941238105297e-04
-1.826020330190658569e-01
1.483231186866760254e-01
-9.807051718235015869e-02
7.655221968889236450e-02
5.998630449175834656e-02
1.077407505363225937e-02
6.946124881505966187e-02
2.147997170686721802e-01
-7.740840374026447535e-05
8.379363268613815308e-02
6.032298877835273743e-02
-2.713152905926108360e-03
-4.778765607625246048e-03
3.409969210624694824e-01
