1.150753140449523926e+00
-6.925880312919616699e-01
1.032688915729522705e-01
1.340187042951583862e-01
5.038072168827056885e-02
9.004946332424879074e-04
1.055497210472822189e-03
9.239318221807479858e-02
4.636907577514648438e-02
3.978792205452919006e-02
7.874278351664543152e-03
1.447754055261611938e-01
1.163480710238218307e-02
1.032317336648702621e-02
1.104136332869529724e-01
3.666616277769207954e-03
2.755728550255298615e-02
6.990294158458709717e-02
5.127120297402143478e-03
9.374596178531646729e-02
9.300604462623596191e-03
1.022130846977233887e-01
2.090305835008621216e-02
3.515177592635154724e-02
1.302096545696258545e-01
1.393155544064939022e-03
9.315548837184906006e-02
5.707304226234555244e-04
1.431194245815277100e-01
5.719365086406469345e-03
5.167537927627563477e-02
1.063774228096008301e-01
8.962465799413621426e-04
1.409859806299209595e-01
4.780508577823638916e-03
1.193493828177452087e-01
5.635340884327888489e-02
5.126281827688217163e-02
1.187876015901565552e-01
2.159176161512732506e-03
1.429864615201950073e-01
5.026574246585369110e-03
9.237965941429138184e-02
6.310111284255981445e-02
8.610989153385162354e-02
5.967782344669103622e-03
1.460384428501129150e-01
-3.207512898370623589e-03
7.975812256336212158e-02
7.597047090530395508e-02
2.513675391674041748e-02
8.663835376501083374e-02
2.851887233555316925e-02
7.351253181695938110e-02
3.066122531890869141e-02
6.939911097288131714e-02
1.994047500193119049e-02
8.039391040802001953e-02
1.573826931416988373e-02
3.979275375604629517e-02
7.197005301713943481e-02
-1.870881952345371246e-02
8.192109316587448120e-02
3.362824907526373863e-03
3.570332005620002747e-02
2.517756074666976929e-02
2.758651413023471832e-02
1.373395323753356934e-02
1.622600853443145752e-02
3.293612971901893616e-02
-2.898461557924747467e-02
7.044686377048492432e-02
-5.906787887215614319e-02
4.949924349784851074e-02
-2.042421698570251465e-02
-4.324909299612045288e-03
-2.727392595261335373e-03
-2.888965886086225510e-03
-1.717644929885864258e-02
-1.156715396791696548e-02
-1.050830632448196411e-02
-8.299318142235279083e-03
-2.805346995592117310e-02
-8.254582062363624573e-03
-2.210834063589572906e-04
-4.127514362335205078e-02
-1.220402191393077374e-03
-1.698465645313262939e-02
-3.289118036627769470e-02
-1.698101311922073364e-02
-3.518418874591588974e-03
-4.711313545703887939e-02
-3.765316214412450790e-03
-2.150035277009010315e-02
-2.917687408626079559e-02
-5.049599800258874893e-03
-2.761440910398960114e-02
-2.680798806250095367e-02
-2.506229095160961151e-03
-4.128414765000343323e-02
-1.339463330805301666e-02
-2.720056660473346710e-02
-3.680973127484321594e-02
-1.419562380760908127e-02
-5.558359902352094650e-03
-6.084156036376953125e-02
-7.014003116637468338e-03
-1.274046208709478378e-02
-8.786809048615396023e-04
-1.524086017161607742e-02
-4.217589274048805237e-03
-3.677056869491934776e-03
-2.439219271764159203e-03
-1.309356768615543842e-03
-1.687636366114020348e-03
-1.972834812477231026e-03
-2.078932709991931915e-03
-4.316774662584066391e-03
-6.715480703860521317e-03
-4.247995559126138687e-03
-2.657248871400952339e-03
-2.888036658987402916e-03
-2.696088748052716255e-03
-8.234898559749126434e-04
9.772407356649637222e-04
4.174464847892522812e-03
1.334528787992894650e-03
7.239877246320247650e-03
1.461612340062856674e-02
