4.370373208075761795e-04
5.975356907583773136e-04
1.983347116038203239e-03
3.606995800510048866e-03
1.387914759106934071e-03
9.435212705284357071e-04
-1.621112343855202198e-03
3.524605650454759598e-03
1.445609377697110176e-03
2.964287297800183296e-03
7.808099035173654556e-04
2.446748781949281693e-03
2.083793981000781059e-03
2.463965211063623428e-03
2.163643250241875648e-03
1.710097654722630978e-03
2.141031203791499138e-03
3.029812825843691826e-03
3.444303525611758232e-03
1.905822777189314365e-03
1.923618838191032410e-03
1.212496310472488403e-03
1.489806920289993286e-03
1.795888645574450493e-03
1.933742780238389969e-03
1.005579601041972637e-03
-1.387049793265759945e-03
-4.873070865869522095e-03
-1.354976184666156769e-02
-4.369882494211196899e-02
-1.111830472946166992e-01
3.592351973056793213e-01
4.504712820053100586e-01
-1.562631577253341675e-01
-7.360031455755233765e-02
-3.466505557298660278e-02
-1.903044246137142181e-02
-1.160928141325712204e-02
-7.650421932339668274e-03
-6.054678000509738922e-03
-6.281160749495029449e-03
-4.305071197450160980e-03
-3.474029013887047768e-03
-3.209207439795136452e-03
-2.616877201944589615e-03
-1.511780894361436367e-03
-2.072245843010023236e-04
-7.708119228482246399e-04
1.857692841440439224e-03
-6.696113268844783306e-04
-5.070665501989424229e-04
1.613537606317549944e-04
-5.492415511980652809e-04
1.375023566652089357e-04
-4.592092882376164198e-04
-9.133485145866870880e-04
2.163669996662065387e-04
-2.273680409416556358e-03
-1.690295874141156673e-03
-7.363123586401343346e-04
-3.519811434671282768e-03
-1.085877884179353714e-03
-2.070803428068757057e-03
-1.475468860007822514e-03
2.804195508360862732e-03
