-5.805317196063697338e-04
1.278953743167221546e-03
-1.054023858159780502e-03
7.732453523203730583e-04
5.440363893285393715e-04
-7.063262164592742920e-04
1.129055977798998356e-03
-2.604996843729168177e-04
-1.307014375925064087e-03
-2.918611971836071461e-05
-9.478291030973196030e-04
6.418206030502915382e-04
-4.364919441286474466e-04
1.209161418955773115e-04
-5.296856979839503765e-04
-3.989208198618143797e-04
-6.664210814051330090e-04
1.377592707285657525e-05
5.201782332733273506e-04
6.941621541045606136e-04
-8.615053375251591206e-04
2.979921700898557901e-04
7.811560062691569328e-04
-2.196804707637056708e-04
3.674071340356022120e-04
-3.509640810079872608e-04
2.306092355865985155e-04
-5.893078632652759552e-04
-4.601485270541161299e-04
1.205344160553067923e-04
-2.928665935542085208e-06
7.356634159805253148e-05
-2.778574344119988382e-05
-3.740407701116055250e-04
-8.248140802606940269e-04
1.818971359170973301e-04
-1.061535906046628952e-03
-3.357352034072391689e-05
3.508610243443399668e-04
9.051477536559104919e-05
2.790944708976894617e-04
3.258773940615355968e-04
-4.167544830124825239e-04
-7.897237665019929409e-04
-8.024226408451795578e-04
-1.680780318565666676e-03
-1.101962989196181297e-03
-6.786760641261935234e-04
-1.116189523600041866e-03
-2.044754335656762123e-03
-2.271654549986124039e-03
-1.296478440053761005e-03
-2.129192231222987175e-03
-3.243653103709220886e-03
-3.993808291852474213e-03
-5.312739405781030655e-03
-8.528432808816432953e-03
-1.009821332991123199e-02
-1.486237626522779465e-02
-2.462352067232131958e-02
-4.044704139232635498e-02
-7.906918227672576904e-02
-1.417184621095657349e-01
-1.892599761486053467e-01
-1.229918375611305237e-01
-1.587581932544708252e-01
-9.174788743257522583e-02
-4.766815155744552612e-02
-2.925172634422779083e-02
-1.879775337874889374e-02
-1.339449267834424973e-02
-9.514073841273784637e-03
-8.511501364409923553e-03
-6.683080457150936127e-03
-5.118359811604022980e-03
-4.295017570257186890e-03
-3.868073923513293266e-03
-3.156560240313410759e-03
-3.171256976202130318e-03
-2.044510096311569214e-03
-2.648869063705205917e-03
-1.745048328302800655e-03
-1.243757782503962517e-03
-2.352978801354765892e-03
-6.267551798373460770e-04
-2.245200099423527718e-03
-8.487617014907300472e-04
-1.002132776193320751e-03
-2.284811926074326038e-04
-6.524009513668715954e-04
4.686023748945444822e-04
-8.800312061794102192e-04
-4.334247205406427383e-04
-5.969605990685522556e-04
-1.279077143408358097e-03
-4.991082241758704185e-04
-4.708310880232602358e-04
-6.590918637812137604e-04
2.184954792028293014e-04
-1.191953779198229313e-03
-1.883646327769383788e-04
-6.221348885446786880e-04
-1.914949098136276007e-04
-1.409530959790572524e-04
-2.237731823697686195e-04
4.170560277998447418e-04
-7.911309949122369289e-04
4.061959916725754738e-04
-1.225801242981106043e-04
-5.516656892723403871e-05
-4.545718256849795580e-04
-3.056160348933190107e-04
-7.765137706883251667e-04
-1.172053976915776730e-03
-6.529243364639114588e-06
-9.463232709094882011e-04
-1.068139798007905483e-03
2.680564357433468103e-04
-5.822182283736765385e-04
-3.970638790633529425e-04
-5.018234951421618462e-04
-4.476663016248494387e-04
-3.613741428125649691e-04
1.804383820854127407e-03
6.730615277774631977e-04
-1.001370474114082754e-04
-9.383875294588506222e-04
-1.585631107445806265e-04
-4.262637958163395524e-05
