-6.224507465958595276e-03
-4.930824041366577148e-03
-4.643046762794256210e-03
-1.985574141144752502e-03
-5.438734311610460281e-03
-5.787433125078678131e-03
-7.998507469892501831e-03
-1.062454748898744583e-02
-1.499171461910009384e-02
-2.117964997887611389e-02
-2.866397611796855927e-02
-3.884910047054290771e-02
-6.103589758276939392e-02
-1.236407756805419922e-01
-1.842252612113952637e-01
4.255772531032562256e-01
2.152141332626342773e-01
-5.731313303112983704e-02
1.505018584430217743e-02
2.640862017869949341e-02
2.085987105965614319e-02
1.536783669143915176e-02
1.190474163740873337e-02
9.045772254467010498e-03
7.250891998410224915e-03
5.715439096093177795e-03
5.941818002611398697e-03
3.848891938105225563e-03
2.351731760427355766e-03
2.823018003255128860e-03
2.090597990900278091e-05
1.087415381334722042e-03
-4.996685311198234558e-04
