2.628749469295144081e-03
2.724323421716690063e-03
5.722981877624988556e-03
1.186544820666313171e-02
1.296113710850477219e-02
9.204576723277568817e-03
6.968437228351831436e-03
6.534062791615724564e-03
6.607147399336099625e-03
6.584517657756805420e-03
1.122378557920455933e-02
1.230527926236391068e-02
8.290852420032024384e-03
3.452138975262641907e-03
2.145020756870508194e-03
1.499858335591852665e-03
5.894362926483154297e-03
9.265549480915069580e-03
1.530376169830560684e-02
1.212792284786701202e-02
1.490819547325372696e-02
2.543180994689464569e-02
9.016107767820358276e-03
9.989709593355655670e-03
4.232514277100563049e-02
1.110978703945875168e-02
2.509447745978832245e-02
1.089727971702814102e-02
3.937984630465507507e-02
7.130216807126998901e-03
3.734757378697395325e-02
1.053224131464958191e-02
1.434941869229078293e-02
3.386415168642997742e-02
3.712356556206941605e-03
1.970724761486053467e-02
3.586704283952713013e-02
1.214465941302478313e-03
3.682612627744674683e-02
5.123299779370427132e-04
3.257077187299728394e-02
1.101828459650278091e-02
1.608871109783649445e-02
2.453922480344772339e-02
2.333521144464612007e-03
3.667103499174118042e-02
8.952865027822554111e-04
-2.792226616293191910e-03
6.994865834712982178e-02
-7.511333376169204712e-02
9.701578319072723389e-02
-4.482077434659004211e-02
2.203368954360485077e-02
-4.081592778675258160e-04
1.897416450083255768e-02
-4.917705431580543518e-02
5.688754841685295105e-02
-5.978959798812866211e-02
-3.671705198939889669e-04
1.094832271337509155e-02
-6.258865445852279663e-02
2.594246342778205872e-02
-5.551757290959358215e-02
-9.105099365115165710e-03
-2.741773426532745361e-02
-3.637747466564178467e-02
-2.881804667413234711e-02
-3.064918331801891327e-02
-3.174707293510437012e-02
-6.577427685260772705e-02
8.101539686322212219e-03
-1.028791218996047974e-01
7.968561476445756853e-06
-7.123669236898422241e-02
-3.660821169614791870e-02
-6.523220986127853394e-02
-3.884520754218101501e-02
-5.758469179272651672e-02
-6.292638182640075684e-02
-4.429229721426963806e-02
-5.937075614929199219e-02
-7.994443178176879883e-02
-1.464656554162502289e-02
-1.115114465355873108e-01
-2.841689623892307281e-02
-6.030898913741111755e-02
-9.797185659408569336e-02
-2.945731393992900848e-02
-8.095151931047439575e-02
-9.817926585674285889e-02
1.227067667059600353e-03
-1.261902004480361938e-01
-3.468475863337516785e-02
-6.828127801418304443e-02
-9.266769140958786011e-02
-5.015891045331954956e-02
-8.009938895702362061e-02
-3.436502069234848022e-02
-7.818130403757095337e-02
-7.335871458053588867e-02
-5.416336935013532639e-03
-1.216015443205833435e-01
-1.227057422511279583e-03
-9.628129750490188599e-02
-5.843322724103927612e-03
-1.110802590847015381e-01
-2.052321657538414001e-02
-1.086380984634160995e-02
-1.151309832930564880e-01
8.788474369794130325e-04
-2.372742164880037308e-03
-8.205647766590118408e-02
-2.605289046186953783e-04
-6.177348271012306213e-02
-1.331700914306566119e-04
-5.134146288037300110e-02
-5.812885239720344543e-03
-1.728226896375417709e-03
-1.210690140724182129e-01
-8.541905321180820465e-03
-1.877409219741821289e-02
-1.095229908823966980e-01
-2.803306560963392258e-03
2.855180297046899796e-03
1.496773026883602142e-02
-4.123397469520568848e-01
-5.557015910744667053e-02
8.462673425674438477e-01
-1.145844340324401855e+00
