-5.203176406212151051e-04
-2.301063621416687965e-03
-1.599496696144342422e-03
2.050686860457062721e-03
5.617740498564671725e-06
1.199303544126451015e-03
2.582947723567485809e-03
2.075747819617390633e-03
1.219869009219110012e-03
2.779008587822318077e-03
3.142186440527439117e-03
3.025542246177792549e-03
-2.584339235909283161e-04
-1.297978032380342484e-02
-4.069031029939651489e-02
1.523418575525283813e-01
2.207200825214385986e-01
-8.856626600027084351e-02
-4.528370499610900879e-02
-2.238464914262294769e-02
-1.346006896346807480e-02
-8.233291096985340118e-03
-6.184292957186698914e-03
-5.147507879883050919e-03
-5.000568460673093796e-03
-3.107983851805329323e-03
-4.029250238090753555e-03
-1.351460930891335011e-03
-1.471031922847032547e-03
-6.297676591202616692e-04
-5.075728986412286758e-03
-2.200593473389744759e-03
-3.270969260483980179e-03
