6.140773184597492218e-04
1.361521310172975063e-03
1.189075177535414696e-03
1.471208990551531315e-03
4.068455309607088566e-04
6.848439224995672703e-04
4.488765844143927097e-04
4.361363826319575310e-04
9.566291118972003460e-04
1.038676709868013859e-03
2.418207470327615738e-03
3.143648384138941765e-03
-4.979957011528313160e-04
-1.266768947243690491e-02
-3.983105346560478210e-02
1.530361771583557129e-01
2.308873832225799561e-01
-9.228128939867019653e-02
-4.701408371329307556e-02
-2.423488162457942963e-02
-1.460239104926586151e-02
-1.105634961277246475e-02
-6.791419815272092819e-03
-5.507367197424173355e-03
-4.895600955933332443e-03
-3.906774334609508514e-03
-1.845631748437881470e-03
-4.313882440328598022e-03
-1.407471834681928158e-03
-2.493640640750527382e-03
-2.137246541678905487e-03
-2.158999210223555565e-03
-1.067104982212185860e-03
