-3.049557795748114586e-03
-2.315300051122903824e-03
4.745780897792428732e-04
1.276147551834583282e-03
1.886579993879422545e-04
-1.353473518975079060e-03
5.042592529207468033e-04
2.768788363027852029e-05
-5.888531450182199478e-04
2.148804342141374946e-04
1.149226329289376736e-03
5.065571531304158270e-05
5.657507572323083878e-04
2.598372520878911018e-03
1.090188394300639629e-03
9.964794153347611427e-04
2.609606366604566574e-03
2.161112381145358086e-03
3.758867969736456871e-04
1.433218363672494888e-03
4.508424808591371402e-06
1.309879240579903126e-03
-2.360523503739386797e-04
2.862243272829800844e-04
8.024449925869703293e-04
-6.084206979721784592e-04
-6.978906458243727684e-04
-7.060507778078317642e-03
-1.738858595490455627e-02
-4.700918868184089661e-02
-1.146832481026649475e-01
3.650220334529876709e-01
4.600710868835449219e-01
-1.597701758146286011e-01
-7.710877060890197754e-02
-3.617681190371513367e-02
-2.064548246562480927e-02
-1.279433444142341614e-02
-9.589372202754020691e-03
-6.365435197949409485e-03
-5.590013228356838226e-03
-4.182824864983558655e-03
-3.778556827455759048e-03
-4.089846741408109665e-03
-2.938520861789584160e-03
-2.744208788499236107e-03
-1.534591545350849628e-03
-1.357082510367035866e-03
-1.051839208230376244e-03
-5.724835209548473358e-04
-1.761151943355798721e-03
-1.946143922396004200e-03
-3.910165978595614433e-04
5.449059535749256611e-04
-1.340734539553523064e-03
-3.043212054762989283e-04
-8.374117896892130375e-04
-1.071232371032238007e-03
-1.812026952393352985e-03
1.206380315124988556e-03
-5.998843698762357235e-04
-3.718546649906784296e-04
-9.651763684814795852e-05
-6.699992081848904490e-05
-3.590507199987769127e-03
