-4.360321443527936935e-03
-6.528590340167284012e-03
-2.565741073340177536e-03
1.353871339233592153e-04
7.841637707315385342e-04
-1.964925788342952728e-03
-1.668507116846740246e-03
-4.402701277285814285e-03
-5.965876393020153046e-03
-8.241587318480014801e-03
-8.590175770223140717e-03
-1.391259487718343735e-02
-2.357229217886924744e-02
-4.913273826241493225e-02
-9.466093033552169800e-02
2.607247531414031982e-01
1.438052058219909668e-01
-4.531709849834442139e-02
-1.153327431529760361e-02
2.653089584782719612e-03
3.220018232241272926e-03
6.253120489418506622e-03
2.418340649455785751e-03
3.157095750793814659e-03
2.178990049287676811e-03
3.809466958045959473e-03
-1.565485144965350628e-03
1.255434937775135040e-03
-6.224028766155242920e-04
-6.165880244225263596e-03
1.586854108609259129e-03
-3.757555503398180008e-03
-3.814146912191063166e-04
