-7.945561408996582031e-01
2.970851724967360497e-03
1.372025348246097565e-03
-7.628442347049713135e-02
-6.553446874022483826e-03
-9.343417733907699585e-02
-2.751311985775828362e-03
-3.876321762800216675e-02
-8.346831798553466797e-02
-2.185216359794139862e-02
-5.200358852744102478e-02
-1.693477737717330456e-03
-1.132605224847793579e-01
-9.110808372497558594e-03
-3.866539523005485535e-02
-6.988365203142166138e-02
-1.342621818184852600e-02
-8.434903621673583984e-02
-1.602823846042156219e-02
-9.194164723157882690e-02
-3.143627196550369263e-02
-5.421939492225646973e-02
-2.615355886518955231e-02
-1.107791960239410400e-01
-1.878489367663860321e-02
-7.928325235843658447e-02
-1.145937889814376831e-01
-2.548223920166492462e-02
-3.763493895530700684e-02
-1.308076530694961548e-01
-2.243598178029060364e-02
-8.163696527481079102e-02
-6.819619983434677124e-02
-9.947317093610763550e-02
-3.554669767618179321e-02
-9.412258118391036987e-02
-1.025730967521667480e-01
-6.335840374231338501e-02
-7.645393908023834229e-02
-9.811019897460937500e-02
-7.112515717744827271e-02
-4.321769252419471741e-02
-1.594839990139007568e-01
5.921476520597934723e-03
-1.363106369972229004e-01
-5.143209919333457947e-02
-7.445093989372253418e-02
-4.260805621743202209e-02
-9.931971132755279541e-02
-7.247967272996902466e-02
-1.377303060144186020e-02
-1.149577796459197998e-01
7.894231006503105164e-03
-9.072747081518173218e-02
-6.599831581115722656e-02
6.733322981745004654e-03
-6.362385302782058716e-02
-3.039746731519699097e-02
-2.646035887300968170e-02
-9.806977957487106323e-02
3.836913406848907471e-02
-2.877916768193244934e-02
-8.653262257575988770e-02
-1.579827815294265747e-02
3.607775550335645676e-03
-5.048108473420143127e-02
-2.600929141044616699e-02
-2.928009070456027985e-02
-1.463337056338787079e-02
-2.217070758342742920e-02
-1.043820753693580627e-02
-4.819083586335182190e-02
4.766971617937088013e-02
-8.920443803071975708e-02
7.287992537021636963e-02
-3.333445265889167786e-02
7.429555989801883698e-03
-1.076500583440065384e-02
5.176166445016860962e-02
4.426202271133661270e-03
-6.322118453681468964e-03
6.003680080175399780e-02
1.511618308722972870e-02
-2.836903929710388184e-02
1.095237359404563904e-01
-7.749942131340503693e-03
2.456655539572238922e-02
4.146397113800048828e-03
7.594519853591918945e-02
1.602372154593467712e-03
1.646497100591659546e-02
4.027627781033515930e-02
1.237384043633937836e-02
2.731914818286895752e-02
1.008423231542110443e-02
7.016529887914657593e-02
1.275330199860036373e-03
2.705897763371467590e-02
2.209146972745656967e-03
8.974941819906234741e-02
2.945224288851022720e-03
1.835589855909347534e-02
5.087810009717941284e-02
3.146641701459884644e-02
2.964827464893460274e-03
1.742760301567614079e-03
9.995305538177490234e-02
3.212263807654380798e-03
6.698111072182655334e-03
1.255149487406015396e-02
2.715710364282131195e-02
3.029487095773220062e-02
9.696680121123790741e-03
7.541874423623085022e-03
8.620168082416057587e-03
9.478556923568248749e-03
4.018927458673715591e-03
1.953317783772945404e-03
1.135312340920791030e-04
1.696897437795996666e-03
4.490380641072988510e-03
5.560961551964282990e-03
3.055326873436570168e-03
1.249379711225628853e-03
-2.648443449288606644e-03
-3.529805690050125122e-03
-3.556536685209721327e-04
1.613759901374578476e-03
3.790455404669046402e-03
