6.175108551979064941e-01
-1.410598903894424438e-01
-3.671291284263134003e-03
3.586937964428216219e-04
2.304488793015480042e-02
1.741805928759276867e-03
1.278872042894363403e-01
-9.723853872856125236e-05
1.644327193498611450e-01
-1.941881055245175958e-04
1.415301114320755005e-01
3.923424705862998962e-02
9.608323127031326294e-02
7.060520350933074951e-02
-4.121124744415283203e-02
1.770902276039123535e-01
-1.173442825675010681e-01
1.322090625762939453e-01
-3.412397950887680054e-02
-1.229930669069290161e-02
-1.558424998074769974e-02
-8.227730169892311096e-03
-7.145466655492782593e-02
-2.362324390560388565e-03
-4.231389146298170090e-03
-8.290719985961914062e-02
-4.690819885581731796e-03
-6.882712710648775101e-03
-5.962118506431579590e-02
-8.753824979066848755e-03
-7.288170047104358673e-03
-6.085283122956752777e-03
-6.506619974970817566e-03
