-3.178522586822509766e-01
2.400093944743275642e-03
-1.730284537188708782e-03
-1.826842688024044037e-02
-2.163103083148598671e-03
-2.520441710948944092e-01
-1.264513353817164898e-03
-8.847013860940933228e-02
-1.248940527439117432e-01
4.779914766550064087e-02
-1.802708655595779419e-01
1.797891408205032349e-01
-1.626740694046020508e-01
1.681990325450897217e-01
-1.773919444531202316e-03
-1.637516659684479237e-03
9.132047742605209351e-02
5.083494470454752445e-04
1.122526358813047409e-02
4.261378664523363113e-03
2.642784733325242996e-03
