1.400743261910974979e-03
3.553903428837656975e-03
9.346028091385960579e-04
7.717396365478634834e-04
2.187593374401330948e-03
3.032675245776772499e-03
5.188962910324335098e-03
4.322388209402561188e-03
6.555219180881977081e-03
7.720164954662322998e-03
1.048388238996267319e-02
1.672332920134067535e-02
2.649432234466075897e-02
5.111408233642578125e-02
9.605012834072113037e-02
-2.439473867416381836e-01
-1.586082577705383301e-01
4.274681955575942993e-02
1.473693922162055969e-02
1.116601633839309216e-03
-2.109659602865576744e-03
-3.124778391793370247e-03
-3.347614780068397522e-03
-8.729403489269316196e-04
5.213865661062300205e-04
-1.541586359962821007e-03
8.326208917424082756e-04
2.991062065120786428e-04
-2.709702588617801666e-03
5.269018467515707016e-03
-2.033852506428956985e-03
-4.030862764921039343e-04
2.381309634074568748e-03
