-7.269074674695730209e-03
-3.435500897467136383e-03
-5.147486925125122070e-03
-7.509509567171335220e-03
-9.581214748322963715e-03
-1.625332050025463104e-02
-2.983218617737293243e-02
-6.157815083861351013e-02
-9.873244911432266235e-02
1.673028469085693359e-01
5.573118478059768677e-02
-9.207658469676971436e-03
5.601515062153339386e-03
1.126306783407926559e-02
7.210547570139169693e-03
2.751636086031794548e-03
2.249291166663169861e-03
3.081062110140919685e-03
6.776042282581329346e-04
1.429906580597162247e-03
4.097011697012931108e-04
