-2.134945971192792058e-04
-2.138704585377126932e-04
-2.344262611586600542e-04
-3.047955397050827742e-04
-3.464725159574300051e-04
-2.742294745985418558e-04
-3.308712621219456196e-04
-3.936583234462887049e-04
-2.929606416728347540e-04
-4.564716655295342207e-04
-4.376393044367432594e-04
-4.895257879979908466e-04
-4.673208750318735838e-04
-5.387714481912553310e-04
-5.365648539736866951e-04
-5.712205311283469200e-04
-6.233387975953519344e-04
-5.668991361744701862e-04
-6.545471842400729656e-04
-6.714580813422799110e-04
-8.003101684153079987e-04
-8.019005181267857552e-04
-6.926788482815027237e-04
-7.774108671583235264e-04
-8.472686167806386948e-04
-9.118603193201124668e-04
-9.582950151525437832e-04
-9.821288986131548882e-04
-9.509071242064237595e-04
-1.083938521333038807e-03
-1.013915520161390305e-03
-1.116272527724504471e-03
-1.135374302975833416e-03
-1.224133186042308807e-03
-1.306070247665047646e-03
-1.241339370608329773e-03
-1.439570914953947067e-03
-1.410393510013818741e-03
-1.458882819861173630e-03
-1.430521835573017597e-03
-1.476560137234628201e-03
-1.471074530854821205e-03
-1.532198046334087849e-03
-1.624127035029232502e-03
-1.653825631365180016e-03
-1.657822402194142342e-03
-1.733438810333609581e-03
-1.735500060021877289e-03
-1.855398411862552166e-03
-1.883239252492785454e-03
-1.937150373123586178e-03
-2.037203405052423477e-03
-2.035714220255613327e-03
-2.068792469799518585e-03
-2.122438279911875725e-03
-2.024168381467461586e-03
-2.014790661633014679e-03
-2.272506710141897202e-03
-2.190649975091218948e-03
-2.317576901987195015e-03
-2.429150044918060303e-03
-2.435685368254780769e-03
-2.503727795556187630e-03
-2.521611051633954048e-03
-2.580328378826379776e-03
-2.506461925804615021e-03
-2.663987688720226288e-03
-2.728231251239776611e-03
-2.719367854297161102e-03
-2.790842205286026001e-03
-2.715222770348191261e-03
-2.918781246989965439e-03
-2.998035401105880737e-03
-3.001771168783307076e-03
-2.976510673761367798e-03
-3.163476707413792610e-03
-3.241158090531826019e-03
-3.114520572125911713e-03
-3.132492071017622948e-03
-3.237131284549832344e-03
-3.269423963502049446e-03
-3.357259556651115417e-03
-3.521260106936097145e-03
-3.593539586290717125e-03
-3.672915510833263397e-03
-3.724712878465652466e-03
-3.779207123443484306e-03
-3.833797993138432503e-03
-3.931817132979631424e-03
-3.859413554891943932e-03
-3.985124174505472183e-03
-4.044848959892988205e-03
-4.028417170047760010e-03
-4.211863968521356583e-03
-4.233214538544416428e-03
-4.273426719009876251e-03
-4.396430682390928268e-03
-4.616692196577787399e-03
-4.520320799201726913e-03
-4.746921826153993607e-03
-4.858488682657480240e-03
-5.018181633204221725e-03
-4.935230128467082977e-03
-5.120758432894945145e-03
-5.182580091059207916e-03
-5.161291453987360001e-03
-5.430113989859819412e-03
-5.574209615588188171e-03
-5.557177588343620300e-03
-5.723414011299610138e-03
-5.778023041784763336e-03
-5.842846818268299103e-03
-6.085245404392480850e-03
-5.975208245217800140e-03
-6.164286751300096512e-03
-6.321631837636232376e-03
-6.510673090815544128e-03
-6.790204439312219620e-03
-6.734951864928007126e-03
-6.778588984161615372e-03
-7.045877166092395782e-03
-7.195044308900833130e-03
-7.227964699268341064e-03
-7.355804555118083954e-03
-7.576319389045238495e-03
-7.779771462082862854e-03
-7.864679209887981415e-03
-8.027927950024604797e-03
-8.158492855727672577e-03
-8.189326152205467224e-03
-8.341384120285511017e-03
-8.482513949275016785e-03
-8.622022345662117004e-03
-8.698945865035057068e-03
-8.908517658710479736e-03
-8.990433067083358765e-03
-9.148537181317806244e-03
-9.068583138287067413e-03
-9.075073525309562683e-03
-9.299684315919876099e-03
-9.502259083092212677e-03
-9.674381464719772339e-03
-9.615638293325901031e-03
-9.759570471942424774e-03
-1.013244595378637314e-02
-1.008943747729063034e-02
-1.013221126049757004e-02
-1.016250904649496078e-02
-1.044214796274900436e-02
-1.023449748754501343e-02
-1.053146366029977798e-02
-1.038544997572898865e-02
-1.049122679978609085e-02
-1.071771793067455292e-02
-1.047808304429054260e-02
-1.087807770818471909e-02
-1.066287606954574585e-02
-1.060795504599809647e-02
-1.061916444450616837e-02
-1.074987370520830154e-02
-1.052460167557001114e-02
-1.070397160947322845e-02
-1.098317094147205353e-02
-1.097766589373350143e-02
-1.080400496721267700e-02
-1.049824338406324387e-02
-1.073221303522586823e-02
-1.012460142374038696e-02
-1.005063299089670181e-02
-9.616132825613021851e-03
-9.335338138043880463e-03
-9.235721081495285034e-03
-9.031263180077075958e-03
-8.999899029731750488e-03
-9.246533736586570740e-03
-8.392947725951671600e-03
-9.701112285256385803e-03
-9.444446302950382233e-03
-9.933682158589363098e-03
-1.073124073445796967e-02
-1.115810684859752655e-02
-1.109296269714832306e-02
-1.206376124173402786e-02
-1.453691814094781876e-02
-1.473075896501541138e-02
-1.480773091316223145e-02
-1.843788661062717438e-02
-2.032431587576866150e-02
-2.176022157073020935e-02
-2.894938737154006958e-02
-2.155912853777408600e-02
-1.508976239711046219e-02
-1.224656775593757629e-02
-3.700915351510047913e-02
-5.104339867830276489e-02
-7.136502861976623535e-02
-4.180950671434402466e-02
-1.780726574361324310e-02
1.348511129617691040e-02
-5.950951948761940002e-02
5.915144458413124084e-03
-2.525790594518184662e-02
-3.425542637705802917e-02
1.524670720100402832e-01
1.752637512981891632e-02
7.748006284236907959e-02
4.990591853857040405e-02
5.072584003210067749e-02
3.178822621703147888e-02
2.023979835212230682e-02
1.789436675608158112e-02
1.512924674898386002e-02
1.229242049157619476e-02
9.658638387918472290e-03
8.732858113944530487e-03
7.244208827614784241e-03
4.358427133411169052e-03
5.518086720257997513e-03
4.562341608107089996e-03
3.999939654022455215e-03
3.098847344517707825e-03
2.818536944687366486e-03
2.330278046429157257e-03
2.298300154507160187e-03
1.826672581955790520e-03
1.140492269769310951e-03
3.851927467621862888e-04
1.061313450918532908e-04
3.990738769061863422e-04
-3.422666923142969608e-04
-1.881264906842261553e-04
-6.535981083288788795e-04
-9.783308487385511398e-04
-1.207536901347339153e-03
-1.319102942943572998e-03
-1.352290273644030094e-03
-1.669899793341755867e-03
-1.789823640137910843e-03
-2.037765691056847572e-03
-1.918856753036379814e-03
-2.100534038618206978e-03
-2.055339049547910690e-03
-2.105599036440253258e-03
-2.161909593269228935e-03
-2.296174643561244011e-03
-2.366561675444245338e-03
-2.365204039961099625e-03
-2.360944636166095734e-03
-2.633638214319944382e-03
-2.980301156640052795e-03
-2.871645381674170494e-03
-2.985867671668529510e-03
-3.152514342218637466e-03
-3.162164473906159401e-03
-3.254019422456622124e-03
-3.446289803832769394e-03
-3.558543510735034943e-03
-3.583381185308098793e-03
-3.578179748728871346e-03
-3.678557230159640312e-03
-3.463714383542537689e-03
-3.866035956889390945e-03
-3.553041489794850349e-03
-3.738170722499489784e-03
-3.659266978502273560e-03
-3.642178140580654144e-03
-3.787160385400056839e-03
-3.808422479778528214e-03
-3.655078820884227753e-03
-3.695137333124876022e-03
-3.752773161977529526e-03
-3.692894242703914642e-03
-3.839720506221055984e-03
-3.708171192556619644e-03
-3.643162781372666359e-03
-3.655735636129975319e-03
-3.536085598170757294e-03
-3.615690860897302628e-03
-3.447658149525523186e-03
-3.728446317836642265e-03
-3.525509964674711227e-03
-3.647208912298083305e-03
-3.519585821777582169e-03
-3.628043923527002335e-03
-3.533067181706428528e-03
-3.436907660216093063e-03
-3.378310240805149078e-03
-3.362329443916678429e-03
-3.290131688117980957e-03
-3.296171547845005989e-03
-3.249553730711340904e-03
-3.190006129443645477e-03
-3.194051096215844154e-03
-2.999916439875960350e-03
-2.983677200973033905e-03
-2.760493429377675056e-03
-2.865677932277321815e-03
-2.679019467905163765e-03
-2.643167739734053612e-03
-2.743507968261837959e-03
-2.667549531906843185e-03
-2.370632486417889595e-03
-2.445692894980311394e-03
-2.341106068342924118e-03
-2.263418631628155708e-03
-2.206798177212476730e-03
-2.053849399089813232e-03
-2.034064847975969315e-03
-2.004575217142701149e-03
-1.938653294928371906e-03
-1.880038063973188400e-03
-1.842150930315256119e-03
-1.831747824326157570e-03
-1.740502426400780678e-03
-1.654456020332872868e-03
-1.695749815553426743e-03
-1.839934499002993107e-03
-1.494104042649269104e-03
-1.585531281307339668e-03
-1.308118458837270737e-03
-1.410258118994534016e-03
-1.387398107908666134e-03
-1.411316450685262680e-03
-1.347379991784691811e-03
-1.249003340490162373e-03
-1.221142243593931198e-03
-1.130120246671140194e-03
-1.186265726573765278e-03
-1.179093844257295132e-03
-1.187114045023918152e-03
-1.128779607824981213e-03
-1.103069516830146313e-03
-1.112528610974550247e-03
-1.062637660652399063e-03
-1.062560128048062325e-03
-1.012264867313206196e-03
-9.951987303793430328e-04
-9.575583389960229397e-04
-8.760060300119221210e-04
-8.768650586716830730e-04
-8.769460255280137062e-04
-9.007540647871792316e-04
-8.158467826433479786e-04
-7.886609528213739395e-04
-7.009849650785326958e-04
-7.299381541088223457e-04
-6.592135760001838207e-04
-7.691805949434638023e-04
-5.950299673713743687e-04
-6.235085893422365189e-04
-6.441065925173461437e-04
-6.483028410002589226e-04
-5.986650940030813217e-04
-6.298764492385089397e-04
-6.129941903054714203e-04
-5.418389337137341499e-04
-6.098586018197238445e-04
-5.499610560946166515e-04
-4.097683704458177090e-04
-5.357302725315093994e-04
-4.786669160239398479e-04
-5.220999591983854771e-04
-4.601881082635372877e-04
-5.003074766136705875e-04
-5.180640146136283875e-04
-4.648906760849058628e-04
-3.994912258349359035e-04
-4.758644499816000462e-04
-4.736296250484883785e-04
-3.822114667855203152e-04
-3.478294529486447573e-04
-3.960329340770840645e-04
-3.615503082983195782e-04
-3.119558095932006836e-04
-3.782203420996665955e-04
-4.289481439627707005e-04
-3.104498318862169981e-04
-3.270811284892261028e-04
-2.252732665510848165e-04
-2.543934679124504328e-04
-2.451222972013056278e-04
-2.311037096660584211e-04
-3.131124540232121944e-04
-1.617402740521356463e-04
-1.989305019378662109e-04
-2.218202716903761029e-04
-2.273027494084089994e-04
-2.421796234557405114e-04
-1.952723832800984383e-04
-2.004482812481001019e-04
-2.124726452166214585e-04
-8.218989387387409806e-05
-2.012967597693204880e-04
-2.072258794214576483e-04
-5.838265860802493989e-05
-9.839083941187709570e-05
-1.175942452391609550e-04
-1.470424031140282750e-04
-2.867045623133890331e-05
-1.604173157829791307e-04
-5.192136086407117546e-05
