-2.858290390577167273e-04
-4.626507870852947235e-04
-7.154962513595819473e-04
-3.966822696384042501e-04
-9.879291756078600883e-04
-8.005268173292279243e-04
-5.920553579926490784e-03
-1.443731831386685371e-03
-1.032481784932315350e-03
-1.449546427465975285e-03
-1.617300556972622871e-03
-1.896021771244704723e-03
-1.104641356505453587e-03
-7.443248177878558636e-04
-1.426652655936777592e-03
-2.099523786455392838e-03
-1.806926331482827663e-03
-1.653358689509332180e-03
-1.353899366222321987e-03
-4.535152693279087543e-04
-1.479361439123749733e-03
-1.673383056186139584e-03
-9.713778854347765446e-04
-2.067232504487037659e-03
-1.495364471338689327e-03
-2.087388187646865845e-03
-1.362214446999132633e-03
-2.162215532734990120e-03
-1.894390909001231194e-03
-1.918973168358206749e-03
-2.281800378113985062e-03
-2.269822638481855392e-03
-1.726472866721451283e-03
-2.290779724717140198e-03
-2.647032961249351501e-03
-3.636750858277082443e-03
-2.871442353352904320e-03
-2.923600608482956886e-03
-2.400073688477277756e-03
-2.327168593183159828e-03
-2.243136288598179817e-03
-2.378960838541388512e-03
-2.360451500862836838e-03
-2.741220174357295036e-03
-2.417383249849081039e-03
-2.725065918639302254e-03
-3.065791213884949684e-03
-1.642094110138714314e-03
-1.616065506823360920e-03
-1.522763748653233051e-03
-1.968507887795567513e-03
-1.782552921213209629e-03
-2.426761901006102562e-03
-2.418241463601589203e-03
-2.731915563344955444e-03
-2.370955888181924820e-03
-1.751061645336449146e-03
-2.243791008368134499e-03
-1.385456300340592861e-03
-1.373040489852428436e-03
-1.176876365207135677e-03
-4.795779008418321609e-03
-1.499307458288967609e-03
-1.557797077111899853e-03
-1.767139066942036152e-03
-7.105941185727715492e-04
-8.834382169879972935e-04
-2.270247321575880051e-03
-9.176923194900155067e-04
-1.226448803208768368e-03
-5.283718346618115902e-04
7.952431915327906609e-04
-9.432307706447318196e-06
4.159350646659731865e-05
9.796125959837809205e-05
-6.525740027427673340e-04
-3.858944983221590519e-04
-9.878460550680756569e-04
-8.731380803510546684e-04
5.023952689953148365e-04
-1.552262110635638237e-04
3.090584068559110165e-04
8.135509560815989971e-04
-1.817582873627543449e-03
1.011018524877727032e-03
1.162799890153110027e-03
7.232670905068516731e-04
3.275607014074921608e-03
1.853841124102473259e-03
2.347894245758652687e-03
1.562109566293656826e-03
4.233794286847114563e-03
2.044818829745054245e-03
-7.666933233849704266e-04
2.010485390201210976e-03
1.741727348417043686e-03
2.196477260440587997e-03
1.425116090103983879e-03
1.351143000647425652e-03
4.106966080144047737e-04
1.780610065907239914e-03
7.757644052617251873e-04
1.215990399941802025e-03
1.114022452384233475e-03
-3.039822040591388941e-04
7.120762602426111698e-04
4.035310994368046522e-04
6.178899784572422504e-04
1.314375549554824829e-03
-8.552615181542932987e-04
-1.341647148365154862e-04
2.106120809912681580e-04
-1.272720750421285629e-03
-2.263205533381551504e-04
-1.237692194990813732e-03
-8.801051881164312363e-04
-6.954380660317838192e-04
-1.443355227820575237e-03
-2.299360232427716255e-03
-2.540985587984323502e-03
-2.241749549284577370e-03
-9.564709616824984550e-04
2.592563396319746971e-03
-2.398949582129716873e-03
-2.908820286393165588e-03
-1.490914262831211090e-03
-8.296717423945665359e-04
-3.260661615058779716e-03
-3.739297389984130859e-03
-1.611233339644968510e-03
-1.533232047222554684e-03
-3.010440850630402565e-03
-1.891868421807885170e-03
2.137314440915361047e-04
2.818716457113623619e-03
-6.346834124997258186e-04
7.954614702612161636e-04
-3.518468933179974556e-03
3.013452980667352676e-03
4.030285868793725967e-03
5.518516525626182556e-03
4.889061208814382553e-03
8.416203781962394714e-03
8.822374045848846436e-03
5.965700838714838028e-03
9.852752089500427246e-03
8.231109939515590668e-03
8.108898065984249115e-03
1.305198762565851212e-02
1.425781194120645523e-02
1.331460755318403244e-02
1.496520452201366425e-02
1.210775878280401230e-02
9.794075973331928253e-03
8.903212845325469971e-03
1.533486973494291306e-02
5.045814439654350281e-03
2.083812374621629715e-03
1.720069348812103271e-02
-2.709972672164440155e-03
1.207668706774711609e-02
-1.042328588664531708e-02
-3.547642612829804420e-03
-1.351605542004108429e-02
1.461735577322542667e-03
-9.930036962032318115e-03
-1.120403315871953964e-02
-1.371841691434383392e-02
-2.406412502750754356e-03
-3.821665793657302856e-02
-2.412350475788116455e-02
1.188408862799406052e-02
1.133540738373994827e-02
4.788022022694349289e-03
2.996191382408142090e-02
4.339520260691642761e-02
1.869804970920085907e-02
1.595627889037132263e-02
1.614764519035816193e-02
7.035390008240938187e-03
3.276075050234794617e-02
-1.166617218405008316e-02
-6.258822511881589890e-03
5.027809180319309235e-03
-5.786118283867835999e-02
-2.780553326010704041e-02
-1.218139566481113434e-02
3.890609741210937500e-02
2.241566963493824005e-02
7.438316941261291504e-02
-1.694120466709136963e-02
5.098196491599082947e-02
2.517160587012767792e-02
4.733923077583312988e-02
1.116237975656986237e-02
6.291679292917251587e-02
-2.572160214185714722e-02
2.847577258944511414e-02
3.599370643496513367e-02
-3.077147901058197021e-02
1.584009639918804169e-02
3.091157972812652588e-02
3.692086413502693176e-02
-1.242322176694869995e-01
8.160860091447830200e-02
-2.346040122210979462e-02
-3.186130523681640625e-02
-7.992934435606002808e-02
-8.201243728399276733e-02
2.219053450971841812e-03
-3.179710730910301208e-02
1.616258360445499420e-02
-7.156448066234588623e-02
-3.038947470486164093e-02
2.861330984160304070e-03
-3.966998681426048279e-02
-2.448627538979053497e-02
-2.565285656601190567e-03
2.568590827286243439e-02
-3.004138544201850891e-02
-5.617961287498474121e-03
-3.228502720594406128e-02
-8.309934288263320923e-03
-1.580802351236343384e-02
-6.356195546686649323e-03
-1.886742003262042999e-02
-3.248359635472297668e-02
-1.349072344601154327e-02
-2.111054398119449615e-02
1.367118675261735916e-02
-4.478407092392444611e-03
-2.152934111654758453e-02
8.697924204170703888e-03
4.910674411803483963e-03
-2.842464891728013754e-04
7.341038435697555542e-03
1.578846946358680725e-02
3.930055070668458939e-03
8.029436692595481873e-03
-6.065384950488805771e-03
-8.858502260409295559e-04
-1.402381155639886856e-02
-6.361813284456729889e-03
-1.580497249960899353e-02
-1.457742042839527130e-02
-1.750152907334268093e-03
-1.680035330355167389e-02
-4.455666057765483856e-03
-1.636821962893009186e-02
-1.146518904715776443e-02
-2.344471635296940804e-03
-1.153614092618227005e-02
-1.611054502427577972e-02
-9.734528139233589172e-03
-3.412270918488502502e-03
-9.826285764575004578e-03
-2.599715720862150192e-03
-5.659406073391437531e-03
-5.790314171463251114e-03
-5.929176695644855499e-03
-2.053569536656141281e-03
-1.553894719108939171e-03
-1.729918527416884899e-03
-6.670300499536097050e-04
7.533655152656137943e-04
-1.685370370978489518e-04
6.909861112944781780e-04
-9.917721035890281200e-05
4.528338089585304260e-03
4.220513626933097839e-03
2.466048114001750946e-03
7.370398816419765353e-05
9.169933036901056767e-04
2.696156734600663185e-03
1.703791436739265919e-03
-1.358169247396290302e-03
2.827062271535396576e-03
1.437666360288858414e-04
2.593852113932371140e-03
9.196219616569578648e-04
2.716631162911653519e-03
2.677020383998751640e-03
4.342506290413439274e-04
2.406393876299262047e-03
1.607407466508448124e-03
2.178199589252471924e-03
9.109929669648408890e-04
-7.435271254507824779e-05
-7.751681841909885406e-04
-1.888512051664292812e-04
-1.671789214015007019e-03
-1.776855555362999439e-03
-1.932912156917154789e-03
-2.843555994331836700e-04
-2.059189369902014732e-03
-1.682024449110031128e-03
-3.511454444378614426e-03
-1.240746001712977886e-03
-2.031385665759444237e-03
-2.339314203709363937e-03
-2.208151156082749367e-03
-3.413227386772632599e-03
-3.854501759633421898e-03
-3.247762797400355339e-03
-1.501022023148834705e-03
-1.676755491644144058e-03
-2.337176352739334106e-03
-2.906922949478030205e-03
-2.783719683066010475e-03
-2.993961330503225327e-03
-9.160245535895228386e-04
-1.445143832825124264e-03
-2.864651149138808250e-03
-1.655109808780252934e-03
-1.726763905026018620e-03
-2.785191871225833893e-03
-2.233928302302956581e-03
-2.140913624316453934e-03
-7.499297498725354671e-04
-1.445209374651312828e-03
-1.652221428230404854e-03
-1.890050247311592102e-03
-9.776438819244503975e-04
-8.940452244132757187e-04
-1.184240682050585747e-03
-8.166792104020714760e-04
8.400382939726114273e-04
-7.524667307734489441e-04
-7.905842503532767296e-04
-2.205883851274847984e-03
-1.148083712905645370e-03
-1.037508132867515087e-03
1.160913016065023839e-04
-3.602522192522883415e-04
-1.812010887078940868e-04
3.009052597917616367e-04
-4.757130518555641174e-04
6.934271077625453472e-04
1.337287016212940216e-03
5.480953841470181942e-04
7.473527221009135246e-04
2.142353216186165810e-03
4.348188522271811962e-04
1.243797014467418194e-03
-1.859262738435063511e-05
1.609294908121228218e-03
1.121817040257155895e-03
1.150908181443810463e-03
-1.326132798567414284e-03
1.559972530230879784e-03
9.152102284133434296e-04
1.514680450782179832e-03
2.305784029886126518e-03
-9.333963389508426189e-04
7.668376783840358257e-04
1.433202880434691906e-03
1.333461957983672619e-03
1.598234637640416622e-03
1.829677727073431015e-03
1.660969574004411697e-03
1.806424697861075401e-03
1.605415600351989269e-03
2.164325211197137833e-03
1.617919653654098511e-03
1.579590840265154839e-03
3.883262688759714365e-04
1.558735733851790428e-03
8.325423114001750946e-04
1.366923097521066666e-03
9.692480089142918587e-04
5.898730829358100891e-03
1.197837060317397118e-03
9.177763131447136402e-04
1.114473096095025539e-03
5.389602156355977058e-04
1.173382624983787537e-03
1.141707180067896843e-03
1.782290870323777199e-03
7.831698749214410782e-04
8.753464207984507084e-04
1.172173419035971165e-03
5.588865606114268303e-04
1.316116075031459332e-03
7.979610236361622810e-04
-5.103276344016194344e-04
5.838579381816089153e-04
5.750756463385187089e-05
1.312017440795898438e-03
1.030152547173202038e-03
2.064043655991554260e-03
1.125944894738495350e-03
5.425480194389820099e-04
9.174885926768183708e-04
4.141903191339224577e-04
1.597679074620828032e-04
2.127093175658956170e-04
4.301029548514634371e-04
1.602256816113367677e-04
-4.989528861187864095e-06
-4.648782778531312943e-03
3.288784646429121494e-04
