-1.974765764316543937e-04
6.299412343651056290e-04
2.816325286403298378e-04
1.245666528120636940e-03
-1.701673027127981186e-04
-6.646334077231585979e-04
8.388570859096944332e-04
4.987922147847712040e-04
1.036133151501417160e-03
1.166092115454375744e-03
1.273849979043006897e-03
1.130183925852179527e-03
1.256016665138304234e-03
1.181963947601616383e-03
6.920020096004009247e-04
3.930373932234942913e-04
9.488514042459428310e-04
1.336423429165733978e-05
7.136492058634757996e-04
4.472108266782015562e-04
-1.819534663809463382e-04
2.327158581465482712e-04
3.498543519526720047e-04
1.492706709541380405e-03
1.688237651251256466e-03
1.847657491452991962e-03
6.200992502272129059e-04
9.453834500163793564e-04
5.492748459801077843e-04
2.660416939761489630e-04
3.516380675137042999e-04
-1.801694997993763536e-05
8.049321331782266498e-05
1.297186710871756077e-03
1.606692792847752571e-03
6.021609879098832607e-04
8.488402236253023148e-04
6.643656524829566479e-04
6.968663074076175690e-04
1.069111982360482216e-03
5.169953801669180393e-04
8.563102455809712410e-04
9.561097831465303898e-04
6.388793699443340302e-04
7.477114559151232243e-04
1.448652939870953560e-03
1.378531334921717644e-03
-9.149144170805811882e-05
-2.838706132024526596e-04
5.705186631530523300e-04
1.337323570623993874e-03
7.239917758852243423e-04
7.790001691319048405e-04
1.844158861786127090e-03
1.042061601765453815e-03
1.084020943380892277e-03
9.229996358044445515e-04
8.579629356972873211e-04
1.812605478335171938e-04
6.777218077331781387e-04
3.800917183980345726e-04
8.956495439633727074e-04
5.826155538670718670e-04
9.666443220339715481e-04
8.039781823754310608e-04
1.330908737145364285e-03
1.595926005393266678e-03
1.225830405019223690e-03
8.962505380623042583e-04
1.244132523424923420e-03
5.050263716839253902e-04
4.993409384042024612e-04
8.799554198049008846e-04
5.375947803258895874e-04
-6.928675247763749212e-06
6.962295155972242355e-04
8.912977646104991436e-04
7.918130722828209400e-04
1.619593676878139377e-04
2.356277400394901633e-04
1.454642624594271183e-03
1.255376846529543400e-03
8.115906966850161552e-04
8.957831887528300285e-04
1.294669462367892265e-03
1.614888315089046955e-03
1.698782900348305702e-03
1.868810737505555153e-03
1.047193072736263275e-03
9.227482951246201992e-04
1.204389962367713451e-03
1.216209144331514835e-03
1.072453800588846207e-03
6.104851490817964077e-04
1.737458049319684505e-03
6.352970958687365055e-04
3.751272743102163076e-04
1.777420984581112862e-03
2.111746463924646378e-03
1.797752920538187027e-03
1.332855434156954288e-03
1.990805380046367645e-03
7.571589085273444653e-04
1.224568579345941544e-03
1.492728479206562042e-03
1.057418994605541229e-03
1.025274745188653469e-03
8.586297044530510902e-04
8.366716210730373859e-04
1.600063638761639595e-03
1.221686368808150291e-03
9.637732873670756817e-04
1.847213134169578552e-03
2.418926684185862541e-03
2.544493414461612701e-03
2.110601169988512993e-03
1.810245099477469921e-03
1.403580885380506516e-03
1.533138565719127655e-03
9.347783634439110756e-04
1.737482380121946335e-03
1.193397562019526958e-03
9.316033683717250824e-04
1.773164141923189163e-03
1.868073828518390656e-03
1.559302094392478466e-03
5.160652217455208302e-04
8.332035504281520844e-04
-2.153317444026470184e-03
1.194192562252283096e-03
-2.986052772030234337e-03
-7.103323936462402344e-03
-6.888225674629211426e-03
-1.456429529935121536e-02
-1.266936678439378738e-02
-1.618521846830844879e-02
-1.880313456058502197e-02
-2.577921375632286072e-02
-3.307203203439712524e-02
-2.908959425985813141e-02
-4.725800082087516785e-02
-2.988131344318389893e-02
-5.506642162799835205e-02
-3.556347265839576721e-02
-6.261757761240005493e-02
-5.199779942631721497e-02
-6.822639703750610352e-02
-6.459613889455795288e-02
-7.467909157276153564e-02
-7.550891488790512085e-02
-8.582637459039688110e-02
-8.757565915584564209e-02
-9.087148308753967285e-02
-1.004688069224357605e-01
-9.729380905628204346e-02
-1.119029298424720764e-01
-1.129174083471298218e-01
-1.161532625555992126e-01
-1.238664761185646057e-01
-1.191773563623428345e-01
-1.347070187330245972e-01
-1.340290158987045288e-01
-1.382240802049636841e-01
-1.402074843645095825e-01
-1.395496577024459839e-01
-1.455593556165695190e-01
-1.367572546005249023e-01
-1.477505713701248169e-01
-1.399919241666793823e-01
-1.422917395830154419e-01
-1.409692466259002686e-01
-1.317905932664871216e-01
-1.406642794609069824e-01
-1.329831033945083618e-01
-1.283669769763946533e-01
-1.261293888092041016e-01
-1.243190020322799683e-01
-1.139198392629623413e-01
-1.153455078601837158e-01
-1.044316738843917847e-01
-1.108710393309593201e-01
-9.439697116613388062e-02
-9.789440780878067017e-02
-8.472005277872085571e-02
-8.780345320701599121e-02
-8.605293184518814087e-02
-8.230459690093994141e-02
-7.927802205085754395e-02
-7.769468426704406738e-02
-6.354184448719024658e-02
-6.344782561063766479e-02
-5.450206249952316284e-02
-5.115346983075141907e-02
-3.998702391982078552e-02
-3.857794404029846191e-02
-3.372419252991676331e-02
-2.636525034904479980e-02
-2.211960777640342712e-02
-2.055213414132595062e-02
-3.367237746715545654e-03
-4.023679066449403763e-03
3.225897205993533134e-03
8.423906750977039337e-03
1.755805499851703644e-02
2.126202359795570374e-02
2.432318963110446930e-02
2.978365495800971985e-02
3.260508552193641663e-02
4.163160547614097595e-02
5.254279077053070068e-02
5.634515359997749329e-02
5.939029902219772339e-02
7.205253839492797852e-02
6.299001723527908325e-02
7.279662787914276123e-02
7.370214164257049561e-02
7.890784740447998047e-02
9.122525155544281006e-02
8.329921215772628784e-02
9.907969087362289429e-02
9.477766603231430054e-02
1.030266731977462769e-01
1.032865345478057861e-01
1.142482087016105652e-01
1.140911877155303955e-01
1.230142638087272644e-01
1.192841306328773499e-01
1.325203627347946167e-01
1.297371536493301392e-01
1.337158232927322388e-01
1.378893703222274780e-01
1.312705725431442261e-01
1.424476951360702515e-01
1.331430822610855103e-01
1.422618031501770020e-01
1.368571221828460693e-01
1.362293958663940430e-01
1.330300122499465942e-01
1.272983700037002563e-01
1.296983063220977783e-01
1.225588843226432800e-01
1.203302145004272461e-01
1.171744763851165771e-01
1.116702109575271606e-01
1.090034022927284241e-01
1.035914644598960876e-01
1.002835407853126526e-01
9.400277584791183472e-02
8.967787027359008789e-02
8.612172305583953857e-02
7.434124499559402466e-02
7.291507720947265625e-02
6.992651522159576416e-02
5.439253523945808411e-02
6.911380589008331299e-02
4.434338584542274475e-02
5.940614640712738037e-02
3.722013905644416809e-02
4.827180132269859314e-02
3.163846954703330994e-02
4.239534214138984680e-02
2.774051949381828308e-02
2.895566076040267944e-02
1.883941330015659332e-02
1.807323656976222992e-02
1.428704988211393356e-02
1.321229338645935059e-02
8.068483322858810425e-03
1.040306687355041504e-02
4.006149247288703918e-04
7.376283407211303711e-03
-1.234312541782855988e-03
-8.074241923168301582e-04
-6.546903750859200954e-04
-4.757354035973548889e-04
-1.241530640982091427e-03
-1.726420246995985508e-03
-1.243781531229615211e-03
-1.294332556426525116e-03
-1.979746622964739799e-03
-1.680273446254432201e-03
-1.352785504423081875e-03
-2.585371490567922592e-03
-2.971954178065061569e-03
-2.077313372865319252e-03
-1.178979058749973774e-03
-1.601392868906259537e-03
-2.689602784812450409e-03
-2.328375121578574181e-03
-2.457531169056892395e-03
-2.867790637537837029e-03
-2.197642810642719269e-03
-2.025303430855274200e-03
-1.181684667244553566e-03
-1.425483147613704205e-03
-1.581917051225900650e-03
-2.047429792582988739e-03
-2.019294770434498787e-03
-1.348557416349649429e-03
-1.820709905587136745e-03
-1.133733196184039116e-03
-1.856079208664596081e-03
-1.422875327989459038e-03
-1.851159264333546162e-03
-8.412190945819020271e-04
-1.558917225338518620e-03
-9.031879017129540443e-04
-5.292911082506179810e-04
-8.022715919651091099e-04
-1.833476126194000244e-03
-2.111101988703012466e-03
-9.249738650396466255e-04
-8.912809425964951515e-04
-1.758081489242613316e-03
-2.227146178483963013e-03
-9.558878373354673386e-04
-1.597854425199329853e-03
-1.928103854879736900e-03
-1.159002422355115414e-03
-6.264954572543501854e-04
-1.822830177843570709e-03
-1.388008589856326580e-03
-1.519885379821062088e-03
-1.848457264713943005e-03
-1.585563644766807556e-03
-1.083072740584611893e-03
-7.150075980462133884e-04
-8.986538159660995007e-04
-9.516017744317650795e-04
1.568079460412263870e-04
-5.082390853203833103e-04
-4.402583581395447254e-04
-5.542421713471412659e-04
-8.153927628882229328e-04
-9.797008242458105087e-04
-4.386314831208437681e-04
-1.024503610096871853e-03
-9.653735323809087276e-04
-1.121444976888597012e-03
-9.509012452326714993e-04
-7.303386810235679150e-04
-5.983238224871456623e-04
-1.838119496824219823e-04
-3.274109621997922659e-04
-3.864187237923033535e-05
-8.698133751749992371e-04
-1.244104350917041302e-03
-7.328715873882174492e-04
-8.748216205276548862e-04
-8.287100936286151409e-04
2.989875611092429608e-05
-3.884494944941252470e-04
-1.589462044648826122e-03
-1.318748109042644501e-03
-9.374922228744253516e-05
-4.319727595429867506e-04
-4.355427809059619904e-04
-3.624795353971421719e-04
-5.925918230786919594e-05
2.580116779427044094e-05
-8.184984908439218998e-04
-1.483624801039695740e-03
-5.364390090107917786e-04
-4.785734927281737328e-04
-7.589338929392397404e-04
-7.126809214241802692e-04
-1.020802650600671768e-03
-6.806504679843783379e-04
-6.330643082037568092e-04
-6.213604356162250042e-04
-3.352636413183063269e-04
-9.564657812006771564e-04
-1.770460396073758602e-03
-1.425569527782499790e-03
-7.644194993190467358e-04
-3.949094971176236868e-04
-8.611125522293150425e-04
-1.146489637903869152e-03
-1.051518716849386692e-03
-6.753749912604689598e-04
-1.662943104747682810e-04
-1.645840355195105076e-03
-8.104240987449884415e-04
4.092141170985996723e-04
-5.447327857837080956e-04
-5.797095946036279202e-04
-7.652984932065010071e-04
-9.414996602572500706e-04
2.850668170140124857e-05
-1.263785525225102901e-03
-1.165749621577560902e-03
-1.663849572651088238e-03
-5.897254450246691704e-04
-8.776006870903074741e-04
-1.277659088373184204e-03
-9.257101337425410748e-04
-6.792754284106194973e-04
2.605460176710039377e-04
-1.092477585189044476e-03
-1.470004557631909847e-03
-4.213752108626067638e-04
