2.489675534889101982e-04
7.770195225020870566e-05
6.082715699449181557e-04
4.875373269896954298e-04
6.666640401817858219e-04
5.775518366135656834e-04
5.770773859694600105e-04
4.380381142254918814e-04
7.872154819779098034e-04
3.902956668753176928e-04
2.624227781780064106e-04
1.472050353186205029e-04
2.947466273326426744e-04
2.104667655657976866e-04
4.962352686561644077e-04
5.081644048914313316e-04
3.294294874649494886e-04
4.699577111750841141e-04
5.735268350690603256e-04
4.665795131586492062e-04
5.754263256676495075e-04
4.191231855656951666e-04
7.876642048358917236e-04
5.145342438481748104e-04
5.753888981416821480e-04
4.989800509065389633e-04
1.427711540600284934e-04
3.654729807749390602e-04
4.240455746185034513e-04
4.536905616987496614e-04
3.757567319553345442e-04
3.704146947711706161e-04
1.614100183360278606e-04
3.585761005524545908e-04
2.704161743167787790e-04
3.967834054492413998e-04
3.727333387359976768e-04
5.857317592017352581e-04
1.795257121557369828e-04
5.680921021848917007e-04
3.217810881324112415e-04
3.901351592503488064e-04
8.898232481442391872e-04
4.574391350615769625e-04
4.968426655977964401e-04
2.174192341044545174e-04
4.675870586652308702e-04
2.120809222105890512e-04
2.610389201436191797e-04
1.268024061573669314e-04
2.435491769574582577e-04
2.279050240758806467e-04
2.245712821604683995e-04
2.373063471168279648e-04
2.905482542701065540e-04
3.287921717856079340e-04
6.951875984668731689e-04
3.466065099928528070e-04
3.302419790998101234e-04
4.779020091518759727e-04
4.573277838062494993e-04
3.224164538551121950e-04
3.557422605808824301e-04
4.143553378526121378e-04
4.309207433834671974e-04
1.894683955470100045e-04
3.952767583541572094e-04
5.069778417237102985e-04
7.262043654918670654e-04
4.136986972298473120e-04
3.014615795109421015e-04
5.440962850116193295e-04
1.466832909500226378e-04
2.110903151333332062e-04
5.544143496081233025e-04
4.187150043435394764e-04
4.213646170683205128e-04
3.742019762285053730e-04
1.488559937570244074e-04
3.143264329992234707e-04
9.506778587820008397e-05
3.735072968993335962e-04
4.265517927706241608e-04
5.057605449110269547e-04
3.867583873216062784e-04
3.427068004384636879e-04
1.466734829591587186e-04
4.528702993411570787e-04
2.758396731223911047e-04
3.666661214083433151e-04
1.711052755126729608e-04
2.369231660850346088e-04
3.149958210997283459e-04
3.485227935016155243e-04
3.797279496211558580e-04
5.405728006735444069e-04
4.243674047756940126e-04
2.060307742794975638e-04
2.599460422061383724e-04
2.567074261605739594e-04
2.998746931552886963e-04
4.550981102511286736e-04
3.768903552554547787e-04
2.597303828224539757e-04
4.291085351724177599e-04
4.539649526122957468e-04
8.517465175827965140e-05
3.613625885918736458e-04
3.612483851611614227e-04
3.978992754127830267e-04
1.113677790272049606e-04
2.828167052939534187e-04
4.975275369361042976e-04
3.407104231882840395e-04
4.312186210881918669e-04
8.895826613297685981e-05
2.709145192056894302e-04
3.528671513777226210e-04
2.536936663091182709e-04
2.826551208272576332e-04
2.633857366163283587e-04
3.207638801541179419e-04
3.457538841757923365e-04
-5.432787293102592230e-05
-5.095195956528186798e-05
-1.519249490229412913e-04
5.425866766017861664e-05
-9.457971900701522827e-04
-4.320582374930381775e-03
-1.988293137401342392e-03
-1.513349451124668121e-02
-5.995499435812234879e-03
-1.966475509107112885e-02
-1.782859116792678833e-02
-2.411357499659061432e-02
-2.833725139498710632e-02
-3.152326494455337524e-02
-3.498749807476997375e-02
-3.874098137021064758e-02
-4.530068486928939819e-02
-4.750136658549308777e-02
-5.739302933216094971e-02
-6.043382734060287476e-02
-6.898342818021774292e-02
-6.712714582681655884e-02
-8.058891445398330688e-02
-8.036736398935317993e-02
-8.755281567573547363e-02
-9.527375549077987671e-02
-9.727165102958679199e-02
-1.013022661209106445e-01
-1.147390902042388916e-01
-1.083675995469093323e-01
-1.239873468875885010e-01
-1.168701872229576111e-01
-1.310197263956069946e-01
-1.228025555610656738e-01
-1.359835416078567505e-01
-1.302797496318817139e-01
-1.417536288499832153e-01
-1.318496614694595337e-01
-1.403976231813430786e-01
-1.389247477054595947e-01
-1.388667672872543335e-01
-1.412789970636367798e-01
-1.330959200859069824e-01
-1.390909999608993530e-01
-1.270485222339630127e-01
-1.378926634788513184e-01
-1.244355589151382446e-01
-1.310683488845825195e-01
-1.224580109119415283e-01
-1.159862950444221497e-01
-1.163455545902252197e-01
-1.127820387482643127e-01
-1.075215786695480347e-01
-1.102079302072525024e-01
-1.000675931572914124e-01
-1.032702997326850891e-01
-9.525493532419204712e-02
-9.745210409164428711e-02
-9.326159209012985229e-02
-8.664346486330032349e-02
-8.714019507169723511e-02
-8.678536117076873779e-02
-7.388459891080856323e-02
-7.585582137107849121e-02
-6.841005384922027588e-02
-6.150703504681587219e-02
-6.025929376482963562e-02
-4.964854940772056580e-02
-4.779629409313201904e-02
-4.190249368548393250e-02
-3.966315835714340210e-02
-3.447229042649269104e-02
-2.496442757546901703e-02
-2.320419996976852417e-02
-1.685684546828269958e-02
-3.614594461396336555e-03
7.249911315739154816e-03
-1.146782087744213641e-04
-6.728753913193941116e-03
3.323256736621260643e-03
1.366331987082958221e-02
2.197832800447940826e-02
2.899288386106491089e-02
3.534818068146705627e-02
3.723820298910140991e-02
4.206289723515510559e-02
5.012859031558036804e-02
5.117554962635040283e-02
5.615499243140220642e-02
6.474678218364715576e-02
6.727857142686843872e-02
7.751707732677459717e-02
7.554587721824645996e-02
8.598965406417846680e-02
8.661570399999618530e-02
8.878722041845321655e-02
9.394954890012741089e-02
9.256994724273681641e-02
1.005128026008605957e-01
9.589756280183792114e-02
1.114297583699226379e-01
9.944220632314682007e-02
1.159568354487419128e-01
1.096957549452781677e-01
1.183784306049346924e-01
1.159995347261428833e-01
1.254912316799163818e-01
1.193800196051597595e-01
1.351035535335540771e-01
1.248664259910583496e-01
1.403998434543609619e-01
1.326779723167419434e-01
1.383341848850250244e-01
1.396550685167312622e-01
1.359090059995651245e-01
1.471406370401382446e-01
1.321743428707122803e-01
1.514942944049835205e-01
1.257803142070770264e-01
1.453791856765747070e-01
1.234013661742210388e-01
1.365664899349212646e-01
1.188698858022689819e-01
1.301714628934860229e-01
1.103401407599449158e-01
1.184782087802886963e-01
1.043347641825675964e-01
1.076630353927612305e-01
1.001825630664825439e-01
9.146402776241302490e-02
9.232965856790542603e-02
7.997584342956542969e-02
7.523694634437561035e-02
7.503008097410202026e-02
6.141516566276550293e-02
6.890840828418731689e-02
5.066479369997978210e-02
5.603478476405143738e-02
4.480430483818054199e-02
3.991961851716041565e-02
3.659967333078384399e-02
3.075951337814331055e-02
2.696817182004451752e-02
2.410832978785037994e-02
1.867331378161907196e-02
1.560906227678060532e-02
1.644623279571533203e-02
3.484829561784863472e-03
7.924867793917655945e-03
-1.029211489367298782e-04
5.352255888283252716e-03
-1.253934024134650826e-04
-1.196284501929767430e-04
-9.813836368266493082e-05
-2.396088821114972234e-04
-2.352637093281373382e-04
-1.987334835575893521e-04
-1.875208399724215269e-04
-3.228876157663762569e-04
-3.623769443947821856e-04
-3.272503672633320093e-04
-2.536069951020181179e-04
-2.001061948249116540e-04
-4.512159212026745081e-04
-2.494119107723236084e-04
-3.562307974789291620e-04
-4.799233283847570419e-04
-4.470818385016173124e-04
-3.229509748052805662e-04
-3.258469805587083101e-04
-3.452714881859719753e-04
-1.777239522198215127e-04
-2.329992421437054873e-04
-2.509542391635477543e-04
-3.375755040906369686e-04
-3.100470057688653469e-04
-4.119162913411855698e-04
-2.050736657110974193e-04
-2.091050409944728017e-04
-2.796131593640893698e-04
-3.330550098326057196e-04
-2.863767440430819988e-04
-4.156145441811531782e-04
-5.094102234579622746e-04
-3.419553104322403669e-04
-1.241143181687220931e-04
-1.490396680310368538e-04
-2.529353077989071608e-04
-3.379243134986609221e-04
-5.410389858298003674e-04
-3.410298377275466919e-04
-7.743427704554051161e-05
-4.102543971384875476e-05
-2.279275213368237019e-04
-4.864031507167965174e-04
-2.331484865862876177e-04
-5.581640289165079594e-04
-4.599030653480440378e-04
-1.927338016685098410e-04
-1.703951129456982017e-04
-2.495893277227878571e-04
-2.168151986552402377e-04
-4.168255836702883244e-04
-4.914538003504276276e-04
-3.171034622937440872e-04
-3.488134534563869238e-04
-4.853260761592537165e-04
-4.478400223888456821e-04
-3.479183942545205355e-04
-4.497047921176999807e-04
-4.374360432848334312e-04
-2.836493076756596565e-04
-5.391002632677555084e-04
-3.059109731111675501e-04
-3.187133988831192255e-04
-3.196624456904828548e-04
-1.808588713174685836e-04
-4.755186091642826796e-04
-3.014852409251034260e-04
-4.768041253555566072e-04
-5.977427936159074306e-04
-2.439305389998480678e-04
-3.401864669285714626e-04
-1.158220402430742979e-04
-2.581885783001780510e-04
-4.761453310493379831e-04
-5.506224697455763817e-04
-3.879456198774278164e-04
-4.059854836668819189e-04
-4.524130199570208788e-04
-4.726299375761300325e-04
-4.060108039993792772e-04
-3.787782916333526373e-04
-3.605906094890087843e-04
-5.278777098283171654e-04
-4.927244153805077076e-04
-5.839096847921609879e-04
-3.688207361847162247e-04
-5.603839526884257793e-04
-5.245446227490901947e-04
-1.167338705272413790e-04
-4.151401517447084188e-04
-5.896806833334267139e-04
-4.548706929199397564e-04
-5.243174964562058449e-04
-3.673808241728693247e-04
-4.498690250329673290e-04
-4.925933899357914925e-04
-4.502831725403666496e-04
-3.994943399447947741e-04
-1.733841927489265800e-04
-2.299446932738646865e-04
-6.266132695600390434e-04
-2.993202651850879192e-04
-2.720112679526209831e-04
1.277978008147329092e-04
-4.059977363795042038e-04
-4.447787650860846043e-04
-9.010141366161406040e-04
-5.698358872905373573e-04
-3.914132539648562670e-04
-4.055740719195455313e-04
-3.516584984026849270e-04
-7.820953032933175564e-04
-6.384943844750523567e-04
-3.059429291170090437e-04
-3.520945901982486248e-04
-6.493909750133752823e-04
-5.877426010556519032e-04
-5.985554307699203491e-04
-4.262861621100455523e-04
-3.209430724382400513e-04
-4.642709391191601753e-04
-4.873018187936395407e-04
-5.648445221595466137e-04
-6.672080489806830883e-04
1.545402337796986103e-04
-1.450346171623095870e-04
