-4.733528767246752977e-04
-3.566369414329528809e-04
-1.262141391634941101e-03
-1.513202325440943241e-03
-1.096867723390460014e-03
-2.241553505882620811e-03
-1.642033574171364307e-03
-1.744153094477951527e-03
-1.712335972115397453e-03
-2.027803333476185799e-03
-6.091357674449682236e-03
-3.177020931616425514e-03
-3.277129493653774261e-03
-3.539047669619321823e-03
-2.614096505567431450e-03
-3.593096276745200157e-03
-3.944510128349065781e-03
-2.025740686804056168e-03
-4.066857974976301193e-03
-4.220246803015470505e-03
-3.074188949540257454e-03
-4.201555624604225159e-03
-4.596713930368423462e-03
-5.695614498108625412e-03
-5.498212296515703201e-03
-4.950375761836767197e-03
-4.689910914748907089e-03
-5.567912477999925613e-03
-4.908005241304636002e-03
-4.638041369616985321e-03
-5.092177540063858032e-03
-5.630140658468008041e-03
-5.810022354125976562e-03
-9.270095266401767731e-03
-7.172937039285898209e-03
-7.847702130675315857e-03
-6.192384753376245499e-03
-5.681091453880071640e-03
-6.049739662557840347e-03
-5.813723895698785782e-03
-5.375672597438097000e-03
-5.497083067893981934e-03
-4.917125683277845383e-03
-6.093185860663652420e-03
-4.768032580614089966e-03
-5.096125882118940353e-03
-4.874001257121562958e-03
-4.816803149878978729e-03
-5.473799072206020355e-03
-5.481659900397062302e-03
-2.973070833832025528e-03
-5.345707759261131287e-03
-4.380947910249233246e-03
-4.696856718510389328e-03
-4.228307865560054779e-03
-3.572898684069514275e-03
-5.315060261636972427e-03
-3.550311084836721420e-03
-3.634798573330044746e-03
-4.427732434123754501e-03
-4.557689186185598373e-03
-4.838296212255954742e-03
-3.514840966090559959e-03
-4.841367714107036591e-03
-4.954229108989238739e-03
-5.011491011828184128e-03
-3.853522473946213722e-03
-4.125300329178571701e-03
-3.792450297623872757e-03
-4.165805876255035400e-03
-4.703363869339227676e-03
-4.000461660325527191e-03
-4.458183888345956802e-03
-3.222068073228001595e-03
-3.747702809050679207e-03
-8.118064142763614655e-03
-4.266531206667423248e-03
-4.438985604792833328e-03
-2.946031978353857994e-03
-3.867382882162928581e-03
-4.704651888459920883e-03
-6.023854482918977737e-03
-5.044641438871622086e-03
-5.032374523580074310e-03
-3.542959457263350487e-03
-4.171866457909345627e-03
-4.440343938767910004e-03
-3.306992119178175926e-03
-2.295476151630282402e-03
-4.188735038042068481e-03
-3.237953642383217812e-03
-4.754791036248207092e-03
-3.828856162726879120e-03
-4.538703709840774536e-03
-4.522567149251699448e-03
-8.059372194111347198e-03
2.223019720986485481e-03
-4.997263196855783463e-03
-6.734661757946014404e-03
-4.575183615088462830e-03
-1.158463396131992340e-02
-6.975406315177679062e-03
-5.130477249622344971e-03
-5.675373133271932602e-03
-1.019131671637296677e-02
-6.628645583987236023e-03
-7.821815088391304016e-03
-7.557738572359085083e-03
-1.102050486952066422e-02
-6.743272766470909119e-03
-5.842606071382761002e-03
-9.623621590435504913e-03
-4.739792086184024811e-03
-3.252782393246889114e-03
-5.503872409462928772e-03
-6.858312990516424179e-04
-2.956969896331429482e-03
-2.694456838071346283e-03
-1.623856951482594013e-03
2.413222537143155932e-04
-1.737068290822207928e-03
-6.994412397034466267e-04
-2.066452521830797195e-03
-1.532285241410136223e-03
-2.280622720718383789e-03
2.162470482289791107e-03
2.817148924805223942e-04
-2.319941064342856407e-03
-4.731354769319295883e-03
-3.873486537486314774e-03
-4.090694244951009750e-03
-2.043203683570027351e-03
-4.434967413544654846e-03
-7.793349213898181915e-03
-1.322678872384130955e-03
-2.553924452513456345e-03
-4.588161595165729523e-03
-2.267151139676570892e-04
-4.463538061827421188e-03
-4.211266525089740753e-03
6.548863369971513748e-03
3.535029711201786995e-03
-2.034027857007458806e-04
9.135331958532333374e-03
1.389708276838064194e-02
-2.974125964101403952e-04
9.706897661089897156e-03
1.407950092107057571e-02
1.191809773445129395e-02
1.734904572367668152e-02
1.607142761349678040e-02
-2.995951799675822258e-03
1.719184778630733490e-02
3.908678889274597168e-03
1.904852688312530518e-02
1.291926577687263489e-02
1.959966681897640228e-02
1.003033667802810669e-02
5.673508159816265106e-03
1.411457825452089310e-02
2.294680103659629822e-02
7.087387610226869583e-03
1.617429405450820923e-02
3.286688402295112610e-02
9.466372430324554443e-03
2.480133250355720520e-02
2.128940634429454803e-02
1.439228560775518417e-02
-2.826157398521900177e-02
1.200312841683626175e-02
7.538383826613426208e-03
5.009852349758148193e-03
2.364901825785636902e-02
2.410476282238960266e-02
-8.478374220430850983e-03
-2.466199733316898346e-02
-4.368056729435920715e-02
2.767354063689708710e-02
-8.843971416354179382e-03
-7.606928120367228985e-04
1.645960612222552299e-03
-2.477687597274780273e-02
-1.892389170825481415e-02
2.050021663308143616e-02
1.460553426295518875e-02
-1.590869948267936707e-02
-3.019401617348194122e-02
7.852465659379959106e-02
6.701334565877914429e-02
-5.710424110293388367e-02
-1.957736723124980927e-02
-8.091583847999572754e-02
4.528182093054056168e-03
1.691974326968193054e-02
-2.711020782589912415e-02
-1.681551570072770119e-03
-9.125893004238605499e-03
5.486537516117095947e-02
-1.468934677541255951e-02
6.835738569498062134e-02
-3.364668413996696472e-02
-5.642013624310493469e-03
2.624522149562835693e-02
3.513726219534873962e-02
-1.762613654136657715e-02
2.951728366315364838e-02
-4.905005544424057007e-02
2.023556269705295563e-02
-3.961729258298873901e-02
1.921304315328598022e-02
-6.888554431498050690e-03
-6.420283764600753784e-02
-7.261364161968231201e-02
-5.629641562700271606e-02
4.681787639856338501e-02
-3.439871594309806824e-02
-2.098391205072402954e-02
3.744087368249893188e-02
4.233885928988456726e-02
4.054515436291694641e-02
-4.914346616715192795e-03
3.343629464507102966e-02
-3.236016025766730309e-03
5.013953894376754761e-02
2.016094513237476349e-02
3.957076743245124817e-02
4.255674313753843307e-03
5.577936302870512009e-03
2.144487388432025909e-02
1.579032652080059052e-02
-1.357689034193754196e-02
8.570090867578983307e-03
-1.727702096104621887e-02
-1.037530694156885147e-02
-1.874819211661815643e-02
-1.803689077496528625e-02
-1.292300038039684296e-02
-5.390070728026330471e-04
5.678746383637189865e-03
3.290418302640318871e-03
7.174512837082147598e-03
-1.335766445845365524e-02
1.675822027027606964e-02
2.578554674983024597e-03
1.241655275225639343e-02
1.017292495816946030e-02
1.094828639179468155e-02
4.105579107999801636e-03
1.022027712315320969e-02
3.780762664973735809e-03
8.148092776536941528e-03
9.885673411190509796e-03
2.348653273656964302e-03
4.233011044561862946e-03
-3.633268876001238823e-03
3.292659763246774673e-03
-7.492362638004124165e-04
8.446655119769275188e-04
6.355287972837686539e-03
-4.758397117257118225e-03
-7.372062536887824535e-04
-1.310394378378987312e-03
-2.188604325056076050e-03
-2.814696636050939560e-03
1.846018247306346893e-03
-7.439002511091530323e-04
3.680765628814697266e-03
1.407892559655010700e-03
3.459055908024311066e-03
2.225435804575681686e-03
-1.214587711729109287e-03
2.308704890310764313e-03
-1.130310818552970886e-02
-1.390908961184322834e-03
1.454333596484502777e-05
3.674413776025176048e-03
1.771515584550797939e-03
1.281976234167814255e-03
5.791168077848851681e-04
3.892109729349613190e-03
1.809349399991333485e-03
2.616188954561948776e-03
3.794163931161165237e-03
3.446479095146059990e-03
6.227116100490093231e-03
2.066203160211443901e-03
5.512453150004148483e-03
6.295198109000921249e-03
8.385870605707168579e-03
6.150757428258657455e-03
1.108909584581851959e-02
1.708449050784111023e-02
1.729660108685493469e-02
1.226858701556921005e-02
1.136574801057577133e-02
1.477805897593498230e-02
1.253771875053644180e-02
1.024523098021745682e-02
1.360123697668313980e-02
1.110281143337488174e-02
1.209476217627525330e-02
9.187661111354827881e-03
9.945826604962348938e-03
1.272494625300168991e-02
1.200900226831436157e-02
1.219488680362701416e-02
1.067949831485748291e-02
1.380501128733158112e-02
1.188995316624641418e-02
1.355699915438890457e-02
1.174404472112655640e-02
1.180218439549207687e-02
1.238558255136013031e-02
1.287812739610671997e-02
1.281300559639930725e-02
1.266495510935783386e-02
1.030818931758403778e-02
1.184306200593709946e-02
1.207472849637269974e-02
1.334927324205636978e-02
1.231951545923948288e-02
1.135662849992513657e-02
1.219142787158489227e-02
1.204176060855388641e-02
1.073801983147859573e-02
1.257055066525936127e-02
1.033014524728059769e-02
1.254743803292512894e-02
1.058301050215959549e-02
1.097760628908872604e-02
1.004184037446975708e-02
1.068022660911083221e-02
1.051122136414051056e-02
9.419474750757217407e-03
9.787660092115402222e-03
1.488562952727079391e-02
1.112437248229980469e-02
1.061080768704414368e-02
1.038772519677877426e-02
8.918822742998600006e-03
1.063400879502296448e-02
9.220404550433158875e-03
1.006787549704313278e-02
1.054142415523529053e-02
8.493018336594104767e-03
9.500384330749511719e-03
9.775612503290176392e-03
9.627615101635456085e-03
9.777624160051345825e-03
9.788621217012405396e-03
9.990272112190723419e-03
8.977626450359821320e-03
9.252228774130344391e-03
9.310731664299964905e-03
9.546797722578048706e-03
8.941404521465301514e-03
1.001994684338569641e-02
1.020352728664875031e-02
8.920397609472274780e-03
9.077806957066059113e-03
8.760444819927215576e-03
9.642200544476509094e-03
8.409186266362667084e-03
8.678178302943706512e-03
8.815282024443149567e-03
9.767803363502025604e-03
9.350348263978958130e-03
8.351672440767288208e-03
8.080597966909408569e-03
7.518727798014879227e-03
7.570350077003240585e-03
7.059168536216020584e-03
7.583072409033775330e-03
7.154474500566720963e-03
6.295305211097002029e-03
6.789078935980796814e-03
6.887152325361967087e-03
6.528726313263177872e-03
7.988471537828445435e-03
5.859607830643653870e-03
6.416128017008304596e-03
5.415053572505712509e-03
5.250570829957723618e-03
5.070096813142299652e-03
4.425919149070978165e-03
4.424402490258216858e-03
4.813291598111391068e-03
3.791825380176305771e-03
4.195125307887792587e-03
3.934932872653007507e-03
4.205054603517055511e-03
3.281887853518128395e-03
3.036101348698139191e-03
2.872985787689685822e-03
2.418636111542582512e-03
2.977553522214293480e-03
2.316525438800454140e-03
2.256454201415181160e-03
2.322322456166148186e-03
1.963112037628889084e-03
2.050625858828425407e-03
