2.258830936625599861e-04
-7.904970552772283554e-04
-7.506408146582543850e-04
-1.691000506980344653e-04
9.717979701235890388e-04
4.842129710596054792e-04
8.480076794512569904e-04
7.708335760980844498e-05
1.852211862569674850e-04
-3.649897698778659105e-04
-3.747095179278403521e-04
1.959853689186275005e-04
1.679165725363418460e-04
7.083750097081065178e-05
8.606768678873777390e-04
8.525308221578598022e-04
4.960646765539422631e-05
7.338930299738422036e-05
5.206002970226109028e-04
6.137950695119798183e-04
8.210398955270648003e-04
2.964709710795432329e-04
2.684294013306498528e-04
3.506567154545336962e-04
4.109376459382474422e-04
3.482220927253365517e-04
-7.015853188931941986e-04
1.874195004347711802e-04
1.527226413600146770e-04
5.827278946526348591e-04
8.464289712719619274e-04
6.340926047414541245e-04
5.469980533234775066e-04
5.881458637304604053e-04
3.787123132497072220e-04
5.149972857907414436e-04
-6.084881169954314828e-05
6.534563726745545864e-04
2.301459462614730000e-04
4.087054985575377941e-04
8.561703725717961788e-04
7.971472805365920067e-04
6.084965425543487072e-04
7.840329199098050594e-04
1.018437091261148453e-03
7.741998415440320969e-04
4.381803446449339390e-04
2.962397411465644836e-04
7.105979020707309246e-04
6.788937025703489780e-04
1.064423704519867897e-03
1.089702360332012177e-03
3.844454186037182808e-04
8.318456821143627167e-04
1.020531286485493183e-03
9.099173475988209248e-04
6.898124120198190212e-04
7.725475006736814976e-04
5.883541889488697052e-04
1.077245688065886497e-03
6.165725062601268291e-04
1.201165840029716492e-03
1.024574390612542629e-03
6.280811503529548645e-04
7.674605585634708405e-04
1.002073986455798149e-03
1.124610309489071369e-03
9.550370741635560989e-04
3.107711090706288815e-04
9.822030551731586456e-04
1.247442443855106831e-03
7.362600299529731274e-04
5.779410130344331264e-04
5.423128022812306881e-04
1.640342525206506252e-03
1.322448486462235451e-03
8.712338749319314957e-04
1.173100783489644527e-03
1.025718869641423225e-03
1.147388713434338570e-03
1.128706499002873898e-03
1.066961907781660557e-03
7.566193235106766224e-04
1.261616474948823452e-03
9.139229077845811844e-04
1.392651814967393875e-03
1.595260808244347572e-03
1.371551770716905594e-03
9.057398419827222824e-04
1.025952282361686230e-03
1.008318737149238586e-03
1.301599200814962387e-03
1.611843821592628956e-03
1.253770547918975353e-03
1.312534441240131855e-03
1.320704934187233448e-03
1.449373317882418633e-03
1.023141667246818542e-03
1.048401580192148685e-03
1.211750670336186886e-03
1.047336496412754059e-03
9.575808653607964516e-04
1.168777700513601303e-03
9.440807043574750423e-04
1.362637151032686234e-03
1.364454743452370167e-03
9.132573031820356846e-04
7.432695711031556129e-04
9.177521569654345512e-04
8.527683676220476627e-04
4.455806047189980745e-04
6.464417674578726292e-04
1.291228341870009899e-03
1.174611272290349007e-03
1.105352886952459812e-03
9.236020850948989391e-04
1.170644187368452549e-03
1.372344442643225193e-03
1.470714458264410496e-03
1.245467341504991055e-03
1.254182541742920876e-03
9.096537833102047443e-04
1.039452501572668552e-03
1.080942922271788120e-03
1.106192823499441147e-03
1.014952431432902813e-03
1.436843420378863811e-03
1.900898409076035023e-03
1.578733907081186771e-03
1.067177276127040386e-03
1.519503304734826088e-03
2.092549111694097519e-03
2.972189337015151978e-03
2.540706889703869820e-03
2.547412412241101265e-03
5.833157803863286972e-03
8.741446770727634430e-03
1.470324676483869553e-02
1.457000151276588440e-02
1.743226498365402222e-02
2.893137373030185699e-02
3.279908373951911926e-02
3.413308784365653992e-02
3.671422973275184631e-02
4.594662785530090332e-02
4.763168469071388245e-02
5.787097662687301636e-02
6.518174707889556885e-02
7.105365395545959473e-02
7.607486844062805176e-02
8.160734176635742188e-02
8.798763900995254517e-02
9.219426661729812622e-02
1.013355255126953125e-01
1.080007851123809814e-01
1.109195277094841003e-01
1.182643622159957886e-01
1.243516728281974792e-01
1.308587789535522461e-01
1.348532140254974365e-01
1.414874345064163208e-01
1.445742994546890259e-01
1.473843604326248169e-01
1.454274803400039673e-01
1.510624140501022339e-01
1.480173915624618530e-01
1.557268053293228149e-01
1.499228477478027344e-01
1.505469232797622681e-01
1.420975923538208008e-01
1.399698555469512939e-01
1.351831555366516113e-01
1.316204071044921875e-01
1.305036842823028564e-01
1.297386437654495239e-01
1.216007471084594727e-01
1.180124804377555847e-01
1.119606047868728638e-01
1.098528876900672913e-01
1.087119355797767639e-01
1.042688935995101929e-01
9.522851556539535522e-02
9.791688621044158936e-02
8.563484996557235718e-02
8.955058455467224121e-02
8.360315114259719849e-02
7.964693754911422729e-02
7.255519926548004150e-02
7.134277373552322388e-02
6.460402160882949829e-02
6.145145371556282043e-02
5.359422042965888977e-02
4.776618257164955139e-02
4.745521023869514465e-02
3.253802284598350525e-02
3.046358004212379456e-02
2.348213456571102142e-02
1.679336652159690857e-02
1.458301953971385956e-02
6.301289424300193787e-03
-1.040719798766076565e-03
-5.478712730109691620e-03
-1.067047379910945892e-02
-1.904312893748283386e-02
-1.526635512709617615e-02
-2.697098441421985626e-02
-3.232734277844429016e-02
-4.035122692584991455e-02
-5.019972845911979675e-02
-5.320066958665847778e-02
-5.855824798345565796e-02
-6.878843903541564941e-02
-6.690535694360733032e-02
-7.755974680185317993e-02
-8.333563059568405151e-02
-8.454461395740509033e-02
-8.943010121583938599e-02
-9.176700562238693237e-02
-9.362602233886718750e-02
-9.724565595388412476e-02
-1.030673831701278687e-01
-1.061247289180755615e-01
-1.128398403525352478e-01
-1.136410087347030640e-01
-1.173152923583984375e-01
-1.189633533358573914e-01
-1.283719539642333984e-01
-1.319741010665893555e-01
-1.400697529315948486e-01
-1.407720148563385010e-01
-1.438948661088943481e-01
-1.456006020307540894e-01
-1.511225700378417969e-01
-1.472943872213363647e-01
-1.512638628482818604e-01
-1.504802107810974121e-01
-1.495596915483474731e-01
-1.451807618141174316e-01
-1.472579240798950195e-01
-1.433226019144058228e-01
-1.382339447736740112e-01
-1.335733830928802490e-01
-1.276176273822784424e-01
-1.246028169989585876e-01
-1.181465685367584229e-01
-1.146947145462036133e-01
-1.047874465584754944e-01
-9.696866571903228760e-02
-9.463755786418914795e-02
-8.593817800283432007e-02
-7.855513691902160645e-02
-7.373538613319396973e-02
-6.923879683017730713e-02
-6.404925137758255005e-02
-5.871269106864929199e-02
-5.194490402936935425e-02
-4.674490541219711304e-02
-3.453385829925537109e-02
-3.579561784863471985e-02
-3.137557208538055420e-02
-2.987385727465152740e-02
-1.762629300355911255e-02
-1.904924027621746063e-02
-1.010909862816333771e-02
-9.634914807975292206e-03
-8.736026473343372345e-03
-1.118265744298696518e-02
-7.325985468924045563e-03
-2.159101655706763268e-03
-1.796902506612241268e-03
-1.150800148025155067e-03
-1.597149181179702282e-03
-2.079303842037916183e-03
-1.379969646222889423e-03
-1.363971503451466560e-03
-1.227970584295690060e-03
-1.483639702200889587e-03
-1.415489823557436466e-03
-1.313695334829390049e-03
-1.224433071911334991e-03
-1.066840486600995064e-03
-1.134294783696532249e-03
-7.588437874801456928e-04
-4.009068070445209742e-04
-1.191812800243496895e-03
-2.053894568234682083e-03
-1.234753290191292763e-03
-6.115666474215686321e-04
-4.615320940501987934e-04
-1.230828813277184963e-03
-1.048340462148189545e-03
-1.378542277961969376e-03
-4.601982655003666878e-04
-6.081631290726363659e-04
-8.976230164989829063e-04
-1.057588960975408554e-03
-1.145015470683574677e-03
-1.206101151183247566e-03
-1.214192830957472324e-03
-1.016464899294078350e-03
-1.304578385315835476e-03
-1.149183837696909904e-03
-1.457443693652749062e-03
-1.465091365389525890e-03
-1.037396606989204884e-03
-1.214593299664556980e-03
-1.194792101159691811e-03
-1.258543576113879681e-03
-1.101466943509876728e-03
-9.135851287283003330e-04
-6.387633038684725761e-04
-1.109964214265346527e-03
-1.060647540725767612e-03
-1.161418156698346138e-03
-1.011516666039824486e-03
-1.512279268354177475e-03
-1.087408745661377907e-03
-8.638239814899861813e-04
-9.998474270105361938e-04
-1.407234463840723038e-03
-1.014810986816883087e-03
-1.144528156146407127e-03
-1.388121629133820534e-03
-9.207812836393713951e-04
-7.501809741370379925e-04
-1.227138214744627476e-03
-8.922974229790270329e-04
-6.937485304661095142e-04
-7.779868319630622864e-04
-1.224330393597483635e-03
-7.608424057252705097e-04
-6.238176720216870308e-04
-2.938040997833013535e-04
-3.642384544946253300e-04
-1.209316425956785679e-03
-1.081821974366903305e-03
-1.659370464039966464e-04
-4.084381216671317816e-04
-9.407726465724408627e-04
-1.322199590504169464e-03
-5.798958009108901024e-04
-3.826649917755275965e-04
-1.088176388293504715e-03
-2.429192682029679418e-04
-8.889860473573207855e-04
-5.845971754752099514e-04
-1.631608392926864326e-05
-4.574055783450603485e-04
-9.008934721350669861e-04
-8.968532201834022999e-04
-6.215975736267864704e-04
-7.898586918599903584e-04
-2.664691128302365541e-04
-2.377724740654230118e-04
-5.104274023324251175e-04
-6.678249337710440159e-04
-8.706302032805979252e-04
-6.529827369377017021e-04
-9.365947335027158260e-04
-7.146022981032729149e-04
-5.854240735061466694e-04
-7.395313587039709091e-04
-7.373193511739373207e-04
7.491677479265490547e-06
-4.723953315988183022e-04
-2.728315012063831091e-04
-3.931749961338937283e-04
-2.482363197486847639e-04
-9.447266929782927036e-04
-1.088414690457284451e-03
-8.853187900967895985e-04
-2.817674248944967985e-04
-1.122773392125964165e-03
-1.072422717697918415e-03
-5.389720317907631397e-04
-6.015837425366044044e-04
-5.367826088331639767e-04
-4.331190430093556643e-04
-8.727640961296856403e-04
-5.890000611543655396e-04
-4.874406149610877037e-04
-2.697861928027123213e-04
-1.041130235535092652e-04
-4.304638132452964783e-04
7.623097626492381096e-04
-1.325781631749123335e-04
-9.592429851181805134e-04
-6.501000607386231422e-04
-8.189900545403361320e-04
-2.234330167993903160e-04
6.353288772515952587e-04
-3.147525421809405088e-04
-1.059852656908333302e-03
-7.233427022583782673e-04
-4.817153967451304197e-04
-1.201777718961238861e-03
-2.197754365624859929e-04
4.655444354284554720e-05
-4.081550578121095896e-04
-3.159834886901080608e-04
-1.590068131918087602e-04
