-7.926958496682345867e-04
-7.431723497575148940e-05
1.312459935434162617e-03
1.506237545982003212e-03
-3.751028561964631081e-04
-1.105586532503366470e-03
-2.862222572730388492e-05
6.042019231244921684e-04
3.389040066394954920e-04
5.714806611649692059e-04
-5.556375072046648711e-06
1.396987936459481716e-04
6.348894094116985798e-04
1.085916999727487564e-03
3.683749120682477951e-03
5.929626058787107468e-04
6.160943303257226944e-05
-9.986226359615102410e-05
4.433400463312864304e-03
-8.706577500561252236e-05
3.511722607072442770e-04
8.985662134364247322e-04
4.983930266462266445e-04
1.121127977967262268e-02
-1.319145550951361656e-03
1.359071582555770874e-03
4.380777681944891810e-05
2.887872979044914246e-04
-1.444724475732073188e-04
2.229454461485147476e-03
7.196658989414572716e-04
1.296627428382635117e-02
4.066370893269777298e-04
-2.458957715134602040e-05
5.113343358971178532e-04
2.686490770429372787e-04
5.912715641898103058e-05
2.583285095170140266e-03
1.245190622285008430e-03
-6.086302455514669418e-04
1.779987476766109467e-02
3.125588409602642059e-04
1.567508094012737274e-02
-6.995708827162161469e-05
2.653509611263871193e-03
2.399152377620339394e-03
1.126494142226874828e-03
1.600543328095227480e-04
3.043494943995028734e-04
1.225544838234782219e-03
1.777529483661055565e-03
1.692567369900643826e-03
7.608922314830124378e-04
1.989640295505523682e-04
-5.617696660920046270e-05
2.750708023086190224e-03
1.258260803297162056e-03
9.454364771954715252e-04
-8.579851419199258089e-05
-2.147470513591542840e-04
-7.676484528928995132e-05
6.025139591656625271e-04
-1.975297200260683894e-04
6.169112748466432095e-04
4.182545526418834925e-04
3.105626092292368412e-04
3.018600400537252426e-04
1.483486557845026255e-04
6.384325097315013409e-04
-3.392594517208635807e-04
2.875747159123420715e-04
2.870769531000405550e-04
5.454979836940765381e-04
4.895610618405044079e-04
-5.370193975977599621e-04
-2.248442906420677900e-04
1.822119811549782753e-04
-6.233292515389621258e-05
5.640664603561162949e-04
8.504597935825586319e-04
1.605249475687742233e-03
9.710051817819476128e-04
4.205570439808070660e-04
-4.004345682915300131e-04
-1.283911406062543392e-03
-3.705272101797163486e-04
-4.963486571796238422e-04
-6.078738369978964329e-04
4.723841848317533731e-04
5.085066659376025200e-04
8.490476175211369991e-04
4.359174636192619801e-04
1.469877781346440315e-03
4.377049044705927372e-04
1.226123538799583912e-03
1.537336385808885098e-03
8.685979410074651241e-04
-2.718777104746550322e-04
-3.348206519149243832e-05
5.451461765915155411e-04
3.382424765732139349e-04
4.426796804182231426e-04
9.481714223511517048e-04
7.521992083638906479e-04
1.030629035085439682e-03
1.273202826268970966e-03
9.401915594935417175e-04
1.286079874262213707e-03
5.817838246002793312e-04
9.168644901365041733e-04
5.826584063470363617e-03
1.415360602550208569e-03
1.295340619981288910e-02
1.219768819282762706e-04
1.758715882897377014e-02
6.100878817960619926e-04
2.714333124458789825e-02
6.088661029934883118e-04
3.303055092692375183e-02
1.320064719766378403e-02
1.642129570245742798e-02
2.704636566340923309e-02
3.329992666840553284e-02
6.619673687964677811e-03
6.005648896098136902e-02
1.151392422616481781e-02
6.694390624761581421e-02
1.811935752630233765e-02
6.876233965158462524e-02
3.597046807408332825e-02
6.070962920784950256e-02
5.973475426435470581e-02
4.707620292901992798e-02
8.461811393499374390e-02
5.710828676819801331e-02
7.741016149520874023e-02
7.083445787429809570e-02
8.264154940843582153e-02
8.019207417964935303e-02
8.998160064220428467e-02
8.183651417493820190e-02
9.826341271400451660e-02
9.801252931356430054e-02
9.220414608716964722e-02
1.091399267315864563e-01
1.067763939499855042e-01
9.712034463882446289e-02
1.262084096670150757e-01
9.813350439071655273e-02
1.227327734231948853e-01
1.195801720023155212e-01
1.220917776226997375e-01
1.089390963315963745e-01
1.446457952260971069e-01
1.023293435573577881e-01
1.406147181987762451e-01
1.147538647055625916e-01
1.389193385839462280e-01
1.120314747095108032e-01
1.467714458703994751e-01
1.110622361302375793e-01
1.506602615118026733e-01
1.198912784457206726e-01
1.279351711273193359e-01
1.284571141004562378e-01
1.380709111690521240e-01
1.104826852679252625e-01
1.398402899503707886e-01
1.118917837738990784e-01
1.260027736425399780e-01
1.227707117795944214e-01
1.051928177475929260e-01
1.132348254323005676e-01
1.062587499618530273e-01
1.048216894268989563e-01
1.170999556779861450e-01
8.214120566844940186e-02
1.166768446564674377e-01
7.212403416633605957e-02
1.040792316198348999e-01
6.767844408750534058e-02
9.137614816427230835e-02
7.078687101602554321e-02
7.016137242317199707e-02
8.057832717895507812e-02
4.516801610589027405e-02
7.486552745103836060e-02
3.906384855508804321e-02
7.163827121257781982e-02
1.927728205919265747e-02
7.461922615766525269e-02
2.251297794282436371e-02
6.456081569194793701e-02
2.304804511368274689e-02
2.507267333567142487e-02
2.385020442306995392e-02
1.468636794015765190e-03
3.640609234571456909e-02
9.566207154421135783e-05
1.596521324245259166e-04
-4.174071000306867063e-05
4.898640327155590057e-05
-1.952898688614368439e-02
-1.806188002228736877e-02
-1.252837013453245163e-02
-8.177656680345535278e-03
-4.395158588886260986e-02
-1.462580636143684387e-02
-6.304439157247543335e-02
-2.849767729640007019e-02
-5.236108228564262390e-02
-4.354903474450111389e-02
-4.522123560309410095e-02
-6.787927448749542236e-02
-4.918345808982849121e-02
-6.189131736755371094e-02
-7.339446991682052612e-02
-6.735935807228088379e-02
-7.418470084667205811e-02
-8.620433509349822998e-02
-7.723286747932434082e-02
-8.436100184917449951e-02
-1.049856171011924744e-01
-8.109526336193084717e-02
-9.859402477741241455e-02
-1.052021384239196777e-01
-1.007156968116760254e-01
-1.201030015945434570e-01
-1.066252589225769043e-01
-1.186457872390747070e-01
-1.252098828554153442e-01
-1.230959743261337280e-01
-9.952029585838317871e-02
-1.524527519941329956e-01
-1.103764697909355164e-01
-1.234881505370140076e-01
-1.348738521337509155e-01
-1.179059967398643494e-01
-1.439364105463027954e-01
-1.224543005228042603e-01
-1.140459626913070679e-01
-1.466104686260223389e-01
-1.238219216465950012e-01
-1.234550550580024719e-01
-1.376731991767883301e-01
-1.155123859643936157e-01
-1.274467408657073975e-01
-1.251834332942962646e-01
-1.148039251565933228e-01
-1.188879609107971191e-01
-1.194843724370002747e-01
-1.099328473210334778e-01
-1.163418665528297424e-01
-1.087753027677536011e-01
-1.050477400422096252e-01
-1.071540564298629761e-01
-1.057541742920875549e-01
-9.279748052358627319e-02
-1.007081270217895508e-01
-1.036782264709472656e-01
-6.416796147823333740e-02
-1.117325425148010254e-01
-6.191432476043701172e-02
-8.445334434509277344e-02
-8.060922473669052124e-02
-6.760624796152114868e-02
-6.201478838920593262e-02
-8.168120682239532471e-02
-3.793266788125038147e-02
-7.549112290143966675e-02
-4.787824675440788269e-02
-5.547155067324638367e-02
-4.889777302742004395e-02
-4.670165106654167175e-02
-3.861438110470771790e-02
-2.916082553565502167e-02
-4.827206209301948547e-02
-2.633997984230518341e-02
-2.053913846611976624e-02
-3.955920413136482239e-02
-8.919081650674343109e-03
-2.686351723968982697e-02
-1.595195569097995758e-02
-3.375690896064043045e-03
-2.087922766804695129e-02
-3.608931554481387138e-03
-1.382184401154518127e-02
-1.121613546274602413e-03
-2.052962779998779297e-03
-9.480051696300506592e-03
-1.426506787538528442e-03
-1.326881116256117821e-03
-1.308286678977310658e-03
-6.634286255575716496e-04
-2.090861926262732595e-05
-6.374967051669955254e-04
-1.273659523576498032e-03
-2.454442437738180161e-04
-1.059530419297516346e-03
-8.251416147686541080e-04
-8.109860355034470558e-04
-5.495004588738083839e-04
-4.304900066927075386e-04
5.189509247429668903e-04
-2.002599794650450349e-04
-4.076007462572306395e-04
-4.703303566202521324e-04
2.616491401568055153e-04
9.027928172145038843e-05
5.773633602075278759e-04
1.180148217827081680e-03
1.396675826981663704e-03
-1.272559456992894411e-04
5.782756124972365797e-05
6.871124496683478355e-04
1.246981555595993996e-04
-5.035681533627212048e-04
2.227238583145663142e-04
4.402264021337032318e-04
1.831604095059446990e-05
-5.515745142474770546e-04
-9.775463258847594261e-04
-3.291712491773068905e-04
-4.073840682394802570e-05
4.488482954911887646e-04
-3.900564843206666410e-05
-5.416055209934711456e-04
-9.924005717039108276e-04
1.949247234733775258e-04
2.984242455568164587e-04
2.256708976346999407e-04
-2.508468605810776353e-05
4.655770317185670137e-04
-6.388369947671890259e-04
-4.560469824355095625e-04
1.677373657003045082e-04
-2.027353330049663782e-04
-3.770581097342073917e-04
6.497623980976641178e-04
-1.269453205168247223e-03
-4.446477105375379324e-04
3.705233102664351463e-04
3.073433472309261560e-04
-7.126534474082291126e-04
-1.047529047355055809e-03
-4.301664885133504868e-04
-1.032683998346328735e-03
2.510136109776794910e-04
2.322018262930214405e-04
-5.136987892910838127e-04
-1.962049631401896477e-03
-2.446504542604088783e-03
-1.371359569020569324e-03
-7.746837218292057514e-04
-6.324685527943074703e-04
-5.335816182196140289e-03
-1.002683537080883980e-03
-7.493152515962719917e-04
1.267120242118835449e-04
-4.708924330770969391e-03
-9.018317214213311672e-04
-3.386490512639284134e-03
9.654444875195622444e-04
-4.431276756804436445e-04
-1.092968136072158813e-02
-5.989180644974112511e-04
-5.058843176811933517e-03
-1.654859515838325024e-03
3.105820796918123960e-04
-4.771345993503928185e-04
1.859025505837053061e-04
-1.042685564607381821e-02
1.727523922454565763e-04
-3.616242611315101385e-04
-1.211558654904365540e-02
-9.634554153308272362e-04
-8.768773113843053579e-05
-5.141727160662412643e-04
-1.754927216097712517e-04
-4.579863511025905609e-03
3.494988777674734592e-04
1.149438670836389065e-03
-6.048137438483536243e-04
-1.114730490371584892e-03
-4.659747355617582798e-05
4.385110805742442608e-04
-1.550836209207773209e-02
1.304410689044743776e-04
-5.160972941666841507e-04
-1.291357912123203278e-02
-5.596241680905222893e-04
-4.503316013142466545e-04
-4.659479891415685415e-04
-3.334615845233201981e-03
-1.375363208353519440e-04
1.208948669955134392e-04
2.310505224158987403e-04
-2.017312181123998016e-05
-5.414423649199306965e-04
-4.239296249579638243e-04
-1.924505486385896802e-04
