-6.242494418984279037e-05
-7.592137262690812349e-05
-1.195420773001387715e-04
-1.030586281558498740e-04
-1.386807271046563983e-04
-9.599623444955796003e-05
-1.435285957995802164e-04
-1.532891183160245419e-04
-1.806084619602188468e-04
-1.648340694373473525e-04
-1.477213809266686440e-04
-1.719907158985733986e-04
-1.960477966349571943e-04
-1.687373587628826499e-04
-1.500715152360498905e-04
-1.982054236577823758e-04
-2.325628156540915370e-04
-1.847294624894857407e-04
-2.524431038182228804e-04
-2.126553008565679193e-04
-2.322533400729298592e-04
-2.396732452325522900e-04
-2.855705970432609320e-04
-2.261816407553851604e-04
-2.677625743672251701e-04
-2.682220074348151684e-04
-2.956316166091710329e-04
-2.927432069554924965e-04
-3.105990181211382151e-04
-3.281135286670178175e-04
-3.066384524572640657e-04
-3.095938591286540031e-04
-3.519790188875049353e-04
-3.372018109075725079e-04
-3.329088503960520029e-04
-3.373064682818949223e-04
-3.617377660702914000e-04
-3.676859196275472641e-04
-4.170835309196263552e-04
-4.149492015130817890e-04
-3.885138721670955420e-04
-3.797409590333700180e-04
-3.684705880004912615e-04
-3.694492916110903025e-04
-3.559843462426215410e-04
-4.463054356165230274e-04
-4.259637207724153996e-04
-4.277284315321594477e-04
-4.299170686863362789e-04
-4.664634470827877522e-04
-4.492066800594329834e-04
-4.566803399939090014e-04
-4.049551498610526323e-04
-4.376233846414834261e-04
-4.315591941121965647e-04
-4.294341779313981533e-04
-4.274525854270905256e-04
-4.155206261202692986e-04
-4.282801528461277485e-04
-3.882081946358084679e-04
-4.292222147341817617e-04
-4.169107414782047272e-04
-4.039873019792139530e-04
-3.591255226638168097e-04
-3.784969740081578493e-04
-3.616818285081535578e-04
-3.434553800616413355e-04
-3.459513827692717314e-04
-3.064050688408315182e-04
-2.963856968563050032e-04
-3.447593771852552891e-04
-2.968350599985569715e-04
-2.674380375538021326e-04
-2.978057309519499540e-04
-2.924540603999048471e-04
-3.013467648997902870e-04
-2.023125562118366361e-04
-2.342283987672999501e-04
-1.358654699288308620e-04
-1.716189872240647674e-04
-1.560402597533538938e-04
-2.087594912154600024e-04
-1.045141252689063549e-04
-9.933032561093568802e-05
-4.885254747932776809e-05
1.691252509772311896e-05
-3.612848377088084817e-05
-3.112033937213709578e-06
3.003581525717891054e-07
3.599280535127036273e-05
1.164046898338710889e-05
6.323186244117096066e-05
1.101277011912316084e-04
1.303130120504647493e-04
1.521238591521978378e-04
1.693837548373267055e-04
1.422906352672725916e-04
1.721029693726450205e-04
2.190098166465759277e-04
1.558234653202816844e-04
2.180580340791493654e-04
1.012968496070243418e-04
1.744976907502859831e-04
1.250958885066211224e-04
1.780542370397597551e-04
2.004447596846148372e-04
1.732501696096733212e-04
1.640250993659719825e-04
1.554789341753348708e-04
4.148188600083813071e-05
1.204113214043900371e-04
5.638525544782169163e-05
2.834386395988985896e-05
8.088523463811725378e-05
-1.564488775329664350e-05
4.761575473821721971e-05
1.088943008653586730e-05
-4.315926616982324049e-06
-6.369098264258354902e-05
-6.672740710200741887e-05
-1.262163423234596848e-04
-9.193913865601643920e-05
-1.113192192860879004e-04
-1.249888591701164842e-04
-9.610765846446156502e-05
-1.402126217726618052e-04
-1.266110048163682222e-04
-8.823782991385087371e-05
-1.486809051129966974e-04
-7.667973113711923361e-05
-1.440953474229900166e-05
5.306311504682525992e-05
4.794858250534161925e-05
2.092414506478235126e-04
2.628990623634308577e-04
3.558392927516251802e-04
4.216766974423080683e-04
5.692957784049212933e-04
8.772503351792693138e-04
8.686115616001188755e-04
1.125291804783046246e-03
1.266680192202329636e-03
1.406033756211400032e-03
1.589414314366877079e-03
1.782792503945529461e-03
2.078010002151131630e-03
2.295919694006443024e-03
2.588525414466857910e-03
2.745284000411629677e-03
3.013979643583297729e-03
3.263801336288452148e-03
3.474313998594880104e-03
3.541008336469531059e-03
3.654618747532367706e-03
3.840094897896051407e-03
3.874575719237327576e-03
3.970689140260219574e-03
3.835089737549424171e-03
3.818577853962779045e-03
3.904206911101937294e-03
3.786647925153374672e-03
3.630867460742592812e-03
3.674084786325693130e-03
3.457331331446766853e-03
3.587365150451660156e-03
3.538189688697457314e-03
3.633874468505382538e-03
3.609219100326299667e-03
4.078115802258253098e-03
4.356458783149719238e-03
5.141365807503461838e-03
6.135384552180767059e-03
7.174380123615264893e-03
8.310493081808090210e-03
9.685278870165348053e-03
1.112059038132429123e-02
1.217502076178789139e-02
1.262664515525102615e-02
1.294086873531341553e-02
1.327800657600164413e-02
1.345905009657144547e-02
1.296060811728239059e-02
1.188960298895835876e-02
1.133527047932147980e-02
1.126603502780199051e-02
1.147831510752439499e-02
1.638385094702243805e-02
2.226996980607509613e-02
2.830452658236026764e-02
3.696385398507118225e-02
2.792196534574031830e-02
3.029797226190567017e-02
1.919204555451869965e-02
3.619571402668952942e-02
3.505538776516914368e-02
7.018526643514633179e-02
1.093653030693531036e-02
5.438220500946044922e-02
6.579555571079254150e-02
-1.733560487627983093e-02
2.188126742839813232e-02
-3.721450269222259521e-02
-3.181410580873489380e-02
-1.287344545125961304e-01
4.943406209349632263e-03
-5.691970884799957275e-02
-4.232597351074218750e-02
-4.752700403332710266e-02
-4.730400815606117249e-02
-3.943379595875740051e-02
-3.971924260258674622e-02
-3.106727078557014465e-02
-3.113462589681148529e-02
-2.288014441728591919e-02
-1.793759316205978394e-02
-1.672272011637687683e-02
-1.577748544514179230e-02
-1.557831000536680222e-02
-1.605426147580146790e-02
-1.602619513869285583e-02
-1.622174866497516632e-02
-1.566847600042819977e-02
-1.475133094936609268e-02
-1.410868111997842789e-02
-1.263670157641172409e-02
-1.146456319838762283e-02
-9.688617661595344543e-03
-8.701211772859096527e-03
-7.685479242354631424e-03
-6.453967653214931488e-03
-5.817147437483072281e-03
-5.262946709990501404e-03
-4.806456156075000763e-03
-4.358668345957994461e-03
-4.312903154641389847e-03
-4.335630685091018677e-03
-4.481701646000146866e-03
-4.386429209262132645e-03
-4.475203808397054672e-03
-4.542620386928319931e-03
-4.709844477474689484e-03
-4.648674745112657547e-03
-4.464318975806236267e-03
-4.586826078593730927e-03
-4.481270443648099899e-03
-4.316564649343490601e-03
-4.161078017204999924e-03
-4.002754576504230499e-03
-3.705510869622230530e-03
-3.719014348462224007e-03
-3.466136986389756203e-03
-3.281802404671907425e-03
-3.008359577506780624e-03
-2.588025759905576706e-03
-2.534148283302783966e-03
-2.269391436129808426e-03
-2.078637480735778809e-03
-1.841784454882144928e-03
-1.628624973818659782e-03
-1.520727411843836308e-03
-1.305732177570462227e-03
-1.090570935048162937e-03
-9.513199329376220703e-04
-8.445731364190578461e-04
-7.025037193670868874e-04
-5.037001101300120354e-04
-5.262827035039663315e-04
-4.084128886461257935e-04
-3.557244490366429090e-04
-2.516279346309602261e-04
-2.567651681602001190e-04
-2.368164568906649947e-04
-2.201851311838254333e-04
-1.589230960234999657e-04
-1.622544368728995323e-04
-1.608861930435523391e-04
-1.477955374866724014e-04
-1.944442774401977658e-04
-9.802263230085372925e-05
-9.991779370466247201e-05
-2.024539135163649917e-04
-1.352438266621902585e-04
-1.792526309145614505e-04
-1.657734101172536612e-04
-2.194782427977770567e-04
-2.953139191959053278e-04
-3.323934506624937057e-04
-2.658287703525274992e-04
-2.567616465967148542e-04
-2.566263428889214993e-04
-2.913613861892372370e-04
-3.288953157607465982e-04
-3.439777647145092487e-04
-3.190464922226965427e-04
-3.459363360889256001e-04
-2.921944833360612392e-04
-3.003868332598358393e-04
-3.623327938839793205e-04
-3.181150241289287806e-04
-2.999015268869698048e-04
-3.177911858074367046e-04
-3.391737118363380432e-04
-3.258101642131805420e-04
-2.371480368310585618e-04
-2.538042899686843157e-04
-2.280763437738642097e-04
-2.300514461239799857e-04
-2.509110199753195047e-04
-1.803728810045868158e-04
-1.890852436190471053e-04
-2.131536894012242556e-04
-1.620626135263592005e-04
-1.101527886930853128e-04
-7.427485252264887094e-05
-1.049207930918782949e-04
-7.329883374040946364e-05
-5.438102016341872513e-05
-4.064635868417099118e-05
1.165889625553973019e-05
8.447548680123873055e-06
7.055628520902246237e-05
1.496448294346919283e-05
1.033379521686583757e-04
1.547546125948429108e-04
1.621187257114797831e-04
1.233619259437546134e-04
1.998964580707252026e-04
1.965086994459852576e-04
2.214611740782856941e-04
2.060070401057600975e-04
2.053128700936213136e-04
2.968803455587476492e-04
2.440828393446281552e-04
2.152439265046268702e-04
2.953464572783559561e-04
3.054116968996822834e-04
3.188905830029398203e-04
2.860091044567525387e-04
3.466469643171876669e-04
3.206343972124159336e-04
3.265941923018544912e-04
3.711802419275045395e-04
3.634737804532051086e-04
3.444440662860870361e-04
3.273606125731021166e-04
3.349416947457939386e-04
3.468646318651735783e-04
3.708101285155862570e-04
3.728169249370694160e-04
3.905356861650943756e-04
3.586383536458015442e-04
3.780993574764579535e-04
3.940408932976424694e-04
3.185582754667848349e-04
3.541591286193579435e-04
3.663550014607608318e-04
3.609479463193565607e-04
3.617627080529928207e-04
3.101344336755573750e-04
3.819099511019885540e-04
3.466316848061978817e-04
3.491491370368748903e-04
3.464658511802554131e-04
3.312053740955889225e-04
3.307041479274630547e-04
3.517413279041647911e-04
3.172956639900803566e-04
2.820437657646834850e-04
3.035810368601232767e-04
3.337388625368475914e-04
3.031728847417980433e-04
2.939311088994145393e-04
2.631933602970093489e-04
2.622171596158295870e-04
2.614382246974855661e-04
3.095109132118523121e-04
2.551276702433824539e-04
1.966393756447359920e-04
2.147450868505984545e-04
2.337393671041354537e-04
2.144298778148368001e-04
2.107179461745545268e-04
2.528813492972403765e-04
1.999033993342891335e-04
1.416052400600165129e-04
2.035501820500940084e-04
1.483525993535295129e-04
2.049472241196781397e-04
1.340250746579840779e-04
1.507993583800271153e-04
1.782621257007122040e-04
1.446264068363234401e-04
1.036501489579677582e-04
1.012588400044478476e-04
1.175490251625888050e-04
1.431218697689473629e-04
6.765571743017062545e-05
9.318591764895245433e-05
6.461701559601351619e-05
5.493430580827407539e-05
3.602401920943520963e-05
