1.360327296424657106e-04
-2.540070796385407448e-03
-2.494289539754390717e-03
-3.406567033380270004e-03
1.347641693428158760e-03
5.636626738123595715e-04
-3.750036703422665596e-03
-1.290007494390010834e-03
-2.453066874295473099e-03
9.761236608028411865e-03
-7.950961589813232422e-03
-1.297466922551393509e-03
-4.226739052683115005e-03
-2.690682187676429749e-03
-4.045719280838966370e-03
-6.930716801434755325e-03
-8.319620974361896515e-03
-1.125884428620338440e-02
-2.861031796783208847e-03
-2.389939501881599426e-03
-2.980077872052788734e-03
-3.630768507719039917e-03
-1.494541112333536148e-02
-7.156397681683301926e-03
-3.978341817855834961e-03
-6.853580474853515625e-03
-8.838617941364645958e-04
-3.734896657988429070e-03
-3.148247487843036652e-03
-6.676068063825368881e-03
-4.499057773500680923e-03
-6.462644319981336594e-03
-1.480036880820989609e-03
-2.309139352291822433e-03
-2.131442073732614517e-03
-9.039780125021934509e-03
-1.261610654182732105e-03
-2.919865027070045471e-02
-6.663928274065256119e-03
-5.890513770282268524e-03
-5.722020287066698074e-03
-4.417171236127614975e-03
-7.590145803987979889e-03
-3.606006503105163574e-03
-9.461702778935432434e-03
-1.237261574715375900e-02
-5.596830975264310837e-03
-7.392424158751964569e-03
-8.827970363199710846e-03
-1.315846201032400131e-02
-5.351535510271787643e-03
-8.396373130381107330e-03
-1.244318112730979919e-02
-1.106997672468423843e-02
-3.543570870533585548e-03
-4.182737786322832108e-03
-2.894650213420391083e-03
-5.279882345348596573e-03
-1.319348998367786407e-02
-8.264664560556411743e-03
-8.968951180577278137e-03
-1.553347148001194000e-02
-8.574591018259525299e-03
-1.333665940910577774e-02
2.232302911579608917e-03
-5.840494297444820404e-03
-5.716978106647729874e-03
1.811568858101963997e-03
-3.520782804116606712e-03
-1.364697120152413845e-03
-6.869823671877384186e-03
-9.521125815808773041e-03
2.958985045552253723e-03
-4.216457530856132507e-02
-7.325467653572559357e-03
-1.868333294987678528e-02
-3.308883635327219963e-03
2.462941780686378479e-02
-1.716615818440914154e-02
8.322549983859062195e-03
3.085905453190207481e-03
-6.316191982477903366e-03
-7.350630126893520355e-03
-1.095617422834038734e-03
-8.088550530374050140e-03
-1.283982128370553255e-04
-5.613765213638544083e-03
-2.108949003741145134e-03
8.832847699522972107e-03
3.480195300653576851e-04
5.790207535028457642e-03
-3.182739950716495514e-03
2.767156809568405151e-03
-9.804500266909599304e-03
1.057941652834415436e-02
-1.017329003661870956e-02
-3.655554726719856262e-03
-4.109763249289244413e-04
1.406591502018272877e-03
-1.783320796675980091e-03
4.551757127046585083e-03
7.553219911642372608e-04
-8.570832200348377228e-03
3.292213194072246552e-03
-3.228295245207846165e-04
3.944812342524528503e-03
2.565073780715465546e-03
1.760866120457649231e-02
5.114294588565826416e-02
1.725680753588676453e-02
1.365004386752843857e-02
-1.377059612423181534e-02
6.154085043817758560e-03
4.334613215178251266e-03
7.916249334812164307e-03
2.599195763468742371e-02
6.302772555500268936e-03
-2.993757138028740883e-03
-1.663821376860141754e-02
2.499101683497428894e-03
1.971476897597312927e-02
-7.541386876255273819e-03
2.262719674035906792e-03
2.462980104610323906e-03
1.161013636738061905e-02
5.683079361915588379e-03
1.725305989384651184e-02
1.102572772651910782e-02
-1.475954055786132812e-02
-4.810002283193171024e-04
1.207619626075029373e-02
1.347004529088735580e-02
-1.840590126812458038e-02
1.319733913987874985e-02
6.318622268736362457e-03
-2.041074074804782867e-02
-1.032988168299198151e-02
-8.620414882898330688e-03
-1.161585189402103424e-02
-1.152150332927703857e-02
1.096597686409950256e-02
-1.430509332567453384e-02
3.078102366998791695e-03
5.084677040576934814e-02
-1.998976804316043854e-02
-1.196621824055910110e-02
-8.159565739333629608e-03
1.001465041190385818e-02
2.016338257817551494e-04
2.787538804113864899e-02
-8.752333000302314758e-03
3.262792248278856277e-03
8.227581274695694447e-04
5.560071440413594246e-04
-1.307432539761066437e-02
1.537222415208816528e-03
-3.789310902357101440e-02
-1.939945667982101440e-02
-1.861720113083720207e-03
3.716643527150154114e-02
2.031510323286056519e-02
1.523556746542453766e-02
4.675792157649993896e-02
1.350107975304126740e-02
-2.156470715999603271e-02
1.788075640797615051e-02
3.277262300252914429e-02
-1.452533900737762451e-02
2.129152230918407440e-02
2.842287765815854073e-03
3.953171148896217346e-02
-1.924642175436019897e-02
-3.037233836948871613e-02
1.139144226908683777e-02
3.018030524253845215e-02
-4.958442412316799164e-03
5.255601927638053894e-02
2.129585482180118561e-02
2.806575037539005280e-02
-2.571199275553226471e-02
7.226376794278621674e-03
6.418309640139341354e-03
-1.797428354620933533e-03
5.616358295083045959e-02
2.401302009820938110e-02
-1.148416846990585327e-02
-5.094318836927413940e-02
4.201011732220649719e-02
3.588309511542320251e-02
-6.974834017455577850e-03
5.656029284000396729e-02
1.096649188548326492e-02
4.024044796824455261e-02
-2.960638701915740967e-02
-6.935280561447143555e-02
-2.711171843111515045e-02
-4.390939697623252869e-02
4.560067132115364075e-02
3.898331522941589355e-02
-7.156477123498916626e-02
-4.969509318470954895e-02
-5.322848632931709290e-02
-6.232070177793502808e-02
-2.658585086464881897e-02
5.745633319020271301e-02
-4.250057041645050049e-02
-1.083678156137466431e-01
6.705778837203979492e-02
-8.924276381731033325e-02
-3.744135145097970963e-03
-4.576238803565502167e-03
-7.563353981822729111e-03
-2.235813625156879425e-02
1.206330861896276474e-02
2.698106318712234497e-02
-1.754281297326087952e-02
-2.837596274912357330e-02
5.822465196251869202e-02
-2.369893155992031097e-02
-2.818593196570873260e-02
3.196716716047376394e-05
-5.872011557221412659e-02
3.127902001142501831e-02
2.231799624860286713e-02
-2.507028169929981232e-02
6.582306697964668274e-03
-2.979008946567773819e-03
-4.914738982915878296e-02
-3.606044128537178040e-02
2.823122777044773102e-02
1.771907880902290344e-02
4.262974485754966736e-02
-3.012115694582462311e-02
1.918599009513854980e-03
-2.445517294108867645e-02
-8.352076634764671326e-03
1.666646823287010193e-02
1.854684390127658844e-02
2.472832053899765015e-02
-1.985688135027885437e-02
-9.338985546492040157e-04
-2.695061080157756805e-02
-2.604604884982109070e-02
5.332380533218383789e-03
8.638367056846618652e-03
-1.561148650944232941e-02
-1.130430120974779129e-02
-1.832551509141921997e-02
-2.856845036149024963e-02
3.192952275276184082e-02
-9.089350700378417969e-03
1.374612841755151749e-02
6.499176844954490662e-03
-1.427112962119281292e-03
1.338280388154089451e-03
4.339157603681087494e-03
7.939065806567668915e-03
7.771657779812812805e-03
-1.182711496949195862e-02
-1.388141419738531113e-02
-1.474651880562305450e-02
-2.091830223798751831e-02
-1.356113143265247345e-02
-5.060713272541761398e-03
1.298108976334333420e-02
-2.661995962262153625e-02
4.162074532359838486e-03
-2.739963354542851448e-03
-1.345117460004985332e-03
-3.312068432569503784e-02
-9.391778439749032259e-05
-7.250347174704074860e-03
4.710889421403408051e-03
-1.088090986013412476e-02
-6.292255595326423645e-03
-1.437034085392951965e-02
-1.830116473138332367e-02
-5.508089903742074966e-03
-6.299155950546264648e-02
-1.318522915244102478e-02
-8.186082355678081512e-03
2.092900685966014862e-02
-4.105540923774242401e-03
-1.945515163242816925e-02
-3.932971972972154617e-03
1.126029528677463531e-03
-4.613033030182123184e-03
-1.694549719104543328e-04
3.295750822871923447e-03
1.385276671499013901e-03
-1.469411980360746384e-02
-4.677491262555122375e-03
-1.004432234913110733e-02
8.298496715724468231e-03
-4.449462518095970154e-03
-1.022696029394865036e-02
-1.120672374963760376e-02
-1.850348897278308868e-03
-1.054920256137847900e-02
-5.920778494328260422e-03
1.417242176830768585e-02
-4.830219317227602005e-03
-3.946488257497549057e-03
8.534356951713562012e-03
-1.438139937818050385e-02
-1.758049428462982178e-02
-7.568555418401956558e-03
6.288998294621706009e-03
1.260515023022890091e-02
-7.009614724665880203e-03
-6.727968808263540268e-03
4.840316250920295715e-03
7.164949085563421249e-03
-3.506808355450630188e-02
5.596923176199197769e-03
-3.959761932492256165e-03
-5.901992321014404297e-03
-6.649172864854335785e-03
-1.047157403081655502e-02
-1.069017965346574783e-02
-4.144946858286857605e-02
-1.877200044691562653e-02
2.578373067080974579e-02
-7.932763546705245972e-03
-8.823692798614501953e-03
-5.001862882636487484e-04
-1.140650827437639236e-02
-7.456765510141849518e-03
-1.367649249732494354e-02
-9.725327603518962860e-03
-1.277018245309591293e-02
-1.679154811426997185e-03
8.151226677000522614e-03
-1.137663517147302628e-02
-7.984786294400691986e-03
-7.108338642865419388e-03
-9.841115213930606842e-03
-1.137506682425737381e-03
-2.751515945419669151e-03
-1.133246719837188721e-02
-1.215823367238044739e-02
-6.659943144768476486e-03
8.564143790863454342e-04
-1.398866996169090271e-02
-1.147662010043859482e-02
-9.318090975284576416e-03
-8.084249682724475861e-03
-1.155159063637256622e-02
-9.755863808095455170e-03
-7.386662065982818604e-03
-8.606876246631145477e-03
-2.171594277024269104e-02
-1.377640198916196823e-02
-1.616770029067993164e-02
-6.632678210735321045e-03
-5.635395646095275879e-03
-5.062932614237070084e-03
-5.377980414777994156e-03
-4.026638343930244446e-03
-5.262283142656087875e-03
-5.310255568474531174e-03
-5.882621742784976959e-03
-4.661910235881805420e-03
9.930425323545932770e-03
-2.671807305887341499e-03
-3.903605276718735695e-03
-4.797281697392463684e-03
-1.017730403691530228e-02
-5.995618179440498352e-03
-7.319518364965915680e-03
1.022794167511165142e-03
-4.827255383133888245e-02
-1.083685178309679031e-02
-1.067939773201942444e-02
-7.862655445933341980e-03
-5.052269902080297470e-03
-7.658494636416435242e-03
-6.083931308239698410e-03
-1.059017982333898544e-02
-6.135133095085620880e-03
-6.293718237429857254e-03
-4.806214943528175354e-03
-6.447193212807178497e-03
-3.745277877897024155e-03
-6.883585825562477112e-03
-4.207022022455930710e-03
-4.062577616423368454e-03
-8.974323980510234833e-03
-1.137994881719350815e-02
-9.215896716341376305e-04
-6.814426742494106293e-03
-2.498829737305641174e-03
-6.114991381764411926e-03
-4.338659811764955521e-03
-5.582091864198446274e-03
-3.921572118997573853e-03
-4.028430674225091934e-03
1.124274265021085739e-02
-3.105944022536277771e-03
-3.148229094222187996e-03
4.428157117217779160e-03
