3.299403470009565353e-04
5.889862586627714336e-05
-3.247257845941931009e-04
8.408864232478663325e-05
3.560117911547422409e-04
2.656883443705737591e-04
3.571276320144534111e-04
-1.538504287600517273e-02
1.760346349328756332e-04
2.963835140690207481e-04
3.514710115268826485e-04
1.315247733145952225e-02
-1.744376122951507568e-02
2.050476723525207490e-06
7.101551454979926348e-05
3.074945998378098011e-04
-1.890671253204345703e-02
3.390823840163648129e-04
3.751803305931389332e-04
-7.420511450618505478e-03
8.520179108018055558e-05
1.295744586968794465e-04
2.009824966080486774e-04
2.447334372845944017e-05
1.507146225776523352e-04
8.022830821573734283e-03
-1.253591012209653854e-02
4.556159675121307373e-02
-1.107105985283851624e-02
4.225721568218432367e-05
1.531458474346436560e-05
2.447449229657649994e-02
-2.949439361691474915e-02
-8.673163392813876271e-05
2.647491601237561554e-05
4.534764448180794716e-04
1.610549539327621460e-02
-2.624071389436721802e-02
1.189029682427644730e-02
-3.843839094042778015e-02
3.795845259446650743e-04
3.611823194660246372e-04
-9.934915229678153992e-03
1.600809767842292786e-02
1.648429897613823414e-04
3.686730051413178444e-04
2.851373283192515373e-04
2.996368566527962685e-04
4.503734235186129808e-04
3.620948118623346090e-04
-1.281575486063957214e-02
2.639248268678784370e-04
4.296226252336055040e-04
-6.614730693399906158e-03
1.887695107143372297e-04
2.741618664003908634e-04
2.322585135698318481e-02
1.618556561879813671e-04
2.406361891189590096e-04
7.133457809686660767e-03
-2.758358232676982880e-02
1.290414365939795971e-04
-2.902581589296460152e-03
6.672593881376087666e-04
-2.759659290313720703e-02
2.788275480270385742e-03
1.921555958688259125e-04
1.010461430996656418e-02
2.672480768524110317e-04
1.117534842342138290e-02
1.949905854417011142e-04
1.863649958977475762e-04
3.967108204960823059e-05
-1.214845178765244782e-04
6.676976045127958059e-05
-2.989810891449451447e-03
2.618526923470199108e-04
3.227164596319198608e-02
3.366141172591596842e-04
3.685111878439784050e-04
1.861067861318588257e-02
-1.693246304057538509e-04
-1.717972045298665762e-04
4.586828581523150206e-04
2.859637024812400341e-04
-1.113966479897499084e-02
3.448434546589851379e-02
-7.125872070901095867e-05
1.458095945417881012e-02
-2.141086757183074951e-02
7.262000348418951035e-03
-1.308159250766038895e-02
4.178519011475145817e-04
-4.495595116168260574e-03
-2.742196805775165558e-02
-1.483011437812820077e-04
6.813161598984152079e-05
2.274054847657680511e-02
-5.016226693987846375e-02
6.690463423728942871e-02
-4.051377624273300171e-02
-2.873719111084938049e-02
2.241116575896739960e-02
-1.744586974382400513e-02
-3.929912298917770386e-02
2.373481402173638344e-03
-3.499456867575645447e-02
-9.471989236772060394e-03
-1.114234473789110780e-04
-1.802625693380832672e-02
-1.745059620589017868e-03
-4.122800007462501526e-02
-5.722679197788238525e-04
-1.798494718968868256e-02
-7.644733159395400435e-06
-5.188225582242012024e-02
1.167941154562868178e-04
-4.348399117588996887e-02
-8.821209520101547241e-02
1.153741683810949326e-02
-2.532137185335159302e-02
-4.636062681674957275e-02
-2.676258422434329987e-02
-5.630349740386009216e-02
-2.994683198630809784e-02
-5.575029551982879639e-02
-3.389095142483711243e-02
-3.255537897348403931e-02
-6.307612359523773193e-02
-2.235272526741027832e-02
-3.146873414516448975e-02
-1.122540235519409180e-01
-4.424882680177688599e-02
-4.447784274816513062e-02
-9.399247169494628906e-02
-3.633094951510429382e-02
-8.003477007150650024e-02
-1.271592527627944946e-01
-8.441783487796783447e-02
-5.011778324842453003e-02
-1.163208782672882080e-01
-3.232306987047195435e-02
-1.238009929656982422e-01
-7.040509581565856934e-02
-1.065230816602706909e-01
-7.215594500303268433e-02
-1.126833558082580566e-01
-1.031788215041160583e-01
-1.099616959691047668e-01
-7.336873561143875122e-02
-1.637039184570312500e-01
-9.212232381105422974e-02
-3.469431772828102112e-02
-1.363112628459930420e-01
-9.594093263149261475e-02
-1.662654727697372437e-01
-1.265436857938766479e-01
-9.469404816627502441e-02
-1.627519279718399048e-01
-7.971732318401336670e-02
-1.565251052379608154e-01
-1.436938047409057617e-01
-1.341327577829360962e-01
-1.398719847202301025e-01
-1.060545071959495544e-01
-9.208463132381439209e-02
-8.629830926656723022e-02
-1.556592285633087158e-01
-6.935381889343261719e-02
-1.179767921566963196e-01
-1.586869060993194580e-01
-9.905172139406204224e-02
-1.601337641477584839e-01
-1.119063869118690491e-01
-1.147732585668563843e-01
-1.403582841157913208e-01
-1.126736402511596680e-01
-7.202860713005065918e-02
-1.262114495038986206e-01
-9.273198246955871582e-02
-1.178803667426109314e-01
-5.023229494690895081e-02
-1.020943820476531982e-01
-1.059782207012176514e-01
-1.018209978938102722e-01
-8.607289195060729980e-02
-5.317313224077224731e-02
-5.827648937702178955e-02
-7.989768683910369873e-02
9.927425999194383621e-04
-3.654259443283081055e-02
-4.329334944486618042e-02
-4.653368517756462097e-02
-9.200434200465679169e-03
-2.845878712832927704e-02
-1.554805901832878590e-03
-8.318387717008590698e-02
8.893794380128383636e-03
-3.921391814947128296e-02
-2.107236906886100769e-02
5.614164401777088642e-04
-1.900995709002017975e-02
-1.449630409479141235e-02
3.881509229540824890e-02
1.174015109427273273e-03
-3.657746827229857445e-03
6.146678701043128967e-02
1.317916437983512878e-02
5.650980025529861450e-02
4.463671892881393433e-02
1.714126765727996826e-02
2.011462859809398651e-02
1.147253513336181641e-01
1.615406572818756104e-02
6.619297713041305542e-02
7.053586840629577637e-02
5.641638115048408508e-02
1.025050729513168335e-01
2.364849299192428589e-02
8.061699569225311279e-02
3.323255106806755066e-02
8.963020890951156616e-02
9.012791514396667480e-02
8.644347637891769409e-02
5.505306646227836609e-02
1.174406632781028748e-01
5.866042524576187134e-02
1.492248326539993286e-01
9.205497801303863525e-02
1.291844844818115234e-01
1.474818587303161621e-01
6.913809478282928467e-02
1.694739162921905518e-01
1.301138103008270264e-01
9.941669553518295288e-02
9.640025347471237183e-02
1.388990879058837891e-01
1.137145906686782837e-01
1.023807898163795471e-01
1.384481489658355713e-01
1.082539707422256470e-01
7.584913074970245361e-02
1.264409422874450684e-01
1.373200416564941406e-01
9.092608839273452759e-02
9.590313583612442017e-02
1.232589408755302429e-01
1.321778297424316406e-01
1.017555743455886841e-01
1.299265474081039429e-01
8.093719184398651123e-02
1.089104786515235901e-01
9.754722565412521362e-02
6.047650426626205444e-02
1.349738836288452148e-01
8.548561483621597290e-02
1.490299254655838013e-01
4.546926915645599365e-02
1.219025403261184692e-01
6.092870980501174927e-02
7.431464642286300659e-02
6.302012503147125244e-02
8.616460859775543213e-02
8.348660171031951904e-02
6.376381963491439819e-02
6.922293454408645630e-02
5.738989636301994324e-02
5.500338599085807800e-02
7.543250918388366699e-02
6.021341308951377869e-03
8.215609192848205566e-02
2.208146452903747559e-02
4.146712645888328552e-02
6.855391710996627808e-02
6.905250716954469681e-03
4.862364754080772400e-02
3.484180197119712830e-02
4.142937436699867249e-02
1.489789597690105438e-02
2.130558528006076813e-02
3.838447853922843933e-02
-6.869410630315542221e-03
3.862151131033897400e-02
8.331707119941711426e-02
-8.891234028851613402e-05
2.193598635494709015e-02
1.677501574158668518e-02
-9.748153388500213623e-04
8.555698208510875702e-03
-7.696554530411958694e-03
1.062084361910820007e-02
-4.199123213766142726e-05
1.564921811223030090e-02
2.165142819285392761e-02
-3.878271952271461487e-02
1.099989842623472214e-02
-1.375886891037225723e-02
4.404147155582904816e-03
3.982643410563468933e-02
-9.425001218914985657e-03
3.293912485241889954e-02
-2.905966248363256454e-03
-6.764714635210111737e-05
-1.407221570843830705e-04
-3.771749834413640201e-05
-1.430245488882064819e-02
1.165873138234019279e-03
-2.342510560993105173e-05
-9.587469510734081268e-03
2.028606459498405457e-02
-7.136808242648839951e-03
2.585412003099918365e-04
-8.413485251367092133e-03
-3.006682381965219975e-04
-2.130246575688943267e-04
-1.765143097145482898e-04
1.025333348661661148e-02
-2.610303647816181183e-02
-2.008956507779657841e-04
-2.508493780624121428e-04
-3.922403976321220398e-02
-1.910994033096358180e-04
4.371742717921733856e-03
-3.934119269251823425e-02
-3.301921242382377386e-04
-1.827149279415607452e-02
-2.283178269863128662e-02
1.173995528370141983e-02
-1.917491666972637177e-02
-1.034134067595005035e-02
-1.294328394578769803e-04
-2.681383048184216022e-04
-2.133426442742347717e-02
-1.747444644570350647e-02
2.137658372521400452e-02
-2.859659492969512939e-02
-3.920363669749349356e-04
-2.824279014021158218e-03
-2.168810897273942828e-04
-2.431307919323444366e-02
-3.409224748611450195e-02
1.819570665247738361e-03
-2.794657088816165924e-02
-2.920085389632731676e-04
-1.713900855975225568e-04
-1.427450124174356461e-02
-2.096376195549964905e-02
4.569234326481819153e-02
-1.287236437201499939e-02
2.098570839734748006e-04
-4.905746877193450928e-02
3.413661196827888489e-02
-4.880638516624458134e-05
-6.646781414747238159e-02
1.333741378039121628e-02
1.644634641706943512e-02
-7.098251022398471832e-03
2.632884494960308075e-02
-1.724865473806858063e-02
-3.508327645249664783e-04
-2.691800473257899284e-04
-1.359912275802344084e-04
-2.008695446420460939e-04
-2.456786460243165493e-04
-1.876703900052234530e-04
-2.104327431879937649e-04
-3.004031896125525236e-04
-4.496368346735835075e-04
-1.508035493316128850e-04
1.515890937298536301e-02
-5.250918678939342499e-03
-4.428226675372570753e-04
-2.333123981952667236e-02
-6.675832264591008425e-05
-4.334179102443158627e-04
2.264112979173660278e-02
-1.689414639258757234e-04
3.346015291754156351e-04
-1.687555777607485652e-04
1.958979107439517975e-02
-7.003639359027147293e-03
3.330246731638908386e-02
-5.117246136069297791e-02
-1.045021272148005664e-04
-3.957614244427531958e-04
-4.720043798442929983e-04
3.091577440500259399e-02
-1.542683166917413473e-04
6.527051329612731934e-03
-4.484923920244909823e-05
-2.205809869337826967e-04
-1.605781872058287263e-04
-2.188161743106320500e-04
1.167222217191010714e-04
-1.026522513711825013e-04
2.665968611836433411e-02
-2.977118419948965311e-04
-1.603813871042802930e-04
-2.258519816678017378e-04
1.570452127452881541e-06
-1.329609949607402086e-04
