4.304927424527704716e-04
4.108793218620121479e-04
4.337748687248677015e-04
2.389196451986208558e-04
4.054602759424597025e-04
3.042583994101732969e-04
5.004826234653592110e-04
5.152053199708461761e-04
2.466494916006922722e-04
3.911383391823619604e-04
2.399132354184985161e-04
2.292133867740631104e-04
4.032599390484392643e-04
1.528861903352662921e-04
5.258515593595802784e-04
5.190658266656100750e-04
2.971622161567211151e-04
8.008345612324774265e-04
-3.859385105897672474e-05
-6.871593359392136335e-05
1.609245664440095425e-04
-7.286513573490083218e-05
2.303095097886398435e-04
6.050859883544035256e-05
2.882370026782155037e-04
2.956624375656247139e-04
1.116942221415229142e-04
7.032442954368889332e-04
1.416940067429095507e-04
1.934852625709027052e-04
4.217152309138327837e-04
6.347121670842170715e-04
3.989275719504803419e-04
4.327968345023691654e-04
1.898315676953643560e-04
2.187760401284322143e-04
2.248509117634966969e-04
1.722886227071285248e-04
1.725435431580990553e-04
-2.332069707335904241e-04
3.075328131671994925e-04
5.623628967441618443e-04
4.128052678424865007e-04
2.441695833113044500e-04
3.793691575992852449e-04
1.470581482863053679e-04
9.151572157861664891e-05
1.698237319942563772e-04
7.016600575298070908e-04
3.265160776209086180e-04
5.113753722980618477e-04
3.039329603780061007e-04
5.465753492899239063e-04
2.020742831518873572e-04
2.360731450608000159e-04
4.694476374424993992e-04
1.042415460688062012e-04
4.368211957626044750e-04
7.347808568738400936e-04
5.126847536303102970e-04
2.292296558152884245e-04
1.078803761629387736e-04
2.043111453531309962e-04
2.992351073771715164e-04
6.084937558625824749e-05
1.249526249011978507e-04
2.203931653639301658e-04
2.227555232821032405e-04
2.735853486228734255e-04
5.139752174727618694e-04
-1.488578272983431816e-04
2.073684299830347300e-04
6.535061402246356010e-04
2.816777268890291452e-04
4.796845896635204554e-04
3.546112566255033016e-04
3.910220693796873093e-04
4.695898096542805433e-04
2.336690231459215283e-04
3.441283479332923889e-04
-5.166868049855111167e-06
3.140936314594000578e-04
2.154948888346552849e-04
1.444127847207710147e-04
2.697832533158361912e-04
4.487662517931312323e-04
4.452106659300625324e-04
4.292420053388923407e-04
3.571962588466703892e-04
2.422016405034810305e-04
4.000588523922488093e-05
2.507472236175090075e-04
4.061821091454476118e-04
3.716225037351250648e-04
3.431445511523634195e-04
2.558105625212192535e-04
3.393199294805526733e-04
3.327641461510211229e-04
4.975173505954444408e-04
5.184074398130178452e-04
2.645143831614404917e-04
6.339514220599085093e-05
4.149630258325487375e-04
4.452419234439730644e-04
3.434668469708412886e-04
4.559246008284389973e-04
4.839155590161681175e-04
2.608537906780838966e-04
3.290934837423264980e-04
1.742137101246044040e-04
5.810798029415309429e-04
6.027952185831964016e-04
3.682657261379063129e-04
-1.249150955118238926e-04
1.079559297068044543e-04
7.019264157861471176e-04
5.327929393388330936e-04
4.302512970753014088e-04
6.054158438928425312e-04
3.548516833689063787e-04
2.670823305379599333e-04
4.930602735839784145e-04
6.846326868981122971e-04
5.853058537468314171e-04
4.513546009548008442e-04
4.816141154151409864e-05
4.826404328923672438e-04
5.205256748013198376e-04
2.483009593561291695e-04
3.653568855952471495e-04
2.805137773975729942e-04
3.706837596837431192e-04
2.770545834209769964e-04
6.232329178601503372e-04
5.349610582925379276e-04
7.382172625511884689e-04
7.336336420848965645e-04
5.738911568187177181e-04
7.812867988832294941e-04
3.888648701831698418e-03
7.616173941642045975e-03
1.095429528504610062e-02
1.441522594541311264e-02
1.704368740320205688e-02
2.628942206501960754e-02
2.978302910923957825e-02
3.539445623755455017e-02
3.876709565520286560e-02
5.069971084594726562e-02
5.351888015866279602e-02
5.941357836127281189e-02
6.428661942481994629e-02
7.538954168558120728e-02
7.796763628721237183e-02
8.637189120054244995e-02
9.006197005510330200e-02
1.025374531745910645e-01
1.029457449913024902e-01
1.165455505251884460e-01
1.165118962526321411e-01
1.283496916294097900e-01
1.292038410902023315e-01
1.344328522682189941e-01
1.431417316198348999e-01
1.443925648927688599e-01
1.512284427881240845e-01
1.537251174449920654e-01
1.539498567581176758e-01
1.578059941530227661e-01
1.590501070022583008e-01
1.556357443332672119e-01
1.569873243570327759e-01
1.537131220102310181e-01
1.519834250211715698e-01
1.487825661897659302e-01
1.440617740154266357e-01
1.407956928014755249e-01
1.327718943357467651e-01
1.276094764471054077e-01
1.232618987560272217e-01
1.132167875766754150e-01
1.103104948997497559e-01
1.006999090313911438e-01
9.761483222246170044e-02
9.322148561477661133e-02
8.937583118677139282e-02
8.140849322080612183e-02
7.928841561079025269e-02
7.539702951908111572e-02
6.730261445045471191e-02
6.501200795173645020e-02
5.955823138356208801e-02
4.966373741626739502e-02
4.586737602949142456e-02
3.851400688290596008e-02
3.389209136366844177e-02
2.742570638656616211e-02
1.818661391735076904e-02
1.346540544182062149e-02
4.965283907949924469e-03
2.681274199858307838e-04
-6.180938333272933960e-03
-1.320762094110250473e-02
-1.783401705324649811e-02
-2.670618891716003418e-02
-3.408423811197280884e-02
-3.941481560468673706e-02
-4.632838442921638489e-02
-4.956702515482902527e-02
-5.860331654548645020e-02
-6.269838660955429077e-02
-6.822546571493148804e-02
-7.750387489795684814e-02
-7.727045565843582153e-02
-8.507671952247619629e-02
-8.691945672035217285e-02
-9.109568595886230469e-02
-9.683387726545333862e-02
-1.036798134446144104e-01
-1.092230305075645447e-01
-1.157992109656333923e-01
-1.218265965580940247e-01
-1.276812404394149780e-01
-1.350869089365005493e-01
-1.377554088830947876e-01
-1.451513171195983887e-01
-1.482877284288406372e-01
-1.540493071079254150e-01
-1.536900550127029419e-01
-1.557710468769073486e-01
-1.593327820301055908e-01
-1.564174741506576538e-01
-1.586965173482894897e-01
-1.543540954589843750e-01
-1.537921875715255737e-01
-1.487245857715606689e-01
-1.442772895097732544e-01
-1.431339383125305176e-01
-1.354054361581802368e-01
-1.334889382123947144e-01
-1.230439320206642151e-01
-1.210838481783866882e-01
-1.113092675805091858e-01
-1.083915829658508301e-01
-9.827216714620590210e-02
-9.474968910217285156e-02
-8.469218760728836060e-02
-8.082646131515502930e-02
-7.112367451190948486e-02
-6.742333620786666870e-02
-5.901958420872688293e-02
-5.221696943044662476e-02
-4.595273360610008240e-02
-4.233417287468910217e-02
-3.718892484903335571e-02
-2.801761403679847717e-02
-2.443702518939971924e-02
-1.692774891853332520e-02
-1.839593984186649323e-02
-9.690586477518081665e-03
-1.011100225150585175e-02
-8.402416715398430824e-04
-2.268148586153984070e-03
-8.811609004624187946e-04
-7.264697342179715633e-04
-7.014315924607217312e-04
-5.454796482808887959e-04
-1.940666406881064177e-04
-2.835519262589514256e-04
-3.988674143329262733e-04
-4.825278883799910545e-04
-3.758630191441625357e-04
-4.188329912722110748e-04
-4.047224647365510464e-04
-3.298178198747336864e-04
-8.588545460952445865e-05
-2.821927955665159971e-05
-3.528057641233317554e-05
-2.080223348457366228e-04
-2.616429701447486877e-04
-2.223149203928187490e-04
-3.403853334020823240e-04
-3.176763129886239767e-04
-4.170650208834558725e-04
-1.698496271274052560e-05
-6.436581315938383341e-05
-7.326907507376745343e-05
-3.947557706851512194e-04
-6.138909957371652126e-04
-7.273442315636202693e-05
-2.621954190544784069e-04
-2.144032478099688888e-04
-9.220325591741129756e-05
-5.067024612799286842e-04
-2.061487030005082488e-04
-1.616515946807339787e-04
-5.195022094994783401e-04
-5.862822290509939194e-04
-4.272219375707209110e-04
-2.831171150319278240e-04
-6.450923392549157143e-04
-6.560631445609033108e-04
-5.056631634943187237e-04
-4.720402066595852375e-04
-3.089799138251692057e-04
-4.514983447734266520e-04
-1.601456460775807500e-04
9.965766366804018617e-05
3.677771892398595810e-04
-2.168864739360287786e-04
-1.401792542310431600e-04
5.289243999868631363e-04
-5.552720976993441582e-04
1.878858020063489676e-04
-3.427330811973661184e-04
-1.019624469336122274e-04
5.915385190746746957e-05
-5.623756442219018936e-04
-2.730009728111326694e-04
1.004974037641659379e-04
-6.868180935271084309e-04
-8.032759069465100765e-04
-4.087404522579163313e-04
-4.092519520781934261e-04
-6.889703945489600301e-05
-3.284292761236429214e-04
2.283112407894805074e-04
-3.059299779124557972e-04
-5.325993406586349010e-04
-4.168321611359715462e-04
-2.365159889450296760e-04
-2.990569628309458494e-04
-2.242182672489434481e-04
-5.065625300630927086e-04
-4.533786850515753031e-04
-6.855477840872481465e-05
-3.087747027166187763e-04
-3.175396705046296120e-04
-2.252825797768309712e-04
-4.427436215337365866e-04
-1.308036735281348228e-04
-5.078988033346831799e-04
-1.601209951331838965e-04
-7.459045446012169123e-05
-4.591241013258695602e-04
-1.999436499318107963e-04
-2.155000256607308984e-04
-4.829602257814258337e-04
-1.131355529651045799e-04
-2.108858170686289668e-04
8.268583769677206874e-05
-6.026357295922935009e-04
-6.125666550360620022e-05
1.403381029376760125e-04
1.050242644851095974e-04
6.434572424041107297e-05
-4.036873360746540129e-05
5.186950511415489018e-05
-2.900104154832661152e-04
-4.580847235047258437e-05
-1.464946253690868616e-04
2.881263208109885454e-04
-6.865863542770966887e-05
-2.351505681872367859e-04
-6.912466487847268581e-04
-5.446821451187133789e-04
8.090632763924077153e-05
1.758981088642030954e-04
-2.204178017564117908e-04
-1.924046373460441828e-04
-3.943876654375344515e-04
-1.306351623497903347e-04
-1.045468015945516527e-04
-3.261446545366197824e-04
-2.946832682937383652e-04
-2.112810761900618672e-04
-6.091383402235805988e-04
-4.480084317037835717e-05
-2.725332742556929588e-04
2.096881507895886898e-04
-1.973370817722752690e-04
-2.376610063947737217e-04
-6.052795215509831905e-04
-4.553265171125531197e-04
-3.427506308071315289e-04
-5.479406681843101978e-04
-8.190360385924577713e-04
6.554153515025973320e-05
-5.469572497531771660e-04
-2.211621758760884404e-04
-7.125893607735633850e-04
2.289399126311764121e-04
-2.990434877574443817e-04
-3.640397917479276657e-04
-2.797045744955539703e-04
8.639267616672441363e-05
-7.466013194061815739e-04
-3.544743522070348263e-04
-5.252303526503965259e-05
3.658518544398248196e-04
7.887393439887091517e-05
