5.596467480063438416e-02
6.856236606836318970e-02
6.305914372205734253e-02
5.353264883160591125e-02
6.207312643527984619e-02
4.087299853563308716e-02
6.498723477125167847e-02
4.348812252283096313e-02
5.424688383936882019e-02
6.199631094932556152e-02
5.121715366840362549e-02
5.132624134421348572e-02
6.482186168432235718e-02
3.648016601800918579e-02
6.543625146150588989e-02
3.581133857369422913e-02
6.999468058347702026e-02
4.936219006776809692e-02
8.038645982742309570e-02
2.793348208069801331e-02
7.704795151948928833e-02
5.276092514395713806e-02
1.201714202761650085e-02
9.317816048860549927e-02
1.466283667832612991e-02
6.708651781082153320e-02
3.203310072422027588e-02
5.193034186959266663e-02
4.613639786839485168e-02
6.528609246015548706e-02
1.745299249887466431e-02
6.544248759746551514e-02
3.663194552063941956e-02
6.079299002885818481e-02
3.987684845924377441e-02
4.454263672232627869e-02
4.170424491167068481e-02
5.038401484489440918e-02
4.533320665359497070e-02
2.141247317194938660e-02
7.052015513181686401e-02
2.191667072474956512e-02
6.789717078208923340e-02
1.692630909383296967e-02
6.437884271144866943e-02
6.464149057865142822e-02
1.766830869019031525e-02
4.367138072848320007e-02
4.021267592906951904e-02
3.463103249669075012e-02
2.365365438163280487e-02
5.567856132984161377e-02
5.011402443051338196e-02
1.222708169370889664e-02
2.339072152972221375e-02
4.832100868225097656e-02
1.409521908499300480e-03
2.436117827892303467e-02
3.268519416451454163e-02
1.199857681058347225e-03
3.748551011085510254e-02
3.696621954441070557e-02
1.398815220454707742e-04
1.336673367768526077e-02
1.064753066748380661e-02
1.395940926158800721e-04
4.174237698316574097e-02
2.231419930467382073e-04
6.477187853306531906e-03
1.666214503347873688e-02
2.284442260861396790e-02
3.121039189863950014e-04
1.555603084852918983e-04
-2.980779572681058198e-05
5.694834981113672256e-04
5.012708134017884731e-04
1.800770871341228485e-03
6.214906898094341159e-05
7.333378307521343231e-04
-4.175234789727255702e-05
1.369052659720182419e-02
-6.736870273016393185e-05
7.823918014764785767e-03
-9.659162722527980804e-03
4.485685713007114828e-05
-1.178580641862936318e-04
-1.890044950414448977e-04
1.480926387012004852e-02
-1.185001474368618801e-05
3.540691686794161797e-04
1.609649334568530321e-04
-3.079225643887184560e-05
7.544101681560277939e-03
1.033681546687148511e-04
-5.827670611324720085e-05
8.414440788328647614e-03
-3.832491347566246986e-04
-9.306857100455090404e-05
4.192671552300453186e-02
6.396964308805763721e-04
6.333020515739917755e-03
4.989264416508376598e-04
-2.205949385825078934e-06
3.331539779901504517e-02
1.175730722025036812e-04
2.650282718241214752e-02
6.705170380882918835e-04
3.394498489797115326e-03
1.952984184026718140e-02
3.233713284134864807e-02
3.944646939635276794e-02
-1.606386649655178189e-04
6.060813367366790771e-02
7.075338508002460003e-04
3.216508775949478149e-02
4.668409936130046844e-03
6.131656467914581299e-02
1.608529500663280487e-02
7.525013387203216553e-02
3.258774802088737488e-02
1.148804370313882828e-02
7.137441635131835938e-02
6.802762299776077271e-02
9.313186630606651306e-03
9.439647197723388672e-02
1.128689851611852646e-02
9.818911552429199219e-02
4.282421618700027466e-02
1.114702820777893066e-01
4.680416360497474670e-02
8.758531510829925537e-02
8.020219206809997559e-02
5.048944056034088135e-02
1.036299765110015869e-01
6.419932097196578979e-02
9.722936153411865234e-02
8.520674705505371094e-02
9.635215997695922852e-02
9.409663081169128418e-02
1.112935990095138550e-01
9.528378397226333618e-02
1.101702451705932617e-01
1.010315939784049988e-01
9.784373641014099121e-02
1.299722343683242798e-01
1.174481362104415894e-01
1.007155403494834900e-01
1.405237019062042236e-01
8.465313911437988281e-02
1.294865012168884277e-01
1.442030221223831177e-01
1.173934042453765869e-01
8.189264684915542603e-02
1.440824568271636963e-01
8.291330933570861816e-02
1.368912011384963989e-01
1.169006377458572388e-01
1.387930512428283691e-01
1.022173464298248291e-01
1.477896720170974731e-01
1.012458130717277527e-01
1.754923164844512939e-01
1.158158704638481140e-01
1.206983849406242371e-01
1.350794732570648193e-01
1.507617980241775513e-01
9.716717153787612915e-02
1.476053148508071899e-01
1.097303628921508789e-01
1.387047171592712402e-01
1.317077726125717163e-01
9.073128551244735718e-02
9.527704864740371704e-02
9.296064823865890503e-02
1.063078418374061584e-01
1.203517764806747437e-01
5.679887533187866211e-02
1.281704753637313843e-01
5.728192254900932312e-02
9.692551940679550171e-02
4.310412332415580750e-02
8.643855154514312744e-02
4.888415709137916565e-02
6.685294210910797119e-02
1.029628291726112366e-01
2.642255276441574097e-02
7.427141070365905762e-02
2.675572223961353302e-02
7.582465559244155884e-02
5.246509332209825516e-03
8.535739779472351074e-02
2.087298966944217682e-02
8.339741826057434082e-02
1.510648895055055618e-02
6.310295779258012772e-03
1.401189342141151428e-02
-1.874075829982757568e-02
4.144755005836486816e-02
-2.732863649725914001e-02
-3.067807853221893311e-02
6.498967413790524006e-04
1.912410929799079895e-02
-2.220641262829303741e-02
-3.191133961081504822e-02
-1.595082506537437439e-02
-2.247965428978204727e-03
-4.505865648388862610e-02
-7.151066791266202927e-03
-7.430916279554367065e-02
-1.641301810741424561e-02
-4.750964790582656860e-02
-3.528904542326927185e-02
-2.883385680615901947e-02
-7.709213346242904663e-02
-3.122853301465511322e-02
-4.289248958230018616e-02
-7.634103298187255859e-02
-5.096108093857765198e-02
-5.618308112025260925e-02
-8.600608259439468384e-02
-4.938034713268280029e-02
-7.129060477018356323e-02
-1.237254887819290161e-01
-6.090673431754112244e-02
-7.991443574428558350e-02
-1.003991886973381042e-01
-9.772273898124694824e-02
-1.251825988292694092e-01
-9.970773756504058838e-02
-1.283354014158248901e-01
-1.447554081678390503e-01
-1.163815557956695557e-01
-7.317696511745452881e-02
-1.707959175109863281e-01
-1.004444882273674011e-01
-1.062000095844268799e-01
-1.364432126283645630e-01
-1.155814900994300842e-01
-1.522201895713806152e-01
-9.679449349641799927e-02
-8.166824281215667725e-02
-1.613696664571762085e-01
-1.167772784829139709e-01
-1.138705685734748840e-01
-1.498636007308959961e-01
-1.082965135574340820e-01
-1.390877366065979004e-01
-1.317904293537139893e-01
-1.091777682304382324e-01
-1.037444174289703369e-01
-1.014827564358711243e-01
-9.133663773536682129e-02
-1.200596392154693604e-01
-1.162972897291183472e-01
-1.113823801279067993e-01
-1.176422908902168274e-01
-1.153010651469230652e-01
-9.828317165374755859e-02
-1.308470964431762695e-01
-1.142658889293670654e-01
-4.589027911424636841e-02
-1.378295570611953735e-01
-5.544186756014823914e-02
-8.696357905864715576e-02
-1.045830547809600830e-01
-7.636208087205886841e-02
-6.984222680330276489e-02
-1.228036656975746155e-01
-4.707817360758781433e-02
-9.530289471149444580e-02
-6.029373407363891602e-02
-7.754281908273696899e-02
-8.102874457836151123e-02
-6.352487206459045410e-02
-4.008173942565917969e-02
-5.475281178951263428e-02
-1.046686470508575439e-01
-3.210542723536491394e-02
-1.972818002104759216e-02
-8.794260025024414062e-02
-2.404123544692993164e-02
-6.567943841218948364e-02
-3.734268248081207275e-02
-5.220475606620311737e-03
-4.771655425429344177e-02
-2.117192372679710388e-02
-3.095090016722679138e-02
-1.899682357907295227e-02
-3.554379567503929138e-02
-3.874744102358818054e-02
-5.962834693491458893e-03
-1.478189695626497269e-02
-1.624102517962455750e-02
-2.983959019184112549e-02
-5.280603189021348953e-03
-1.092640403658151627e-02
-2.031369833275675774e-03
-4.319196566939353943e-03
-6.514518521726131439e-03
-2.955424040555953979e-02
1.002265707938931882e-04
-6.943934597074985504e-03
-3.552029374986886978e-03
-6.841227332188282162e-06
2.303683140780776739e-04
2.599551953608170152e-05
2.079295081784948707e-04
-1.010573189705610275e-02
-2.377545024501159787e-04
-2.806691336445510387e-04
-2.390663325786590576e-02
-2.532754442654550076e-04
-9.571499191224575043e-03
-1.031336467713117599e-02
-2.867731927835848182e-05
-1.063362881541252136e-02
-1.101314555853605270e-04
4.112271999474614859e-04
4.424657963681966066e-04
5.384559626691043377e-04
-3.976912423968315125e-02
4.933277959935367107e-04
-9.816221892833709717e-03
-3.674619365483522415e-04
-8.328155963681638241e-04
-1.946045085787773132e-04
-1.777036959538236260e-05
-2.539687789976596832e-02
-1.453387812944129109e-04
-2.164570614695549011e-02
1.722032175166532397e-04
-6.781438831239938736e-03
-2.347866818308830261e-02
6.025014954502694309e-05
-8.978803642094135284e-03
-1.327084470540285110e-02
-2.045292034745216370e-02
1.572824694449082017e-04
-1.738805696368217468e-02
-2.544403821229934692e-02
-1.165135763585567474e-02
-1.524544321000576019e-02
-2.190953493118286133e-02
-3.973381966352462769e-02
-3.612910397350788116e-03
-4.839161783456802368e-02
-3.976862132549285889e-02
-2.180869458243250847e-03
-5.404391512274742126e-02
-3.121312335133552551e-02
-2.218871936202049255e-02
-2.674383111298084259e-02
-3.665957972407341003e-02
-3.217867761850357056e-02
-3.871371597051620483e-02
-5.277622863650321960e-02
-2.300862595438957214e-02
-4.098508134484291077e-02
-5.718478932976722717e-02
-4.725182801485061646e-02
-4.526522383093833923e-02
-5.507284402847290039e-02
-3.730789199471473694e-02
-3.274429216980934143e-02
-6.653752177953720093e-02
-2.015555836260318756e-02
-4.758672043681144714e-02
-1.933474652469158173e-02
-4.466803371906280518e-02
-4.181420058012008667e-02
-2.510386891663074493e-02
-6.710940599441528320e-02
-5.174762383103370667e-02
-2.759168669581413269e-02
-8.241081982851028442e-02
-2.498165518045425415e-02
-4.477114975452423096e-02
-6.099687516689300537e-02
-5.207635834813117981e-02
-7.231235504150390625e-02
-5.426846817135810852e-02
-5.530968308448791504e-02
-4.978907108306884766e-02
-7.163902372121810913e-02
-7.607071846723556519e-02
-1.489518955349922180e-02
-1.106165423989295959e-01
-5.858569219708442688e-02
-1.974989101290702820e-02
-1.193798482418060303e-01
-3.921331465244293213e-02
-5.239961296319961548e-02
-5.301719903945922852e-02
-9.053888916969299316e-02
-4.805663600564002991e-02
-4.125329107046127319e-02
-6.278924643993377686e-02
-5.578644573688507080e-02
-5.323411524295806885e-02
-6.028181314468383789e-02
-6.752712279558181763e-02
