1.427706889808177948e-02
-1.100560883060097694e-03
2.570769516751170158e-03
8.047419833019375801e-04
3.011633828282356262e-02
5.786118563264608383e-03
1.675419975072145462e-03
1.194792566820979118e-03
6.328354938887059689e-04
4.268334712833166122e-03
-8.261163748102262616e-05
-6.987118395045399666e-04
4.030100069940090179e-03
9.164277580566704273e-04
-1.022019423544406891e-03
-2.649171743541955948e-03
-1.440168940462172031e-03
-2.324977889657020569e-03
1.647155149839818478e-03
1.342747011221945286e-03
-1.025779731571674347e-02
1.415709357388550416e-05
1.232941984198987484e-03
-2.411932218819856644e-03
-4.300632979720830917e-03
2.137689851224422455e-03
-2.791503357002511621e-05
-2.232614438980817795e-03
6.249987985938787460e-03
5.493963137269020081e-03
2.903415588662028313e-03
-9.099980234168469906e-04
-2.761100186035037041e-03
-3.451202064752578735e-03
2.239819150418043137e-03
9.076894260942935944e-03
2.253075130283832550e-03
4.714399401564151049e-04
3.532228991389274597e-03
-5.780757637694478035e-04
-1.035144180059432983e-02
3.211281145922839642e-04
3.061828203499317169e-03
-1.002333359792828560e-03
9.528279304504394531e-03
-1.204552780836820602e-02
-3.739984240382909775e-03
-3.653827821835875511e-03
-1.366692478768527508e-03
1.524774590507149696e-03
6.337551865726709366e-03
3.267141524702310562e-03
7.000911980867385864e-03
1.081341877579689026e-03
4.648949485272169113e-03
9.170959703624248505e-03
5.760928615927696228e-03
3.946702461689710617e-03
1.236167270690202713e-02
2.201908826828002930e-02
-6.728934386046603322e-05
3.340694587677717209e-03
-2.475966175552457571e-04
8.931703865528106689e-03
5.510993767529726028e-03
8.513739332556724548e-03
7.728744763880968094e-03
7.470586569979786873e-04
5.746231414377689362e-03
1.973799802362918854e-02
8.144137449562549591e-03
8.667564950883388519e-03
5.517325364053249359e-03
3.961929585784673691e-03
3.333469619974493980e-03
3.832758404314517975e-03
-4.310042713768780231e-04
4.747238941490650177e-03
-2.723136218264698982e-03
-1.265684142708778381e-03
-3.099415916949510574e-03
7.175431586802005768e-03
8.509264327585697174e-03
1.390504930168390274e-02
4.030312877148389816e-03
3.507141955196857452e-03
2.819130197167396545e-03
-2.362582599744200706e-03
-1.159188919700682163e-03
8.156561292707920074e-03
1.189191360026597977e-02
-5.171477794647216797e-03
-9.683478623628616333e-03
-4.364632186479866505e-04
-6.314153783023357391e-03
-2.606382826343178749e-03
-9.879776276648044586e-03
-1.588361524045467377e-02
-2.944220555946230888e-03
1.087237428873777390e-02
1.660121418535709381e-02
8.097543381154537201e-03
6.623376160860061646e-03
-1.662974804639816284e-02
1.059260778129100800e-02
-7.528575602918863297e-03
1.562423631548881531e-02
8.446254767477512360e-03
-3.096006577834486961e-03
2.095711417496204376e-03
1.026611682027578354e-02
6.757129449397325516e-03
-1.119979307986795902e-03
-2.661937149241566658e-03
-1.523848157376050949e-02
-8.912269840948283672e-04
4.932615906000137329e-03
3.542676335200667381e-03
-7.730888668447732925e-03
1.260049641132354736e-02
1.196745433844625950e-03
9.160541929304599762e-03
-6.232741288840770721e-03
5.189319606870412827e-03
-2.025243826210498810e-03
-1.643559429794549942e-03
-2.714252099394798279e-02
-1.936360262334346771e-03
1.059761457145214081e-02
-4.560807254165410995e-03
-2.566761337220668793e-03
3.077367087826132774e-03
-7.281239144504070282e-03
-6.889487616717815399e-03
1.509698852896690369e-02
1.613446138799190521e-02
3.351247310638427734e-02
5.966749042272567749e-03
2.583106420934200287e-02
1.538792531937360764e-02
1.299811527132987976e-02
2.016232721507549286e-02
4.103484097868204117e-03
1.168267987668514252e-02
2.090245857834815979e-02
1.296732295304536819e-02
1.383771467953920364e-02
-7.377184461802244186e-03
1.820343732833862305e-02
2.127293869853019714e-02
9.082560427486896515e-03
-2.306775003671646118e-02
1.376896165311336517e-03
-3.782152384519577026e-02
2.322310116142034531e-03
1.115501672029495239e-02
3.794876113533973694e-02
3.137564659118652344e-02
1.971657015383243561e-02
-2.679040655493736267e-02
4.726777970790863037e-02
-6.730289896950125694e-04
-1.176700275391340256e-02
2.625286765396595001e-02
-9.443413466215133667e-03
-1.427549775689840317e-02
-3.073412366211414337e-02
-7.590044755488634109e-03
4.615583270788192749e-02
8.021806366741657257e-03
4.398564621806144714e-02
4.577261395752429962e-03
1.401835028082132339e-02
4.560197889804840088e-02
4.068499431014060974e-02
1.839852309785783291e-03
6.317450106143951416e-02
2.652847208082675934e-02
-1.145697897300124168e-03
3.184337541460990906e-02
-1.149851363152265549e-02
5.470882356166839600e-02
6.920978426933288574e-03
4.679099842905998230e-02
2.729626372456550598e-02
2.097054943442344666e-02
9.858646430075168610e-03
3.460574895143508911e-02
1.449688896536827087e-02
5.974326282739639282e-02
1.503842417150735855e-02
4.619862511754035950e-02
7.867345213890075684e-02
5.439455807209014893e-02
-4.238236695528030396e-03
-1.672603935003280640e-02
-1.197660714387893677e-01
-1.603517085313796997e-01
-4.360543787479400635e-01
1.090257614850997925e-01
-9.274911880493164062e-02
2.629478573799133301e-01
1.230689734220504761e-01
7.992384582757949829e-02
5.007916688919067383e-02
2.328057959675788879e-02
1.608226075768470764e-02
-7.406574673950672150e-03
-4.431246221065521240e-02
-3.807682171463966370e-02
-9.019727259874343872e-02
-1.486670076847076416e-01
-9.656210243701934814e-02
-4.655014351010322571e-02
-4.197578877210617065e-02
-8.446985855698585510e-03
-3.319180384278297424e-02
-3.318969905376434326e-02
-4.240084439516067505e-02
-4.913704097270965576e-02
-1.314545236527919769e-02
-4.514068365097045898e-02
-1.313636731356382370e-02
-3.790121152997016907e-02
-3.724752739071846008e-02
-4.004384204745292664e-02
-4.580919444561004639e-02
-5.024734884500503540e-02
-8.629747666418552399e-03
-6.113833934068679810e-02
-3.299533948302268982e-02
-1.354134734719991684e-02
-3.670692071318626404e-02
-2.334083896130323410e-03
1.657272921875119209e-03
2.085551433265209198e-02
-1.548242568969726562e-02
-4.097637534141540527e-02
7.028370164334774017e-03
-3.840592876076698303e-02
1.456647645682096481e-02
-8.228613995015621185e-03
-1.088338531553745270e-02
-3.055185452103614807e-02
-3.251655399799346924e-02
-2.838770672678947449e-02
1.769471727311611176e-02
5.156005732715129852e-03
1.914369314908981323e-02
2.225396409630775452e-02
2.791329845786094666e-02
-1.344087067991495132e-02
1.294996310025453568e-02
-9.910902008414268494e-03
-4.758016671985387802e-03
1.072322484105825424e-02
-1.759882457554340363e-02
1.543774828314781189e-02
-1.810288429260253906e-02
-7.668494712561368942e-03
-1.791762374341487885e-02
1.626380160450935364e-02
-1.113292388617992401e-02
-1.915970467962324619e-03
-2.195940352976322174e-02
-5.690568592399358749e-03
1.529353298246860504e-02
9.735242463648319244e-03
-2.824622206389904022e-03
2.693476853892207146e-03
-4.695456009358167648e-03
3.035612171515822411e-03
-8.056050166487693787e-03
-7.721754722297191620e-03
6.187024060636758804e-03
-1.987846568226814270e-02
-6.894413381814956665e-03
-5.232327617704868317e-03
-2.079306170344352722e-02
-1.011206768453121185e-02
-5.363593343645334244e-03
4.590188618749380112e-03
-1.461945660412311554e-02
-5.623026285320520401e-03
-8.150246925652027130e-03
-3.893099026754498482e-03
-2.521795220673084259e-03
-2.793580526486039162e-03
-5.221663042902946472e-02
-1.015750505030155182e-02
-1.541370991617441177e-02
-1.640160754323005676e-02
-7.332664448767900467e-03
-1.511961128562688828e-02
-2.267161151394248009e-03
-5.980883724987506866e-03
-1.233635749667882919e-02
-3.673471743240952492e-03
-6.516550667583942413e-03
-1.058969297446310520e-03
-7.012271322309970856e-03
-1.394277159124612808e-02
-6.897337734699249268e-03
-5.175970029085874557e-03
2.685399260371923447e-03
1.695987652055919170e-03
-1.268629916012287140e-02
-5.896643269807100296e-03
-4.205029108561575413e-04
7.449569180607795715e-03
-1.656165230087935925e-03
-9.965058416128158569e-03
-9.727546945214271545e-03
-3.230567555874586105e-03
-1.490518101491034031e-03
2.217313274741172791e-03
7.819389575161039829e-04
-2.157804369926452637e-02
1.596614602021872997e-04
-5.174583289772272110e-03
-1.223940867930650711e-03
-3.344978205859661102e-03
-7.201512344181537628e-03
-6.527603138238191605e-03
3.290495835244655609e-03
-9.685726836323738098e-03
3.954323939979076385e-03
-4.661754239350557327e-03
1.379946130327880383e-03
-3.533457871526479721e-03
-4.012438002973794937e-03
-3.077596798539161682e-02
-2.395471325144171715e-03
2.186560537666082382e-03
-2.861485350877046585e-03
-6.902056280523538589e-03
-6.383248604834079742e-03
-2.114733069902285933e-04
1.020865794271230698e-02
-4.104738123714923859e-03
-3.446842357516288757e-02
-3.784542670473456383e-03
4.689689958468079567e-04
3.442742396146059036e-03
-2.857424085959792137e-03
-2.917277626693248749e-02
-4.454491427168250084e-04
-2.313387813046574593e-03
4.421089775860309601e-03
5.593642126768827438e-03
8.721783757209777832e-03
1.697302609682083130e-02
1.030589547008275986e-02
2.089565619826316833e-03
-1.343087758868932724e-02
1.131832599639892578e-03
4.490992985665798187e-03
1.144979055970907211e-02
-4.103544633835554123e-03
2.867969451472163200e-03
3.951013553887605667e-03
1.006892696022987366e-02
3.717919113114476204e-03
7.911199703812599182e-03
8.954575285315513611e-03
-5.062968935817480087e-03
8.150916546583175659e-03
1.164371846243739128e-03
6.932571064680814743e-03
4.438714589923620224e-03
9.674113243818283081e-03
3.038520691916346550e-03
1.695794402621686459e-03
1.620202325284481049e-03
4.456608556210994720e-03
5.687993485480546951e-03
6.828725803643465042e-03
2.299168333411216736e-02
8.658672682940959930e-03
1.425465475767850876e-02
2.294807694852352142e-03
2.635398646816611290e-03
1.016703061759471893e-02
2.575230412185192108e-02
5.138349253684282303e-03
2.038090489804744720e-03
-5.912948981858789921e-04
1.216043159365653992e-02
-1.615273021161556244e-02
1.961230998858809471e-03
5.880970042198896408e-03
2.099096309393644333e-03
1.270393375307321548e-02
-7.538273930549621582e-04
-2.095143427141010761e-04
1.615707646124064922e-03
1.096202875487506390e-03
5.473655182868242264e-04
2.087301108986139297e-03
2.319865161553025246e-03
-1.634664833545684814e-03
