2.689014188945293427e-02
3.604837134480476379e-02
4.025594145059585571e-02
-2.316924743354320526e-02
1.815147325396537781e-02
-6.591986864805221558e-03
1.924175396561622620e-02
1.407068455591797829e-03
2.068997547030448914e-02
3.381993994116783142e-02
-6.459797173738479614e-02
5.953161744400858879e-04
-9.416934102773666382e-03
-1.478925161063671112e-02
2.611238136887550354e-02
1.202743127942085266e-02
-4.272511228919029236e-03
6.679334491491317749e-02
1.552752655697986484e-04
-3.968895971775054932e-02
5.919244512915611267e-02
1.793569390429183841e-04
4.555622872430831194e-04
-4.687957093119621277e-02
-2.660136297345161438e-02
-9.350483887828886509e-04
2.888237126171588898e-02
-2.756834961473941803e-02
8.204678073525428772e-03
4.294486343860626221e-02
-4.184221383184194565e-03
1.206438057124614716e-02
1.142688188701868057e-02
-7.413641363382339478e-02
9.305301937274634838e-04
-6.184577941894531250e-02
-8.675700984895229340e-03
3.404729813337326050e-02
-2.837115526199340820e-02
1.333994604647159576e-02
4.670455586165189743e-03
9.808663889998570085e-05
3.856232017278671265e-02
-3.674253821372985840e-02
1.689070276916027069e-02
-7.344332057982683182e-03
-1.220281980931758881e-02
4.518498852849006653e-02
-1.984464906854555011e-04
2.157425296900328249e-05
7.875938713550567627e-02
-3.427880629897117615e-02
5.889092385768890381e-02
-2.947641909122467041e-02
2.530458755791187286e-02
2.132279798388481140e-02
-5.363809689879417419e-02
5.256526917219161987e-02
2.396773174405097961e-02
1.880406402051448822e-02
-1.080592256039381027e-02
1.792702591046690941e-03
4.712633788585662842e-02
-1.459325198084115982e-02
-2.781652472913265228e-02
8.152940310537815094e-03
2.710545202717185020e-03
2.700189128518104553e-02
-7.174695929279550910e-05
1.669109769864007831e-04
8.376321056857705116e-05
4.927374050021171570e-02
-1.573608815670013428e-02
5.081302672624588013e-02
4.313633311539888382e-03
-4.774656519293785095e-02
3.936778753995895386e-02
-1.239281333982944489e-02
3.069397807121276855e-02
3.249952197074890137e-02
1.631292887032032013e-02
-1.782380789518356323e-02
-2.456182613968849182e-02
-1.361742708832025528e-02
3.663077586679719388e-05
-4.044337838422507048e-04
-4.102784022688865662e-02
3.085900284349918365e-02
4.668645188212394714e-02
-2.294919081032276154e-02
2.376408502459526062e-02
3.033976769074797630e-03
-3.250339068472385406e-04
2.126764273270964622e-03
-7.632811088114976883e-03
-1.120495572686195374e-01
8.055768162012100220e-02
-1.118964166380465031e-03
-4.128691926598548889e-02
1.898724772036075592e-02
-8.035742491483688354e-02
-2.894574776291847229e-02
9.273400530219078064e-03
-3.221890947315841913e-04
-6.962229311466217041e-02
1.805029314709827304e-04
-1.064130198210477829e-02
-8.532605320215225220e-02
-9.031470865011215210e-02
-4.386386647820472717e-02
1.313263271003961563e-02
-1.067593395709991455e-01
2.433731686323881149e-03
-7.305771578103303909e-03
-5.917245522141456604e-02
9.934032335877418518e-03
-4.395225271582603455e-02
-6.379250437021255493e-02
-1.595389656722545624e-02
-2.290461212396621704e-02
-6.778716295957565308e-02
-5.351470038294792175e-02
-4.484871774911880493e-02
-7.090840488672256470e-02
-7.131429016590118408e-02
-4.632446169853210449e-02
-3.384786844253540039e-02
-8.949656784534454346e-02
-1.078837588429450989e-01
-4.764931648969650269e-02
-1.210348010063171387e-01
-8.323410898447036743e-02
-9.514752030372619629e-02
-1.343068480491638184e-01
-7.971213757991790771e-02
-1.039114743471145630e-01
-1.246823072433471680e-01
-8.519744873046875000e-02
-1.304187774658203125e-01
-1.245652362704277039e-01
-4.122554883360862732e-02
-1.204663589596748352e-01
-1.401222795248031616e-01
-6.197850033640861511e-02
-4.472981393337249756e-02
-1.490808725357055664e-01
-6.174619495868682861e-02
-5.372837558388710022e-02
-1.120242550969123840e-01
-5.132548511028289795e-02
-9.462545067071914673e-02
-1.765711903572082520e-01
-4.571367055177688599e-02
-1.268889605998992920e-01
-7.460328191518783569e-02
-1.026179119944572449e-01
-7.248285412788391113e-02
-1.082901284098625183e-01
-1.519505083560943604e-01
-1.507775783538818359e-01
-4.855372756719589233e-02
-1.479267328977584839e-01
-9.354325383901596069e-02
-6.385025382041931152e-02
-1.239503845572471619e-01
-1.162746846675872803e-01
-9.097997844219207764e-02
-9.140647947788238525e-02
-2.186036705970764160e-01
-9.772138297557830811e-02
-1.126753017306327820e-01
-1.252527236938476562e-01
-4.588036984205245972e-02
-3.809006884694099426e-02
-7.783205062150955200e-02
-1.102530509233474731e-01
-1.604817658662796021e-01
-2.274768054485321045e-02
-1.037586703896522522e-01
-8.195103704929351807e-02
-7.510352879762649536e-02
-1.242735460400581360e-01
-6.666517257690429688e-02
-2.558564953505992889e-02
-5.192226544022560120e-02
-6.936298310756683350e-02
-1.100677922368049622e-01
3.607249632477760315e-02
-2.538272552192211151e-02
-8.791226893663406372e-02
-1.006776466965675354e-02
-8.612402528524398804e-02
-3.893793746829032898e-02
-1.428415649570524693e-03
-6.128919869661331177e-02
-2.108229696750640869e-02
-3.529384359717369080e-02
3.583498066291213036e-03
-1.253425981849431992e-02
1.488760672509670258e-02
-1.398360170423984528e-02
1.452742051333189011e-02
1.732366345822811127e-02
1.798875071108341217e-02
8.580320514738559723e-03
3.184694424271583557e-02
-3.414119780063629150e-02
4.776195436716079712e-02
6.072716787457466125e-04
4.945725202560424805e-02
4.469772800803184509e-02
2.999483840540051460e-03
-2.069002576172351837e-02
1.118888496421277523e-03
1.131129115819931030e-01
4.140767268836498260e-03
3.075623698532581329e-02
7.399363070726394653e-02
1.222850158810615540e-01
1.139369085431098938e-01
9.196431934833526611e-02
1.480255275964736938e-01
7.670699805021286011e-02
1.398920118808746338e-01
7.981038093566894531e-02
1.526741236448287964e-01
7.340868562459945679e-02
8.487243950366973877e-02
1.362942159175872803e-01
1.142985522747039795e-01
5.354208126664161682e-02
1.575451493263244629e-01
4.826153069734573364e-02
9.226094186305999756e-02
6.680911034345626831e-02
8.192102611064910889e-02
7.034555822610855103e-02
9.357028454542160034e-02
1.653603464365005493e-01
1.053634956479072571e-01
1.663131564855575562e-01
3.560077399015426636e-02
1.844822615385055542e-01
1.062579676508903503e-01
1.761866658926010132e-01
1.013584658503532410e-01
1.327597051858901978e-01
1.068765893578529358e-01
1.738933473825454712e-01
6.970479339361190796e-02
1.306574940681457520e-01
1.657755672931671143e-01
1.165830120444297791e-01
1.325590908527374268e-01
9.106465429067611694e-02
1.336568742990493774e-01
1.060772538185119629e-01
6.679689139127731323e-02
1.611564606428146362e-01
3.359746187925338745e-02
1.293151825666427612e-01
9.244353324174880981e-02
6.295316666364669800e-02
8.589336276054382324e-02
6.614046543836593628e-02
3.041278943419456482e-02
1.076694577932357788e-01
7.096827775239944458e-02
8.898649364709854126e-02
1.141981407999992371e-01
5.262508615851402283e-02
1.226390227675437927e-01
-2.330460213124752045e-02
4.159735515713691711e-02
4.860794171690940857e-02
1.034193411469459534e-01
7.299558818340301514e-02
9.682568162679672241e-02
1.062139309942722321e-02
5.507896840572357178e-02
6.393461674451828003e-02
-1.145396754145622253e-02
6.895224004983901978e-02
9.659559145802631974e-05
9.514996409416198730e-02
-2.905978634953498840e-02
1.061941962689161301e-02
3.504096064716577530e-03
6.680566072463989258e-02
5.668008452630601823e-05
7.490144670009613037e-02
1.101709231734275818e-01
1.154276281595230103e-01
6.520383991301059723e-03
-3.628941625356674194e-02
1.103282049298286438e-01
1.044374145567417145e-02
6.787251913920044899e-04
6.564317643642425537e-02
1.168066449463367462e-02
3.959608078002929688e-02
-4.025904089212417603e-02
1.262608449906110764e-03
3.829551860690116882e-02
2.354668453335762024e-02
-3.846321254968643188e-03
8.113046176731586456e-03
6.752737611532211304e-02
-2.584496513009071350e-02
6.562098860740661621e-02
-2.079606289044022560e-03
4.549473896622657776e-02
-1.306195836514234543e-02
3.842357173562049866e-02
-7.330364082008600235e-03
5.838046222925186157e-02
-3.979117143899202347e-03
9.523854590952396393e-03
1.414522877894341946e-03
5.753627792000770569e-02
-5.691359750926494598e-03
5.944114527665078640e-04
1.030523609369993210e-02
1.718146726489067078e-02
-1.659955270588397980e-02
3.989314660429954529e-02
-3.506276011466979980e-02
5.954515561461448669e-02
-2.022834122180938721e-02
2.405586201348342001e-06
-1.092442590743303299e-02
5.806452129036188126e-03
8.121155202388763428e-03
-5.018354579806327820e-02
-1.621323608560487628e-04
8.517809957265853882e-02
-4.355332814157009125e-03
2.795413136482238770e-03
2.722164383158087730e-03
-4.163643345236778259e-02
3.122256323695182800e-02
3.118945285677909851e-02
-3.333948180079460144e-02
2.948799915611743927e-02
-3.922244533896446228e-02
-1.403911039233207703e-02
-1.536691706860437989e-04
-1.865714672021567822e-03
-2.753908629529178143e-04
-3.248355910181999207e-02
2.359304018318653107e-02
-5.221132561564445496e-02
1.354728732258081436e-02
-3.962997347116470337e-02
-2.202191017568111420e-02
1.645452721277251840e-05
5.884655751287937164e-03
2.535805851221084595e-02
-3.912833705544471741e-02
1.004437799565494061e-03
-3.013632073998451233e-02
4.912656918168067932e-02
-3.318489715456962585e-02
-5.273351780488155782e-05
-1.602624834049493074e-04
2.636680379509925842e-02
4.032110795378684998e-02
-5.926997400820255280e-03
-3.714603139087557793e-03
1.366662047803401947e-02
-3.809048980474472046e-02
2.034306991845369339e-03
3.154366835951805115e-02
2.769251167774200439e-02
-5.321238189935684204e-02
2.255280502140522003e-03
1.752719469368457794e-02
1.422463450580835342e-02
6.342414766550064087e-02
-4.061912186443805695e-04
3.797630593180656433e-02
-2.831392339430749416e-04
-4.052947834134101868e-02
1.025353194563649595e-04
-5.241122096776962280e-02
5.337150767445564270e-03
1.595357432961463928e-02
-4.785852879285812378e-02
1.356838271021842957e-03
6.611517630517482758e-03
3.840575739741325378e-02
6.474536377936601639e-03
-5.733737722039222717e-02
1.516488660126924515e-02
-1.516226711828494444e-05
-5.596808623522520065e-03
-6.809020851505920291e-05
1.612234115600585938e-02
-7.651290390640497208e-03
1.538437791168689728e-02
-3.659733384847640991e-02
