-3.252703754696995020e-04
-4.052310541737824678e-04
-4.485300160013139248e-04
-3.223629319109022617e-04
-3.461309534031897783e-04
-4.064401146024465561e-04
-4.630772746168076992e-04
-7.060273201204836369e-04
-4.826151998713612556e-04
-7.638950482942163944e-04
-2.311475400347262621e-04
-3.728617448359727859e-04
-6.886492483317852020e-04
-5.375586333684623241e-04
-4.895902238786220551e-04
-6.351967458613216877e-04
-4.007962415926158428e-04
-2.965731255244463682e-04
-5.749043193645775318e-04
-5.572575028054416180e-04
-5.236513097770512104e-04
-4.128152504563331604e-04
-4.117316566407680511e-04
-1.902874646475538611e-04
-5.095514934509992599e-04
-8.746628882363438606e-04
-3.480437153484672308e-04
-4.031931748613715172e-04
-2.193145628552883863e-04
-3.830914502032101154e-04
-6.843945448054000735e-05
-5.520476261153817177e-04
-2.832663885783404112e-04
-1.308227801928296685e-04
-1.200933547806926072e-04
-4.948056448483839631e-05
-1.396812440361827612e-04
-4.591802426148205996e-04
1.739911531331017613e-04
-7.502307562390342355e-05
1.482927473261952400e-04
5.062143318355083466e-04
3.278976364526897669e-04
4.362816689535975456e-04
6.015577819198369980e-04
5.749886040575802326e-04
6.917478167451918125e-04
1.005640486255288124e-03
8.842050447128713131e-04
-9.361484990222379565e-05
8.554661762900650501e-04
1.120441243983805180e-03
1.573788933455944061e-03
1.341004972346127033e-03
1.374949933961033821e-03
1.768792513757944107e-03
1.742375665344297886e-03
2.331637544557452202e-03
2.198977628722786903e-03
2.035139594227075577e-03
2.542716450989246368e-03
2.409140812233090401e-03
2.613007090985774994e-03
2.760325791314244270e-03
3.070888109505176544e-03
3.190191695466637611e-03
3.346136305481195450e-03
3.336825873702764511e-03
3.703746013343334198e-03
3.522145794704556465e-03
3.636570880189538002e-03
3.743263659998774529e-03
3.820328274741768837e-03
3.788948291912674904e-03
4.777592141181230545e-03
3.819300327450037003e-03
4.336716607213020325e-03
4.021594300866127014e-03
4.102995619177818298e-03
4.308589268475770950e-03
4.184833727777004242e-03
4.400983452796936035e-03
4.910988267511129379e-03
4.766144789755344391e-03
4.769056104123592377e-03
4.741854500025510788e-03
4.603232257068157196e-03
4.785082302987575531e-03
5.250972229987382889e-03
5.019006319344043732e-03
5.650056991726160049e-03
5.603769794106483459e-03
5.489627365022897720e-03
5.616653710603713989e-03
5.326578393578529358e-03
6.234906148165464401e-03
6.232832558453083038e-03
6.587208248674869537e-03
5.700295325368642807e-03
6.258519832044839859e-03
7.091895677149295807e-03
6.597621832042932510e-03
6.379450671374797821e-03
7.254627998918294907e-03
7.398946210741996765e-03
7.347487378865480423e-03
7.333051413297653198e-03
7.155371829867362976e-03
7.659711875021457672e-03
7.773996796458959579e-03
6.868612021207809448e-03
7.403110153973102570e-03
7.443282753229141235e-03
7.558749057352542877e-03
7.207112386822700500e-03
7.342348806560039520e-03
6.000807974487543106e-03
5.588109139353036880e-03
5.657056346535682678e-03
5.088433157652616501e-03
4.823868628591299057e-03
4.614622332155704498e-03
4.163200967013835907e-03
3.747212234884500504e-03
3.398374654352664948e-03
3.811156144365668297e-03
3.785435575991868973e-03
3.667650045827031136e-03
4.792111460119485855e-03
4.486975260078907013e-03
4.760583397001028061e-03
4.063511267304420471e-03
3.923829644918441772e-03
3.795554861426353455e-03
3.582412376999855042e-03
2.927482826635241508e-03
2.499604132026433945e-03
1.337931735179154202e-05
-1.309897168539464474e-03
-1.095037208870053291e-03
-1.219136873260140419e-03
-2.366530708968639374e-03
-1.450944459065794945e-03
-1.086796051822602749e-03
-1.298803137615323067e-03
-1.515578129328787327e-03
-3.075910499319434166e-03
-8.496449445374310017e-04
3.174480516463518143e-03
7.080012001097202301e-03
6.491699256002902985e-03
1.221205573529005051e-02
7.575594354420900345e-03
1.062488555908203125e-02
1.515067927539348602e-02
1.629016175866127014e-02
2.194309793412685394e-02
1.227840129286050797e-02
6.840773392468690872e-03
5.938339978456497192e-03
1.113620214164257050e-02
-2.425872022286057472e-03
3.555475734174251556e-03
-1.145099289715290070e-02
-2.561046043410897255e-03
-1.264681480824947357e-02
-2.061962708830833435e-02
-3.355638822540640831e-03
-1.118477154523134232e-02
-6.557379383593797684e-04
-1.916955783963203430e-02
-1.152572128921747208e-02
2.322511188685894012e-02
4.535449203103780746e-03
1.434413902461528778e-02
5.772795528173446655e-03
4.492272622883319855e-03
-2.094680443406105042e-02
2.916088327765464783e-02
3.000881057232618332e-03
1.734869554638862610e-02
-4.918734729290008545e-02
4.145381506532430649e-03
8.816246874630451202e-03
-2.289498597383499146e-02
2.733594551682472229e-02
1.000540032982826233e-01
-3.571543842554092407e-03
-3.474497236311435699e-03
1.050384044647216797e-01
2.085965313017368317e-02
6.142019480466842651e-02
2.225710824131965637e-02
-8.286005258560180664e-02
1.452441979199647903e-02
4.690789803862571716e-02
-2.498091384768486023e-02
5.106764379888772964e-03
5.214679520577192307e-03
2.009416371583938599e-02
-1.815241388976573944e-02
1.190676167607307434e-02
1.638169959187507629e-02
-5.015301331877708435e-02
-8.804415166378021240e-02
1.140660326927900314e-02
-6.117963045835494995e-02
-2.442760951817035675e-02
-2.885388210415840149e-02
-1.358283404260873795e-02
-2.618108876049518585e-02
4.352099820971488953e-02
2.375732362270355225e-02
-3.689446300268173218e-02
1.590767875313758850e-03
8.474087342619895935e-03
2.746350504457950592e-02
-4.738725721836090088e-02
-2.001005457714200020e-03
-4.308018460869789124e-02
-1.123001612722873688e-02
5.897860683035105467e-05
1.040677353739738464e-02
-6.697349017485976219e-04
-1.221860107034444809e-02
-1.560357492417097092e-02
-2.386268787086009979e-02
-1.986788958311080933e-02
4.808345809578895569e-03
-2.139947190880775452e-02
-9.456581436097621918e-03
-3.009886108338832855e-02
-2.416116744279861450e-02
-1.889098249375820160e-02
-1.939013600349426270e-02
-1.090769842267036438e-02
-1.272089872509241104e-02
-4.574769700411707163e-04
-9.835761040449142456e-03
-8.397788740694522858e-03
-1.044072303920984268e-02
-1.891301944851875305e-02
-1.683778688311576843e-02
-1.534109748899936676e-02
-1.254679821431636810e-02
-1.128603890538215637e-02
-8.550856262445449829e-03
-7.259414531290531158e-03
-2.748560393229126930e-03
1.497400226071476936e-03
-4.087642766535282135e-03
-1.181058585643768311e-03
5.085520911961793900e-03
3.800642210990190506e-03
7.946265861392021179e-03
8.136772550642490387e-03
5.808997433632612228e-03
3.069165162742137909e-03
1.614572596736252308e-03
-4.118919023312628269e-04
1.079123467206954956e-03
-7.630618638359010220e-04
-1.860890421085059643e-03
-3.048289800062775612e-03
-4.425417631864547729e-03
-5.668312311172485352e-03
-6.879891268908977509e-03
-5.906674079596996307e-03
-6.897471379488706589e-03
-6.183620076626539230e-03
-6.890791933983564377e-03
-7.546848151832818985e-03
-7.260134909301996231e-03
-8.022105321288108826e-03
-8.577060885727405548e-03
-7.589544635266065598e-03
-7.834332995116710663e-03
-7.725173141807317734e-03
-8.294725790619850159e-03
-9.152893908321857452e-03
-8.558519184589385986e-03
-9.815014898777008057e-03
-9.832253679633140564e-03
-9.324342943727970123e-03
-9.663696400821208954e-03
-9.983598254621028900e-03
-1.060477271676063538e-02
-1.044348534196615219e-02
-1.051379926502704620e-02
-1.061475742608308792e-02
-1.121807377785444260e-02
-1.119073294103145599e-02
-1.212371420115232468e-02
-1.174175832420587540e-02
-1.191649492830038071e-02
-1.185310445725917816e-02
-1.123368274420499802e-02
-1.126177422702312469e-02
-1.160623226314783096e-02
-1.112433243542909622e-02
-1.048019248992204666e-02
-1.028858032077550888e-02
-1.028782688081264496e-02
-1.077536400407552719e-02
-1.037834398448467255e-02
-1.078678853809833527e-02
-1.097951550036668777e-02
-1.080147549510002136e-02
-1.089666876941919327e-02
-1.007359288632869720e-02
-1.030849013477563858e-02
-1.021572574973106384e-02
-9.831977076828479767e-03
-9.957900270819664001e-03
-9.871322661638259888e-03
-1.002746168524026871e-02
-9.786934591829776764e-03
-9.232876822352409363e-03
-9.227570146322250366e-03
-9.640552103519439697e-03
-9.778838604688644409e-03
-1.095511298626661301e-02
-9.892810136079788208e-03
-9.885447099804878235e-03
-9.678207337856292725e-03
-9.753854945302009583e-03
-9.780037216842174530e-03
-9.299549274146556854e-03
-8.930430747568607330e-03
-8.832896128296852112e-03
-9.175773710012435913e-03
-8.496792986989021301e-03
-8.624725975096225739e-03
-8.017043583095073700e-03
-8.375229313969612122e-03
-7.910369895398616791e-03
-7.468373514711856842e-03
-7.723704911768436432e-03
-7.218490820378065109e-03
-7.035016082227230072e-03
-6.829464808106422424e-03
-6.733948830515146255e-03
-6.249826401472091675e-03
-6.064392160624265671e-03
-5.926622543483972549e-03
-5.677614826709032059e-03
-5.425170063972473145e-03
-5.232518073171377182e-03
-4.953011404722929001e-03
-5.120806861668825150e-03
-4.747849423438310623e-03
-4.686912056058645248e-03
-4.177770577371120453e-03
-4.284816794097423553e-03
-3.981210757046937943e-03
-3.918538335710763931e-03
-3.397284774109721184e-03
-2.835430903360247612e-03
-3.378105815500020981e-03
-3.316665301099419594e-03
-2.734639216214418411e-03
-2.621969673782587051e-03
-2.499675378203392029e-03
-2.084892475977540016e-03
-2.182768657803535461e-03
-2.367975190281867981e-03
-1.752664567902684212e-03
-2.016679383814334869e-03
-2.027169801294803619e-03
-2.179511822760105133e-03
-1.751439413055777550e-03
-1.629613223485648632e-03
-1.581898774020373821e-03
-1.551428576931357384e-03
-1.391090918332338333e-03
-1.306627760641276836e-03
-1.229332410730421543e-03
-1.098202075809240341e-03
-1.157477032393217087e-03
-1.072620740160346031e-03
-8.298371685668826103e-04
-7.986160344444215298e-04
-7.682085270062088966e-04
-7.757619605399668217e-04
-5.872981273569166660e-04
-4.461521457415074110e-04
-6.302798283286392689e-04
-5.720237968489527702e-04
-2.325823734281584620e-04
-5.115299718454480171e-04
-4.275393148418515921e-04
2.821812756792496657e-07
-3.830767818726599216e-04
-3.264057158958166838e-04
-5.946038290858268738e-04
-4.974161274731159210e-04
-4.619116662070155144e-04
-2.452642656862735748e-04
-6.865470204502344131e-04
-4.765810444951057434e-04
-5.285252700559794903e-04
