3.602917422540485859e-05
-4.332530370447784662e-04
7.131852908059954643e-05
-2.333152660867199302e-04
2.318766491953283548e-04
8.684245403856039047e-05
1.046991292241727933e-05
-7.097557681845501065e-05
7.173071207944303751e-05
-1.239964767592027783e-04
-1.419473701389506459e-04
-4.345389315858483315e-04
-1.168889866676181555e-04
-6.266493528528371826e-06
-2.279831242049112916e-04
2.897884696722030640e-04
2.266934461658820510e-04
2.722199133131653070e-04
2.960715501103550196e-04
-3.040074261662084609e-06
2.728867984842509031e-04
-1.593908673385158181e-04
3.822257713181897998e-05
6.393715011654421687e-05
4.539146539173088968e-05
4.806520519196055830e-05
3.221815277356654406e-04
1.090467631001956761e-04
1.647720637265592813e-04
-6.648692651651799679e-04
3.026715130545198917e-04
2.257573651149868965e-04
1.597974041942507029e-04
-3.930960665456950665e-04
-1.511028240201994777e-04
-2.312784199602901936e-04
-1.489104470238089561e-04
-3.017121343873441219e-04
1.037537003867328167e-04
-3.736880316864699125e-04
-7.095165346981957555e-05
8.072978380369022489e-05
1.555163762532174587e-04
-3.651510633062571287e-05
1.706423645373433828e-04
2.408147993264719844e-04
2.833610633388161659e-04
-2.157681592507287860e-04
-2.472504856996238232e-04
-6.069593946449458599e-04
-2.902733394876122475e-04
-1.979098742594942451e-04
1.936788903549313545e-04
-6.656964978901669383e-05
1.437233440810814500e-04
1.686301548033952713e-04
1.955579209607094526e-04
1.311423984589055181e-04
1.035039240377955139e-04
-8.132441143970936537e-05
1.427738461643457413e-04
-1.031464198604226112e-04
2.283150679431855679e-04
2.630901290103793144e-04
1.735672049107961357e-05
1.189082354358106386e-06
-2.586735354270786047e-04
2.478014903317671269e-05
-8.485015860060229897e-05
3.232831659261137247e-05
-1.539655786473304033e-04
2.386439882684499025e-04
1.497346238465979695e-04
6.713332550134509802e-05
4.426674058777280152e-05
1.364102790830656886e-04
2.607366186566650867e-04
-3.382482418601284735e-06
3.029590006917715073e-04
5.763602675870060921e-04
3.516461001709103584e-04
1.739825238473713398e-04
7.818634185241535306e-05
1.976258354261517525e-04
1.223595318151637912e-04
1.823911588871851563e-04
2.509518235456198454e-04
2.809405268635600805e-04
3.679141809698194265e-04
8.664940833114087582e-05
-8.607103154645301402e-06
2.653117699082940817e-04
1.887951948447152972e-04
2.755051827989518642e-04
1.025951569317840040e-04
2.365093678236007690e-04
3.784801810979843140e-04
2.371583250351250172e-04
1.040815550368279219e-04
3.172071010340005159e-04
5.364599637687206268e-04
4.699543933384120464e-04
3.258508804719895124e-04
3.219852515030652285e-04
2.819884102791547775e-04
2.720156626310199499e-04
2.056922967312857509e-04
2.059667167486622930e-04
3.776722587645053864e-04
4.457294126041233540e-04
3.416894178371876478e-04
1.690648787189275026e-04
1.248825574293732643e-04
2.041356638073921204e-04
2.674239804036915302e-04
2.228870871476829052e-04
2.896783407777547836e-04
1.635173975955694914e-04
1.265355385839939117e-04
9.218538252753205597e-06
-2.089053450617939234e-04
1.512864546384662390e-04
2.107853943016380072e-04
1.419436448486521840e-04
1.478949416195973754e-04
2.501713461242616177e-04
5.548087210627272725e-05
-4.634531705960398540e-06
1.080714064300991595e-04
1.037093097693286836e-04
1.288142175326356664e-05
1.970147131942212582e-04
2.744198354776017368e-05
1.171795811387710273e-04
7.108280897227814421e-06
3.083175979554653168e-04
3.968199016526341438e-04
4.096539050806313753e-04
3.971281112171709538e-04
1.031775958836078644e-03
3.520100610330700874e-03
9.355722926557064056e-03
8.258450776338577271e-03
1.338921394199132919e-02
1.718551479279994965e-02
2.362157031893730164e-02
3.049209900200366974e-02
3.046029433608055115e-02
4.364398494362831116e-02
4.541857168078422546e-02
4.802633449435234070e-02
6.014419347047805786e-02
6.214196607470512390e-02
7.276349514722824097e-02
7.392381131649017334e-02
8.600661903619766235e-02
9.101486206054687500e-02
1.004796177148818970e-01
1.105903759598731995e-01
1.133151873946189880e-01
1.240670457482337952e-01
1.293653547763824463e-01
1.339897066354751587e-01
1.423903554677963257e-01
1.476797908544540405e-01
1.487546563148498535e-01
1.516167074441909790e-01
1.558142453432083130e-01
1.574157327413558960e-01
1.553205549716949463e-01
1.578007489442825317e-01
1.572664976119995117e-01
1.531551480293273926e-01
1.544392108917236328e-01
1.490563452243804932e-01
1.432201564311981201e-01
1.425661593675613403e-01
1.337377130985260010e-01
1.294125169515609741e-01
1.214180365204811096e-01
1.193346977233886719e-01
1.146596372127532959e-01
1.078760400414466858e-01
1.039420962333679199e-01
9.963291883468627930e-02
9.427344799041748047e-02
9.213590621948242188e-02
8.535125851631164551e-02
8.137033134698867798e-02
7.600765675306320190e-02
7.053017616271972656e-02
6.097126007080078125e-02
5.458679795265197754e-02
4.538181051611900330e-02
4.328098520636558533e-02
3.658952564001083374e-02
2.769107557833194733e-02
2.424734830856323242e-02
1.330910995602607727e-02
2.963942009955644608e-03
1.252755522727966309e-03
-5.884598009288311005e-03
-1.575423218309879303e-02
-2.019462361931800842e-02
-2.935948781669139862e-02
-3.597845137119293213e-02
-4.353537037968635559e-02
-4.794430732727050781e-02
-5.528660863637924194e-02
-6.214046478271484375e-02
-6.775101274251937866e-02
-7.871517539024353027e-02
-8.035656064748764038e-02
-8.334989100694656372e-02
-8.941330015659332275e-02
-9.320887923240661621e-02
-9.843517839908599854e-02
-1.036968678236007690e-01
-1.081955134868621826e-01
-1.130996346473693848e-01
-1.175650581717491150e-01
-1.243179887533187866e-01
-1.296715438365936279e-01
-1.368627250194549561e-01
-1.390744298696517944e-01
-1.402110904455184937e-01
-1.480708718299865723e-01
-1.527606546878814697e-01
-1.557254940271377563e-01
-1.582956463098526001e-01
-1.580670028924942017e-01
-1.559173613786697388e-01
-1.560233086347579956e-01
-1.564889550209045410e-01
-1.558877974748611450e-01
-1.464069634675979614e-01
-1.449040919542312622e-01
-1.406932175159454346e-01
-1.347002983093261719e-01
-1.310047507286071777e-01
-1.208082810044288635e-01
-1.115750595927238464e-01
-1.081707403063774109e-01
-1.025131568312644958e-01
-9.605874121189117432e-02
-8.524920046329498291e-02
-7.699727267026901245e-02
-6.985709071159362793e-02
-6.523633003234863281e-02
-5.695123597979545593e-02
-5.029204115271568298e-02
-4.532131925225257874e-02
-4.007581248879432678e-02
-3.335172310471534729e-02
-2.838600054383277893e-02
-2.230707183480262756e-02
-2.298180945217609406e-02
-1.465639844536781311e-02
-8.515898138284683228e-03
-8.754752576351165771e-03
-3.774780314415693283e-03
-1.256409217603504658e-03
-5.030721658840775490e-04
-4.912273143418133259e-04
-4.580529348459094763e-04
-4.127904539927840233e-04
-4.672170325648039579e-04
-3.093808481935411692e-04
-2.658620360307395458e-04
-2.934382646344602108e-04
-1.648643519729375839e-04
-7.330491644097492099e-05
-2.380298828938975930e-04
-1.715933758532628417e-04
-2.362270752200856805e-04
-2.163983153877779841e-04
-1.752384123392403126e-04
-1.118761210818774998e-04
-2.150783839169889688e-04
-1.976167259272187948e-04
-3.414518723729997873e-04
-3.719408996403217316e-04
-2.622324682306498289e-04
-4.564902919810265303e-04
-2.438204537611454725e-04
-3.444800095167011023e-04
-3.049794177059084177e-04
-1.479446073062717915e-04
-1.592018234077841043e-04
-2.206254430348053575e-04
-3.555486327968537807e-04
-3.985679359175264835e-04
-2.313344739377498627e-04
-1.791132381185889244e-04
-3.550689143594354391e-04
-3.833171504084020853e-04
-3.889895451720803976e-04
-3.722930268850177526e-04
-1.628906757105141878e-04
-2.349774586036801338e-04
4.264742528903298080e-05
-3.514579148031771183e-04
-5.866033025085926056e-04
-1.522881357232108712e-04
-2.574136597104370594e-04
-2.276080631418153644e-04
-3.299074887763708830e-04
-2.800840884447097778e-04
4.912581789540126920e-05
-3.089882957283407450e-04
-4.778398433700203896e-04
-3.141834167763590813e-04
-3.572709392756223679e-04
-2.390913432464003563e-04
-1.656795502640306950e-04
-3.509875969029963017e-04
-2.465025172568857670e-04
-2.678744494915008545e-04
-3.487817011773586273e-04
-2.559536915214266628e-05
-8.173696551239117980e-05
-1.252971997018903494e-04
-4.100617952644824982e-04
-3.435839316807687283e-04
-4.085261898580938578e-04
-3.385771997272968292e-04
-7.031839049886912107e-05
1.391179393976926804e-04
-2.821553789544850588e-04
-2.882922126445919275e-04
2.544896560721099377e-04
-7.584873674204573035e-05
-1.840342447394505143e-04
-1.446872629458084702e-04
-1.265563041670247912e-04
-1.841933699324727058e-04
-3.767130256164819002e-04
-1.880569179775193334e-04
-4.087014531251043081e-05
-1.296089976676739752e-06
-8.563586743548512459e-05
-3.350857296027243137e-04
-3.464941109996289015e-04
-1.933726307470351458e-04
6.428189954021945596e-05
-1.121707609854638577e-04
1.077061028809112031e-06
1.765831402735784650e-04
3.945851494790986180e-05
-1.376277123199542984e-05
-1.194193901028484106e-04
-1.378677989123389125e-04
-1.257643161807209253e-04
-7.235445082187652588e-05
-2.375279291300103068e-05
1.155436402768827975e-04
1.963790964509826154e-05
3.036716661881655455e-04
1.864610821940004826e-04
-2.992723020724952221e-04
-1.119393637054599822e-04
7.675767847103998065e-06
3.161238273605704308e-04
1.055993852787651122e-04
-1.855103619163855910e-04
-2.759354247245937586e-04
-1.017836766550317407e-04
4.241316928528249264e-04
1.059343558154068887e-04
4.678510595113039017e-05
-8.078170503722503781e-05
-6.506640784209594131e-05
-2.277456806041300297e-04
6.568781827809289098e-05
1.666060416027903557e-04
-2.084990555886179209e-04
4.083880630787461996e-04
2.290006159455515444e-05
1.147568254964426160e-04
2.996483235619962215e-04
1.437396567780524492e-04
1.089781289920210838e-04
1.446098176529631019e-04
1.864819350885227323e-04
3.322954289615154266e-04
5.054467474110424519e-04
3.942113253287971020e-04
-1.708435884211212397e-04
7.536668999819085002e-05
3.531298134475946426e-04
1.079121866496279836e-04
1.089515262719942257e-05
2.036351215792819858e-04
1.245755265699699521e-04
1.581788092153146863e-04
3.961442853324115276e-04
1.701911387499421835e-04
2.616618585307151079e-04
9.726462303660809994e-05
4.474157176446169615e-04
-3.020955091415089555e-06
