-2.163416065741330385e-04
-4.831970145460218191e-04
1.148398660006932914e-04
-4.081845690961927176e-04
-1.140959066106006503e-04
-3.531178226694464684e-04
-3.948798403143882751e-04
-3.850513894576579332e-04
-6.425955507438629866e-05
-3.049510414712131023e-04
-4.531535669229924679e-04
-4.004628572147339582e-04
-3.725073765963315964e-04
-2.789502323139458895e-04
-4.487773694563657045e-04
-3.610895364545285702e-04
-3.151820856146514416e-04
-2.843784459400922060e-04
-3.381417482160031796e-04
2.058022364508360624e-04
-1.439070620108395815e-04
-5.305988815962336957e-05
-3.390542988199740648e-04
-3.145535010844469070e-04
-3.139436594210565090e-04
-3.242464736104011536e-04
1.325719949818449095e-05
-3.508938534650951624e-04
1.801974576665088534e-05
-6.223741220310330391e-04
-2.334651508135721087e-04
-7.021267665550112724e-04
-7.469686679542064667e-04
-5.680547910742461681e-04
-1.364448398817330599e-04
-4.363120533525943756e-04
-6.416768883354961872e-04
-6.353112985379993916e-04
-4.313358222134411335e-04
-3.953462000936269760e-04
-6.064851186238229275e-04
-1.410963304806500673e-04
-1.786343491403385997e-04
-2.016394573729485273e-04
-2.457871742080897093e-04
-1.064978641807101667e-04
-3.182945074513554573e-04
-4.448742838576436043e-04
-3.051349485758692026e-04
-2.999293792527168989e-04
-7.987901335582137108e-04
-6.062118336558341980e-04
-2.035759825957939029e-05
-1.725913607515394688e-04
-5.010201712138950825e-04
-7.266109460033476353e-04
-4.026815586257725954e-04
-1.053246960509568453e-04
-3.414411912672221661e-04
-4.143434634897857904e-04
-5.402686656452715397e-04
-6.265554111450910568e-04
-4.674087685998529196e-04
-8.946691523306071758e-04
-6.209660205058753490e-04
-8.568963967263698578e-04
-3.718184016179293394e-04
-3.915551351383328438e-04
-5.370510043576359749e-04
-6.086345529183745384e-04
-3.665200492832809687e-04
-6.652735755778849125e-04
-6.219264469109475613e-04
-5.252732080407440662e-04
-5.327353719621896744e-04
-7.960106013342738152e-04
-3.882363962475210428e-04
-6.908057257533073425e-04
-3.588196705095469952e-04
-6.568243261426687241e-04
-3.075453569181263447e-04
-7.022844511084258556e-05
-1.183998319902457297e-04
-9.318081720266491175e-05
-6.396066746674478054e-04
-3.004751342814415693e-04
-4.104285617358982563e-04
-3.785301523748785257e-04
-2.669431851245462894e-04
-2.221923978140694089e-06
-4.662896681111305952e-04
-5.312532302923500538e-04
-6.023574969731271267e-04
-7.256469107232987881e-04
-5.652213585563004017e-04
-3.222730301786214113e-04
-2.433299814583733678e-04
-2.185117773478850722e-04
-3.582833451218903065e-04
-3.659128269646316767e-04
-3.936502616852521896e-04
-3.435311664361506701e-04
-1.299658179050311446e-04
-1.062200390151701868e-04
-3.097041044384241104e-04
-3.311002510599792004e-04
-3.410873760003596544e-04
-3.108324017375707626e-05
-3.214948519598692656e-04
-3.084502823185175657e-04
-2.422878169454634190e-04
-1.770646922523155808e-04
-4.380403261166065931e-04
-3.747375449165701866e-04
-3.645839751698076725e-04
-2.276172890560701489e-04
-2.918539103120565414e-04
-3.782671701628714800e-04
-2.481061965227127075e-04
-3.384394804015755653e-04
-5.085744778625667095e-04
-7.736628758721053600e-04
-7.726285257376730442e-04
-3.634130116552114487e-04
-4.227278404869139194e-04
-7.494337041862308979e-04
-8.697498706169426441e-04
-7.626609294675290585e-04
-3.456939011812210083e-04
-4.837595042772591114e-04
-3.672479360830038786e-04
-4.352041287347674370e-04
-4.973330069333314896e-04
-3.056170826312154531e-04
-4.789856029674410820e-04
-5.660910392180085182e-05
-1.449200353818014264e-04
4.053139127790927887e-03
4.025619942694902420e-03
6.926895119249820709e-03
1.166481524705886841e-02
1.662330329418182373e-02
1.740735396742820740e-02
2.683419734239578247e-02
2.444805391132831573e-02
3.378631919622421265e-02
4.111456498503684998e-02
4.459501802921295166e-02
5.187993124127388000e-02
5.514171719551086426e-02
5.864883959293365479e-02
7.177360355854034424e-02
7.278015464544296265e-02
8.217990398406982422e-02
8.499453216791152954e-02
9.971449524164199829e-02
1.013021916151046753e-01
1.094861477613449097e-01
1.162647455930709839e-01
1.184424236416816711e-01
1.264569461345672607e-01
1.354610770940780640e-01
1.374879628419876099e-01
1.422842890024185181e-01
1.482048928737640381e-01
1.487314254045486450e-01
1.530918627977371216e-01
1.539493799209594727e-01
1.557185947895050049e-01
1.515518277883529663e-01
1.507809013128280640e-01
1.473633646965026855e-01
1.447127312421798706e-01
1.459796130657196045e-01
1.423944085836410522e-01
1.347994506359100342e-01
1.347266584634780884e-01
1.249207630753517151e-01
1.249422058463096619e-01
1.141991466283798218e-01
1.159666031599044800e-01
1.064809933304786682e-01
1.032045260071754456e-01
9.937176853418350220e-02
9.541630744934082031e-02
9.217093139886856079e-02
9.035670757293701172e-02
8.226338028907775879e-02
8.056028932332992554e-02
6.990327686071395874e-02
6.922602653503417969e-02
5.682658776640892029e-02
5.587996542453765869e-02
4.282759875059127808e-02
3.864549100399017334e-02
3.172288462519645691e-02
2.715481445193290710e-02
1.726266928017139435e-02
1.143382582813501358e-02
1.153674256056547165e-02
-4.833522252738475800e-04
-4.374007228761911392e-03
-1.196251437067985535e-02
-1.875104196369647980e-02
-2.512724138796329498e-02
-3.040832281112670898e-02
-3.938770666718482971e-02
-4.669256508350372314e-02
-5.266219004988670349e-02
-6.209564208984375000e-02
-6.503126025199890137e-02
-7.490448653697967529e-02
-7.785777747631072998e-02
-8.356661349534988403e-02
-8.775531500577926636e-02
-9.140886366367340088e-02
-9.378360956907272339e-02
-9.989631921052932739e-02
-1.029135510325431824e-01
-1.087549850344657898e-01
-1.143606454133987427e-01
-1.186066418886184692e-01
-1.226893290877342224e-01
-1.276866793632507324e-01
-1.330400556325912476e-01
-1.351261585950851440e-01
-1.392345875501632690e-01
-1.438543498516082764e-01
-1.469217240810394287e-01
-1.533535420894622803e-01
-1.516600549221038818e-01
-1.488846540451049805e-01
-1.516183912754058838e-01
-1.525722295045852661e-01
-1.516095250844955444e-01
-1.442055404186248779e-01
-1.459817290306091309e-01
-1.466324180364608765e-01
-1.386256814002990723e-01
-1.360254734754562378e-01
-1.268257945775985718e-01
-1.223601624369621277e-01
-1.160679161548614502e-01
-1.104139536619186401e-01
-1.015006601810455322e-01
-9.421589225530624390e-02
-8.941373974084854126e-02
-7.954949885606765747e-02
-7.520729303359985352e-02
-6.449202448129653931e-02
-6.429199129343032837e-02
-5.322277173399925232e-02
-5.082236975431442261e-02
-4.278228431940078735e-02
-3.675292432308197021e-02
-3.189620003104209900e-02
-2.829657495021820068e-02
-2.492282912135124207e-02
-1.992904394865036011e-02
-1.640719361603260040e-02
-7.308227475732564926e-03
-1.026359945535659790e-02
-1.978636486455798149e-03
-2.962853061035275459e-03
2.163708704756572843e-04
3.034384571947157383e-04
2.548868360463529825e-04
-3.143737194477580488e-05
1.236841781064867973e-04
5.265594809316098690e-04
3.062077739741653204e-04
1.291640801355242729e-04
3.749252355191856623e-04
4.389520618133246899e-04
5.097592948004603386e-04
2.434435155009850860e-04
2.764377568382769823e-04
2.443394332658499479e-04
2.765850513242185116e-04
3.650533617474138737e-04
6.063296459615230560e-04
5.857008509337902069e-04
7.346802158281207085e-04
3.350022889208048582e-04
3.579797921702265739e-04
3.338971873745322227e-04
5.973237566649913788e-04
2.431940229143947363e-04
2.172073582187294960e-04
2.748010156210511923e-04
2.065828739432618022e-04
1.232886424986645579e-04
3.263890102971345186e-04
8.835321204969659448e-05
2.091369533445686102e-04
1.846621307777240872e-04
-7.152820035116747022e-05
3.277875657659024000e-04
4.543632385320961475e-04
3.366070450283586979e-04
3.977999731432646513e-04
1.118293148465454578e-04
-2.277056337334215641e-04
2.275426813866943121e-04
4.055704048369079828e-04
5.597913987003266811e-04
4.565734998323023319e-04
2.929646580014377832e-04
2.522461290936917067e-04
4.760560404974967241e-04
5.515299271792173386e-04
2.594794495962560177e-04
9.026903717312961817e-05
2.789535210467875004e-04
7.527926354669034481e-04
4.944465472362935543e-04
1.742412714520469308e-04
2.987388579640537500e-04
3.400161804165691137e-04
1.144415873568505049e-04
4.576037172228097916e-04
4.699280252680182457e-04
3.524502099025994539e-04
2.764308301266282797e-04
3.190281859133392572e-04
5.716359009966254234e-04
7.956682820804417133e-04
3.910212835762649775e-04
2.999127027578651905e-04
1.067466728272847831e-04
5.363359814509749413e-04
7.075925823301076889e-04
5.750594427809119225e-04
5.430462188087403774e-04
4.874047008343040943e-04
9.883530437946319580e-04
5.708073149435222149e-04
2.762294025160372257e-04
3.463469620328396559e-04
4.023830115329474211e-04
1.860468037193641067e-04
6.689921137876808643e-04
3.486702335067093372e-04
3.253307659178972244e-04
2.264088689116761088e-04
1.469149283366277814e-04
5.789922433905303478e-04
5.101746864966116846e-06
3.341844130773097277e-04
3.710094315465539694e-04
5.429229931905865669e-04
7.250162889249622822e-04
6.637867772951722145e-04
7.084532408043742180e-04
6.036652484908699989e-04
2.318432088941335678e-04
3.967200755141675472e-04
5.011213943362236023e-04
4.155325004830956459e-04
3.473812539596110582e-04
1.751788076944649220e-04
2.750330604612827301e-04
2.603702887427061796e-04
2.683449129108339548e-04
3.483086475171148777e-04
2.967785112559795380e-04
4.970717127434909344e-04
6.498956936411559582e-04
2.792417071759700775e-04
2.131272194674238563e-04
3.308986779302358627e-04
8.223116165027022362e-04
4.377018194645643234e-05
2.823013055603951216e-04
6.421461002901196480e-04
3.783555584959685802e-04
3.260423254687339067e-04
2.562298905104398727e-04
3.597448085201904178e-05
4.653716459870338440e-04
6.613339646719396114e-04
2.766046673059463501e-04
2.402237878413870931e-04
1.958007196662947536e-04
1.995242055272683501e-04
2.300917694810777903e-04
-4.866292874794453382e-05
-6.952315743546932936e-05
2.213257830590009689e-04
3.699044173117727041e-04
3.073674452025443316e-05
3.839439305011183023e-04
1.764324842952191830e-04
2.578907296992838383e-04
2.957929391413927078e-04
3.837815893348306417e-04
-6.066941932658664882e-05
1.337178673566086218e-05
9.587080421624705195e-05
3.288388252258300781e-04
9.420430433237925172e-05
