-1.078237619367428124e-04
-1.297159615205600858e-04
-1.774559787008911371e-04
-2.050490438705310225e-04
-2.191673847846686840e-04
-1.574971829541027546e-04
-2.435008354950696230e-04
-2.260820474475622177e-04
-1.847735838964581490e-04
-2.886950678657740355e-04
-2.379635261604562402e-04
-2.829679287970066071e-04
-2.696025476325303316e-04
-2.780253416858613491e-04
-2.484015421941876411e-04
-2.893495839089155197e-04
-3.413073718547821045e-04
-3.299124364275485277e-04
-3.508063382469117641e-04
-3.300178213976323605e-04
-3.625728422775864601e-04
-4.085758700966835022e-04
-3.672972961794584990e-04
-3.458850842434912920e-04
-4.325540794525295496e-04
-4.038792976643890142e-04
-4.394453426357358694e-04
-4.489791172090917826e-04
-4.519489884842187166e-04
-4.426450177561491728e-04
-5.189150688238441944e-04
-4.913471639156341553e-04
-5.156042170710861683e-04
-5.165937473066151142e-04
-5.320694181136786938e-04
-5.162201123312115669e-04
-5.424971459433436394e-04
-5.845486302860081196e-04
-5.450826138257980347e-04
-5.096924724057316780e-04
-5.791062139905989170e-04
-5.793527816422283649e-04
-4.989600856788456440e-04
-5.463721463456749916e-04
-5.463720299303531647e-04
-6.000956636853516102e-04
-6.264406838454306126e-04
-5.781983491033315659e-04
-5.890722386538982391e-04
-6.193016888573765755e-04
-6.174335721880197525e-04
-6.174553418532013893e-04
-5.406240234151482582e-04
-5.804463871754705906e-04
-6.009417120367288589e-04
-5.863959086127579212e-04
-5.858084186911582947e-04
-5.536142853088676929e-04
-5.344147793948650360e-04
-5.782060907222330570e-04
-6.002219161018729210e-04
-5.562800797633826733e-04
-4.426310479175299406e-04
-5.291794659569859505e-04
-5.114678642712533474e-04
-4.208341997582465410e-04
-3.961680340580642223e-04
-4.444762016646564007e-04
-4.107246058993041515e-04
-3.459838335402309895e-04
-3.262975078541785479e-04
-3.261873207520693541e-04
-2.998626732733100653e-04
-2.133958914782851934e-04
-2.474744396749883890e-04
-2.723599318414926529e-04
-1.965635310625657439e-04
-1.027198813972063363e-04
-7.470183481927961111e-05
-9.357538510812446475e-05
-1.325686025666072965e-04
-1.332948304479941726e-04
2.004630368901416659e-05
-4.156241266173310578e-05
9.205402602674439549e-05
1.750061492202803493e-04
1.337446883553639054e-04
1.252215151907876134e-04
1.720533327898010612e-04
2.372296003159135580e-04
1.912293955683708191e-04
2.497421810403466225e-04
2.645729982759803534e-04
2.500128757674247026e-04
3.235659969504922628e-04
3.017048584297299385e-04
2.986354811582714319e-04
2.997480623889714479e-04
3.183899098075926304e-04
2.591382071841508150e-04
3.390683268662542105e-04
2.488521568011492491e-04
3.066629287786781788e-04
1.934300235006958246e-04
2.129625790985301137e-04
2.117837721016258001e-04
1.480251667089760303e-04
2.238965098513290286e-04
1.935180189320817590e-04
7.123834075173363090e-05
7.793590339133515954e-05
8.195853524739504792e-07
-9.104127821046859026e-05
-9.834262164076790214e-05
-1.840500190155580640e-04
-1.052210282068699598e-04
-1.461501233279705048e-04
-2.538505359552800655e-04
-2.726702950894832611e-04
-3.085419011767953634e-04
-3.504941414576023817e-04
-3.050708910450339317e-04
-3.784712753258645535e-04
-4.463407385628670454e-04
-4.719709977507591248e-04
-4.837815649807453156e-04
-4.589041345752775669e-04
-4.323744797147810459e-04
-5.189218209125101566e-04
-4.085833497811108828e-04
-3.643881645984947681e-04
-2.173263783333823085e-04
-1.947718847077339888e-04
-4.590515800373395905e-06
9.794929792406037450e-05
1.524127001175656915e-04
3.781986306421458721e-04
5.398131906986236572e-04
1.039366819895803928e-03
9.812727803364396095e-04
1.391679514199495316e-03
1.639693160541355610e-03
1.887828577309846878e-03
2.139600459486246109e-03
2.245320240035653114e-03
2.818461041897535324e-03
3.014875575900077820e-03
3.434630576521158218e-03
3.663175739347934723e-03
3.978147637099027634e-03
4.268832970410585403e-03
4.450634121894836426e-03
4.440419375896453857e-03
4.515125881880521774e-03
4.616336897015571594e-03
4.617381840944290161e-03
4.481324460357427597e-03
4.221788141876459122e-03
3.910259809345006943e-03
3.889431245625019073e-03
3.532496048137545586e-03
3.086944343522191048e-03
2.957832766696810722e-03
2.459453186020255089e-03
2.299746032804250717e-03
2.229057019576430321e-03
2.255814615637063980e-03
2.064455067738890648e-03
2.697276184335350990e-03
2.873672638088464737e-03
4.204372875392436981e-03
5.563074257224798203e-03
7.314685732126235962e-03
8.761734701693058014e-03
1.057051215320825577e-02
1.295127347111701965e-02
1.364779472351074219e-02
1.387427374720573425e-02
1.395095698535442352e-02
1.324373856186866760e-02
1.320505980402231216e-02
1.136109791696071625e-02
8.213865570724010468e-03
7.150288205593824387e-03
5.110427271574735641e-03
4.938326310366392136e-03
1.282034534960985184e-02
2.420164644718170166e-02
3.003753907978534698e-02
4.546096920967102051e-02
2.426300756633281708e-02
3.330975770950317383e-02
1.717014797031879425e-02
4.034180939197540283e-02
3.246389701962471008e-02
7.403263449668884277e-02
5.106369033455848694e-03
5.260816216468811035e-02
6.107773631811141968e-02
-2.065663971006870270e-02
2.028800547122955322e-02
-2.609675005078315735e-02
-1.891892589628696442e-02
-1.343210041522979736e-01
2.302204445004463196e-02
-5.329381674528121948e-02
-4.157005250453948975e-02
-5.344784259796142578e-02
-5.477680265903472900e-02
-3.684599325060844421e-02
-4.186385124921798706e-02
-2.674316428601741791e-02
-3.639930859208106995e-02
-2.318796515464782715e-02
-1.523386128246784210e-02
-1.538963709026575089e-02
-1.365122478455305099e-02
-1.328517496585845947e-02
-1.478994078934192657e-02
-1.642223075032234192e-02
-1.779694296419620514e-02
-1.789152435958385468e-02
-1.705832034349441528e-02
-1.662171632051467896e-02
-1.471442729234695435e-02
-1.321440655738115311e-02
-1.070140767842531204e-02
-9.204028174281120300e-03
-7.818755693733692169e-03
-5.929102655500173569e-03
-4.976864904165267944e-03
-4.321977496147155762e-03
-3.784740809351205826e-03
-3.296638140454888344e-03
-3.225880675017833710e-03
-3.591488581150770187e-03
-3.736569080501794815e-03
-3.946875687688589096e-03
-4.247081931680440903e-03
-4.571432247757911682e-03
-4.742547404021024704e-03
-5.116324871778488159e-03
-5.002759862691164017e-03
-5.268436390906572342e-03
-5.321077071130275726e-03
-5.310350563377141953e-03
-5.272994283586740494e-03
-5.090155173093080521e-03
-4.764533136039972305e-03
-4.899509251117706299e-03
-4.502537660300731659e-03
-4.381355829536914825e-03
-3.999657928943634033e-03
-3.573233028873801231e-03
-3.394035622477531433e-03
-3.120216075330972672e-03
-2.707149600610136986e-03
-2.486137207597494125e-03
-2.127243904396891594e-03
-1.885977806523442268e-03
-1.699095359072089195e-03
-1.331365783698856831e-03
-1.080224872566759586e-03
-8.791760192252695560e-04
-7.379818125627934933e-04
-5.979806883260607719e-04
-4.537161730695515871e-04
-2.604954643175005913e-04
-1.760070590535178781e-04
-8.146336767822504044e-05
-6.660528015345335007e-05
-1.634674117667600513e-05
4.906603408016962931e-06
1.283672463614493608e-04
3.075687709497287869e-05
2.995877184730488807e-05
1.449952687835320830e-04
-1.247479758603731170e-05
5.411680103861726820e-05
5.899555981159210205e-05
-1.161881882580928504e-04
-1.185065138997742906e-05
-6.947317160665988922e-05
-7.272014772752299905e-05
-1.697581901680678129e-04
-2.394098701188340783e-04
-3.116250736638903618e-04
-2.092615322908386588e-04
-3.027484926860779524e-04
-3.897022397723048925e-04
-3.717559447977691889e-04
-4.269090422894805670e-04
-5.020205862820148468e-04
-4.223232681397348642e-04
-4.859243344981223345e-04
-4.995158524252474308e-04
-5.215309793129563332e-04
-6.032329984009265900e-04
-5.588283529505133629e-04
-5.569861386902630329e-04
-5.422454560175538063e-04
-5.764391971752047539e-04
-5.740327760577201843e-04
-5.106563330627977848e-04
-5.494114011526107788e-04
-4.972685710527002811e-04
-4.973634495399892330e-04
-5.764064844697713852e-04
-4.729246138595044613e-04
-4.409248358570039272e-04
-4.969813744537532330e-04
-3.672209859360009432e-04
-4.212602216284722090e-04
-3.452359815128147602e-04
-2.596556732896715403e-04
-2.332990407012403011e-04
-1.892253931146115065e-04
-1.774880074663087726e-04
-1.183036292786709964e-04
-1.801136240828782320e-04
-8.393159805564209819e-05
-1.099078799597918987e-04
-3.446592745603993535e-05
6.382472747645806521e-06
1.097355780075304210e-04
6.036677586962468922e-05
1.525765255792066455e-04
1.450729614589363337e-04
1.373068225802853703e-04
2.156035479856655002e-04
2.086993335979059339e-04
2.652306575328111649e-04
2.999533608090132475e-04
2.442935365252196789e-04
3.281778190284967422e-04
2.812009479384869337e-04
3.629717975854873657e-04
4.003184440080076456e-04
4.323522152844816446e-04
3.777029050979763269e-04
4.499754868447780609e-04
4.337635764386504889e-04
4.822289629373699427e-04
5.072579369880259037e-04
4.476742760743945837e-04
4.331845848355442286e-04
5.560758872888982296e-04
5.068226018920540810e-04
4.949727444909512997e-04
5.135129904374480247e-04
4.707691259682178497e-04
4.789447702933102846e-04
5.419261287897825241e-04
4.696897813118994236e-04
4.642241401597857475e-04
5.372014711610972881e-04
4.714717797469347715e-04
5.515066441148519516e-04
4.494756576605141163e-04
4.968474968336522579e-04
4.529462603386491537e-04
4.583977570291608572e-04
4.625406581908464432e-04
4.693071241490542889e-04
4.114631155971437693e-04
5.333367735147476196e-04
4.591955803334712982e-04
4.238121910020709038e-04
4.626120207831263542e-04
3.716826322488486767e-04
4.529418074525892735e-04
4.701224097516387701e-04
3.722699184436351061e-04
3.818539262283593416e-04
3.412865335121750832e-04
3.750446194317191839e-04
3.814487135969102383e-04
3.334160719532519579e-04
3.571583656594157219e-04
3.373946528881788254e-04
3.670319565571844578e-04
2.668435045052319765e-04
3.322332049719989300e-04
3.263407852500677109e-04
2.171210071537643671e-04
2.727804239839315414e-04
2.575645048636943102e-04
2.165094483643770218e-04
2.886082511395215988e-04
2.534539380576461554e-04
2.532213693484663963e-04
1.573204644955694675e-04
1.430964330211281776e-04
1.410263066645711660e-04
1.328964863205328584e-04
2.169292420148849487e-04
1.176074874820187688e-04
1.674211816862225533e-04
1.216008386109024286e-04
1.059522619470953941e-04
6.571516132680699229e-05
