-2.203550538979470730e-04
2.953633957076817751e-04
5.024379352107644081e-04
3.517481964081525803e-04
7.986907439772039652e-05
-1.957564963959157467e-04
8.130286005325615406e-04
-1.177967278636060655e-04
3.201076178811490536e-04
8.696066652191802859e-05
2.510686463210731745e-04
1.510764996055513620e-04
2.182245225412771106e-04
8.438914665021002293e-05
5.094340303912758827e-05
2.305473171873018146e-04
-8.275618165498599410e-05
1.347008801531046629e-04
1.895344321383163333e-04
1.510371512267738581e-04
4.822585033252835274e-04
-7.364606426563113928e-05
2.227000222774222493e-04
3.281871904619038105e-04
3.449766954872757196e-04
4.322851964388974011e-05
1.936955377459526062e-04
1.970188313862308860e-04
1.363494084216654301e-04
6.329992174869403243e-05
3.981163026764988899e-04
8.423218241659924388e-05
1.901005161926150322e-04
-9.828134352574124932e-05
3.804934021900407970e-05
2.508227189537137747e-04
1.022353098960593343e-04
-3.717763320310041308e-05
5.912563647143542767e-04
2.649872330948710442e-04
1.663363655097782612e-04
2.527167380321770906e-04
-4.011073906440287828e-05
-1.063573436113074422e-04
6.125536747276782990e-04
1.777405268512666225e-04
1.040128045133315027e-04
-1.881753269117325544e-04
-1.068528872565366328e-04
1.815671712392941117e-04
1.121595414588227868e-04
3.002816520165652037e-04
7.824638305464759469e-05
1.953671453520655632e-04
9.719295485410839319e-05
2.027294976869598031e-04
6.580727495020255446e-05
5.059968680143356323e-05
3.282069519627839327e-04
4.400236648507416248e-04
1.983509719138965011e-04
4.142232501180842519e-05
6.927701906533911824e-05
4.175578214926645160e-05
1.753818942233920097e-04
2.683617458387743682e-05
9.925168706104159355e-05
2.667419321369379759e-04
1.368405992252519354e-05
5.046468140790238976e-05
1.781420432962477207e-04
2.758569899015128613e-04
2.057959791272878647e-04
5.776599864475429058e-04
1.315171393798664212e-04
3.856962430290877819e-04
4.224298463668674231e-04
5.911514745093882084e-05
1.140955282608047128e-04
2.945167943835258484e-04
3.561738594726193696e-06
1.560500386403873563e-04
4.320810257922858000e-04
2.400072262389585376e-04
3.038954164367169142e-04
1.531109010102227330e-04
2.470248728059232235e-04
1.172377378679811954e-04
7.061535870889201760e-05
2.462263219058513641e-04
2.733341243583709002e-04
1.455855235690250993e-04
1.995388884097337723e-04
2.108824846800416708e-04
5.290556000545620918e-04
3.743683046195656061e-04
8.043290290515869856e-05
1.699027343420311809e-04
2.311531279701739550e-04
2.028942108154296875e-04
3.052697575185447931e-04
4.522354283835738897e-04
2.504182630218565464e-04
1.232619251823052764e-04
1.522373786428943276e-04
3.855226095765829086e-04
4.203582357149571180e-04
3.468213835731148720e-04
3.517533477861434221e-04
2.175444533349946141e-04
2.057251840597018600e-04
1.497550983913242817e-04
1.532174355816096067e-04
-2.638153964653611183e-04
5.997591506456956267e-05
2.111001085722818971e-04
1.492032752139493823e-04
7.087081485224189237e-06
8.027449075598269701e-05
4.613703058566898108e-04
1.678401895333081484e-04
4.075745237059891224e-04
-4.444305159267969429e-05
-5.848647924722172320e-05
1.194787619169801474e-04
2.213730913354083896e-04
4.942913074046373367e-04
4.366065259091556072e-04
2.211880055256187916e-04
2.366923436056822538e-04
2.490109764039516449e-04
3.676175838336348534e-04
6.563217029906809330e-04
6.765849539078772068e-04
3.788257017731666565e-04
6.170236738398671150e-04
3.450542222708463669e-03
5.499083083122968674e-03
7.685170974582433701e-03
9.818620048463344574e-03
1.655960641801357269e-02
1.697392575442790985e-02
2.460623160004615784e-02
2.463995479047298431e-02
3.175892308354377747e-02
3.759675472974777222e-02
4.043116047978401184e-02
4.658909887075424194e-02
5.324204266071319580e-02
6.050882115960121155e-02
6.325372308492660522e-02
7.298165559768676758e-02
7.633887976408004761e-02
8.749227225780487061e-02
9.123038500547409058e-02
9.927425533533096313e-02
1.068341955542564392e-01
1.115285679697990417e-01
1.216793581843376160e-01
1.257712543010711670e-01
1.342381834983825684e-01
1.375432014465332031e-01
1.481989473104476929e-01
1.476209014654159546e-01
1.551763266324996948e-01
1.560512036085128784e-01
1.601011455059051514e-01
1.623334884643554688e-01
1.609709560871124268e-01
1.599076390266418457e-01
1.621893495321273804e-01
1.577151119709014893e-01
1.546173095703125000e-01
1.498898416757583618e-01
1.473351866006851196e-01
1.381873786449432373e-01
1.372353732585906982e-01
1.247695162892341614e-01
1.226911395788192749e-01
1.130385622382164001e-01
1.102427542209625244e-01
1.000080779194831848e-01
9.788496047258377075e-02
9.196327626705169678e-02
9.039178490638732910e-02
8.434487134218215942e-02
8.023696392774581909e-02
7.897394150495529175e-02
7.245598733425140381e-02
6.873434782028198242e-02
6.488851457834243774e-02
5.778230354189872742e-02
5.269215255975723267e-02
4.495630785822868347e-02
3.620018064975738525e-02
3.348130360245704651e-02
2.487681619822978973e-02
2.023585699498653412e-02
1.180830970406532288e-02
5.083791445940732956e-03
-9.230705909430980682e-04
-6.809996906667947769e-03
-1.278501097112894058e-02
-1.976592093706130981e-02
-2.789866179227828979e-02
-3.249405324459075928e-02
-3.900230303406715393e-02
-4.411717876791954041e-02
-5.198588222265243530e-02
-5.990834161639213562e-02
-6.535188108682632446e-02
-7.023221254348754883e-02
-7.330320030450820923e-02
-8.002891391515731812e-02
-7.951772212982177734e-02
-8.852013200521469116e-02
-8.642385154962539673e-02
-9.622681140899658203e-02
-9.539794176816940308e-02
-1.036305874586105347e-01
-1.090478897094726562e-01
-1.144562885165214539e-01
-1.213979572057723999e-01
-1.299818903207778931e-01
-1.337430328130722046e-01
-1.399132460355758667e-01
-1.459106504917144775e-01
-1.511527150869369507e-01
-1.539918929338455200e-01
-1.602536588907241821e-01
-1.594190150499343872e-01
-1.630047112703323364e-01
-1.601518541574478149e-01
-1.629127562046051025e-01
-1.592403054237365723e-01
-1.555452346801757812e-01
-1.550606340169906616e-01
-1.490046381950378418e-01
-1.475674957036972046e-01
-1.389093846082687378e-01
-1.343495547771453857e-01
-1.271999627351760864e-01
-1.203274354338645935e-01
-1.126189157366752625e-01
-1.079988256096839905e-01
-9.905917942523956299e-02
-9.231613576412200928e-02
-8.538158982992172241e-02
-7.825666666030883789e-02
-7.457640022039413452e-02
-6.690258532762527466e-02
-6.004791334271430969e-02
-5.454180389642715454e-02
-4.872972890734672546e-02
-4.256187751889228821e-02
-3.758708387613296509e-02
-3.263681381940841675e-02
-2.884330414235591888e-02
-2.270450629293918610e-02
-2.078672870993614197e-02
-1.407740544527769089e-02
-1.349925994873046875e-02
-6.455980706959962845e-03
-7.090706843882799149e-03
-1.099937711842358112e-03
-9.076318237930536270e-04
-4.589630989357829094e-04
-5.654605338349938393e-04
-3.033273387700319290e-04
-2.237969893030822277e-04
-3.585980739444494247e-04
-3.675867046695202589e-04
-4.366832727100700140e-04
-4.323328321333974600e-04
-3.652268424048088491e-05
-1.760905579430982471e-04
-2.883299603126943111e-04
-3.911475650966167450e-04
-7.912887667771428823e-05
-1.346217613900080323e-04
-3.811027563642710447e-04
-2.894358476623892784e-04
-2.112585352733731270e-04
-1.077798006008379161e-04
-3.733580524567514658e-04
-4.668625770136713982e-04
-4.400759353302419186e-04
-5.659446105710230768e-05
-1.215777156176045537e-04
-2.781598595902323723e-04
-1.925237156683579087e-04
-1.687587209744378924e-04
-4.294334212318062782e-04
-3.093908308073878288e-04
-1.453635195503011346e-04
-2.197383728343993425e-04
-3.849651839118450880e-04
-3.159178595524281263e-04
-3.514612908475100994e-04
-2.990474458783864975e-04
-1.239777338923886418e-04
-1.402459747623652220e-04
-4.593401099555194378e-04
-3.133547143079340458e-04
-2.030393807217478752e-04
-3.742888220585882664e-04
-3.655779291875660419e-04
-2.910957555286586285e-04
-2.412544563412666321e-04
-4.158078809268772602e-04
-4.041418724227696657e-04
-2.915131626650691032e-04
-3.489150549285113811e-04
-4.272180958651006222e-04
-2.807600540108978748e-04
-2.646553039085119963e-04
-1.647490862524136901e-04
-2.820842491928488016e-04
-2.044064895017072558e-04
-2.248346136184409261e-04
-3.334986686240881681e-04
-9.767635492607951164e-05
-1.155055215349420905e-04
-1.723306195344775915e-04
-1.606306614121422172e-04
-2.399207442067563534e-04
3.403879236429929733e-05
-2.033834607573226094e-04
-1.812280243029817939e-04
-2.796045155264437199e-04
-1.380515022901818156e-04
-7.102813833625987172e-05
-3.824370796792209148e-04
-2.891996409744024277e-04
-2.592018281575292349e-04
-8.540946146240457892e-05
-1.233262446476146579e-04
-1.303957251366227865e-04
-1.825449435273185372e-04
-3.672014863695949316e-04
-1.130510354414582253e-04
-1.826768711907789111e-04
-1.473682059440761805e-04
-1.672063954174518585e-04
-1.658683468122035265e-04
-1.412260753568261862e-04
4.357561410870403051e-04
-1.286432234337553382e-04
-6.025505717843770981e-05
-1.346805074717849493e-04
-1.219094201587722637e-06
-5.126935502630658448e-05
-2.821841626428067684e-04
-2.088873297907412052e-04
-2.016464277403429151e-04
-5.551728463615290821e-05
-3.706114366650581360e-04
-3.423508314881473780e-04
-4.380785103421658278e-04
-5.389577927417121828e-05
-1.682966249063611031e-04
2.720042175496928394e-05
-1.978040236281231046e-04
-3.792601346503943205e-04
-3.489399969112128019e-04
-1.726183108985424042e-04
1.870818377938121557e-04
-2.192327083321288228e-04
-1.876203023130074143e-04
-4.043679800815880299e-04
-8.791404866315133404e-07
-1.165412322734482586e-04
-1.457226171623915434e-04
7.367716170847415924e-05
2.249982499051839113e-04
-6.343909772112965584e-04
-4.577250219881534576e-04
-2.217314759036526084e-04
-3.188114496879279613e-04
-1.502529339632019401e-04
-3.999365144409239292e-04
-7.202820415841415524e-05
-2.452538174111396074e-04
-1.765276247169822454e-04
-1.800236204871907830e-04
-9.532451804261654615e-05
-1.423685898771509528e-04
-4.440054181031882763e-04
-2.277564199175685644e-04
-3.412826918065547943e-04
-1.648888974159490317e-05
-4.945233231410384178e-04
-2.672633272595703602e-04
1.755615376168861985e-04
-1.469900307711213827e-04
-2.383406535955145955e-04
-1.356581633444875479e-04
-1.639840193092823029e-04
-1.399088359903544188e-04
6.162613135529682040e-05
6.767566082999110222e-05
