-1.659364934312179685e-04
-2.070402697427198291e-04
-2.535633102525025606e-04
-2.541800204198807478e-04
-1.204522277475916781e-06
-1.124388290918432176e-04
-4.672498907893896103e-04
-4.061359795741736889e-04
-3.088113444391638041e-04
-3.322733755339868367e-05
-3.946675569750368595e-04
-2.283584908582270145e-04
-4.118220531381666660e-04
-4.374189884401857853e-04
-1.078787390724755824e-04
-1.245667081093415618e-04
-1.927388075273483992e-04
-3.391974678379483521e-05
-2.223350893473252654e-04
-3.316234797239303589e-04
-6.981064216233789921e-04
-1.674673403613269329e-04
-2.366729459026828408e-04
-4.874427686445415020e-04
-5.355604225769639015e-04
-4.091302107553929090e-04
-2.172277163481339812e-04
-3.481610910966992378e-04
-6.735035567544400692e-04
-6.602000212296843529e-04
-4.051005234941840172e-04
-3.500585153233259916e-04
-5.256583681330084801e-04
-2.472590131219476461e-04
-1.512665476184338331e-04
-3.460241423454135656e-04
-2.038691163761541247e-04
-3.137718886137008667e-04
-3.185956156812608242e-04
-3.995418082922697067e-04
-4.031970456708222628e-04
-1.658901601331308484e-04
-3.167112590745091438e-04
-6.105903885327279568e-04
-3.454395337030291557e-04
-6.592120043933391571e-04
-3.816666721832007170e-04
-2.771003346424549818e-04
-3.131239500362426043e-04
-4.531892191153019667e-04
-4.451058048289269209e-04
-7.418682798743247986e-04
-6.912548560649156570e-04
-2.514791849534958601e-04
-3.087205986957997084e-04
-3.237812197767198086e-04
-1.267367188120260835e-04
-3.719186352100223303e-04
-6.563899223692715168e-04
-2.066631859634071589e-04
-1.861718919826671481e-04
-3.762769629247486591e-04
-3.022743330802768469e-04
-3.330189501866698265e-04
-7.516089826822280884e-04
-4.385419597383588552e-04
-3.662604431156069040e-04
-3.686626441776752472e-04
-8.511621854268014431e-05
2.614670484035741538e-05
-3.726753930095583200e-04
-4.270859935786575079e-04
-1.426123053533956409e-04
-1.230256020789965987e-04
1.251577486982569098e-04
-1.959369546966627240e-04
-3.341330157127231359e-04
-3.589133266359567642e-04
-4.119935038033872843e-04
-3.874790854752063751e-05
-2.519706904422491789e-04
-2.714053553063422441e-04
2.233084669569507241e-04
-3.085595672018826008e-04
-2.142200391972437501e-04
-3.489813825581222773e-04
-6.215977482497692108e-04
-5.097854300402104855e-04
-4.011475248262286186e-04
-3.890102670993655920e-04
-2.765653771348297596e-04
-1.701230066828429699e-04
-4.462595970835536718e-04
-4.339983861427754164e-04
-1.303282770095393062e-04
-1.121525929193012416e-04
-2.892208285629749298e-04
-2.133748639607802033e-04
-2.448303857818245888e-04
-1.950994337676092982e-04
-3.163483925163745880e-04
-2.268686512252315879e-04
-4.013612924609333277e-04
-3.793508221860975027e-04
-3.819207195192575455e-04
1.924210300785489380e-05
-4.011512282886542380e-05
-1.409308606525883079e-04
1.137191939051263034e-04
-3.624547098297625780e-04
-2.691670961212366819e-04
-2.947906614281237125e-04
-1.528849388705566525e-04
-2.843290567398071289e-04
-7.176314102252945304e-05
-1.807436783565208316e-04
-2.845989947672933340e-04
1.507081606177962385e-06
-2.605295594548806548e-05
-8.689981041243299842e-05
-2.436826034681871533e-04
-2.589502946648281068e-05
2.344080858165398240e-04
-3.594516965677030385e-05
-2.106325555359944701e-04
1.270485226996243000e-04
9.686826524557545781e-05
-5.760008207289502025e-05
-3.564856888260692358e-05
1.323071483056992292e-04
1.000604388536885381e-04
7.519741484429687262e-05
3.775301622226834297e-03
4.741751123219728470e-03
5.930944345891475677e-03
1.238457579165697098e-02
1.603204011917114258e-02
1.762314885854721069e-02
2.245995216071605682e-02
2.420154400169849396e-02
3.030151315033435822e-02
3.368959948420524597e-02
3.950915485620498657e-02
4.357136413455009460e-02
5.055258423089981079e-02
5.308520793914794922e-02
5.857297778129577637e-02
6.381452083587646484e-02
7.074310630559921265e-02
8.032602071762084961e-02
7.768837362527847290e-02
9.378304332494735718e-02
9.222459793090820312e-02
1.035043597221374512e-01
1.067218482494354248e-01
1.128336712718009949e-01
1.217307448387145996e-01
1.230894252657890320e-01
1.320473551750183105e-01
1.306245476007461548e-01
1.435118913650512695e-01
1.373877376317977905e-01
1.518347561359405518e-01
1.443870663642883301e-01
1.512853354215621948e-01
1.514341086149215698e-01
1.521293073892593384e-01
1.533518433570861816e-01
1.484717279672622681e-01
1.513306945562362671e-01
1.460021138191223145e-01
1.438726931810379028e-01
1.428351700305938721e-01
1.329963952302932739e-01
1.353175938129425049e-01
1.227362230420112610e-01
1.277378499507904053e-01
1.110587567090988159e-01
1.136054098606109619e-01
1.040937975049018860e-01
1.051656007766723633e-01
9.316647797822952271e-02
9.540913254022598267e-02
8.719822019338607788e-02
8.760311454534530640e-02
8.159434795379638672e-02
7.908279448747634888e-02
7.427335530519485474e-02
7.008962333202362061e-02
6.553624570369720459e-02
5.975141748785972595e-02
5.721183866262435913e-02
4.672158136963844299e-02
4.401894658803939819e-02
3.385117650032043457e-02
3.241056948900222778e-02
2.080779336392879486e-02
1.722713187336921692e-02
9.219826199114322662e-03
2.112786052748560905e-03
1.104245078749954700e-03
-3.308904590085148811e-03
-8.205654099583625793e-03
-1.707512699067592621e-02
-2.537264116108417511e-02
-3.073912858963012695e-02
-3.845863044261932373e-02
-4.209643229842185974e-02
-4.990826547145843506e-02
-5.319350212812423706e-02
-6.233380362391471863e-02
-6.787382066249847412e-02
-6.965117156505584717e-02
-7.787236571311950684e-02
-7.608190178871154785e-02
-8.565820008516311646e-02
-8.361589163541793823e-02
-9.428163617849349976e-02
-8.938659727573394775e-02
-1.026611328125000000e-01
-9.865386784076690674e-02
-1.084024012088775635e-01
-1.096605658531188965e-01
-1.177339777350425720e-01
-1.209945976734161377e-01
-1.272320002317428589e-01
-1.294738054275512695e-01
-1.390315294265747070e-01
-1.376806050539016724e-01
-1.462770104408264160e-01
-1.453128755092620850e-01
-1.522495746612548828e-01
-1.497210562229156494e-01
-1.526950448751449585e-01
-1.537752896547317505e-01
-1.504331380128860474e-01
-1.542479097843170166e-01
-1.470791101455688477e-01
-1.492458134889602661e-01
-1.421353220939636230e-01
-1.407175660133361816e-01
-1.344462782144546509e-01
-1.299446076154708862e-01
-1.262035369873046875e-01
-1.192946881055831909e-01
-1.154577955603599548e-01
-1.071721613407135010e-01
-9.958314150571823120e-02
-9.599353373050689697e-02
-9.032686799764633179e-02
-8.496911078691482544e-02
-7.849061489105224609e-02
-7.091511785984039307e-02
-6.645236164331436157e-02
-5.981000140309333801e-02
-5.206436663866043091e-02
-4.991065338253974915e-02
-4.728285595774650574e-02
-3.735001385211944580e-02
-3.876426070928573608e-02
-2.880676276981830597e-02
-2.731310017406940460e-02
-2.170353382825851440e-02
-1.933338493108749390e-02
-1.284118369221687317e-02
-1.375013589859008789e-02
-8.700675331056118011e-03
-4.940535873174667358e-03
-2.458675764501094818e-03
-1.168983755633234978e-03
-3.294808848295360804e-04
-1.115799605031497777e-04
-1.402360794600099325e-04
1.005154081212822348e-05
-2.237711014458909631e-04
-1.117483407142572105e-04
1.042980074998922646e-04
-1.838160096667706966e-04
1.858769974205642939e-04
3.119943139608949423e-04
-9.106496145250275731e-05
-9.927161954692564905e-06
9.474464604863896966e-05
2.765455574262887239e-04
4.874021688010543585e-04
2.192063257098197937e-04
2.164583129342645407e-04
-6.741366087226197124e-05
1.049881393555551767e-05
4.750214793602935970e-05
3.838372940663248301e-04
2.845292328856885433e-04
-1.454890152672305703e-04
2.971456851810216904e-04
3.360442933626472950e-04
1.867340033641085029e-04
-1.213513678521849215e-04
1.801335311029106379e-04
3.117070300504565239e-04
4.694957460742443800e-04
3.295684000477194786e-04
-3.432964513194747269e-05
-3.566950545064173639e-05
2.946113818325102329e-05
3.097628650721162558e-04
3.061709285248070955e-04
1.799902529455721378e-04
1.100133013096638024e-04
3.080947208218276501e-04
2.400154917268082500e-04
1.580366806592792273e-04
2.943462459370493889e-04
1.722660963423550129e-04
2.562491572462022305e-04
1.347244251519441605e-04
3.663291281554847956e-04
3.395406238269060850e-04
2.186884084949269891e-04
1.872669090516865253e-04
5.670521641150116920e-04
4.110998124815523624e-04
1.300553121836856008e-04
2.417540817987173796e-04
3.885316546075046062e-04
4.108644789084792137e-04
3.494364209473133087e-04
5.851570749655365944e-04
4.272818332538008690e-04
5.568238557316362858e-04
3.499348822515457869e-04
5.404960829764604568e-04
2.389564760960638523e-04
2.562676090747117996e-04
3.356545057613402605e-04
2.257533051306381822e-04
4.201520059723407030e-04
1.273062662221491337e-04
1.778325677150860429e-04
1.858103787526488304e-04
3.663997340481728315e-04
2.355878823436796665e-04
6.445858743973076344e-04
3.854940587189048529e-04
3.525928768794983625e-04
6.479000148829072714e-05
2.596192061901092529e-04
3.779589314945042133e-04
4.300074942875653505e-04
6.210560095496475697e-04
2.794514002744108438e-04
2.109362249029800296e-04
3.169964475091546774e-04
7.546275737695395947e-04
2.662361075635999441e-04
4.637243982870131731e-04
6.422901060432195663e-04
2.248787786811590195e-04
6.428498891182243824e-04
3.649441059678792953e-04
5.906896549277007580e-04
5.509122856892645359e-04
6.901741726323962212e-04
6.542963674291968346e-04
5.573357921093702316e-04
4.201505507808178663e-04
6.702603423036634922e-04
2.525968011468648911e-04
1.682852307567372918e-04
1.693071244517341256e-04
4.069530041306279600e-05
1.988684671232476830e-04
2.331108116777613759e-04
2.187455538660287857e-04
4.628111491911113262e-04
3.249780857004225254e-04
7.523398380726575851e-05
5.905141006223857403e-04
6.185997044667601585e-04
2.728614199440926313e-04
2.419629890937358141e-04
3.114563005510717630e-04
2.042074484052136540e-04
2.721157798077911139e-04
2.990121720358729362e-04
1.142352775787003338e-04
2.541135472711175680e-04
1.795609568944200873e-04
1.922016381286084652e-04
2.431944158161059022e-04
3.435018588788807392e-04
3.382450668141245842e-04
3.002385201398283243e-04
3.299302770756185055e-04
-9.173325088340789080e-05
1.427550596417859197e-04
9.748521551955491304e-05
1.457563048461452127e-04
3.045185294467955828e-04
8.510072948411107063e-04
2.304593217559158802e-04
3.423420712351799011e-04
