-4.656558448914438486e-04
-3.190426388755440712e-03
3.038353752344846725e-03
-1.168223191052675247e-02
-2.690777648240327835e-03
7.350486237555742264e-03
2.681774785742163658e-03
1.565468846820294857e-03
5.390914157032966614e-03
-2.311090705916285515e-03
6.097508594393730164e-03
4.328258335590362549e-03
5.058990325778722763e-03
7.335018366575241089e-03
9.792016353458166122e-04
-7.719277637079358101e-04
1.884063589386641979e-03
-1.049763336777687073e-02
8.135376265272498131e-04
4.811381921172142029e-03
3.929753787815570831e-03
3.632269334048032761e-03
9.908295236527919769e-03
3.225120948627591133e-03
4.318979103118181229e-03
4.482368938624858856e-03
1.043251063674688339e-02
6.270279176533222198e-03
5.385680124163627625e-03
-1.282723853364586830e-03
3.250344470143318176e-02
1.956418529152870178e-02
5.031863693147897720e-03
6.141872145235538483e-03
8.539054542779922485e-03
4.397907294332981110e-03
3.640033770352602005e-03
6.944269407540559769e-03
4.019886720925569534e-03
8.009237237274646759e-03
5.039917770773172379e-03
8.256853558123111725e-03
3.690504003316164017e-03
1.044245157390832901e-02
3.919161856174468994e-03
1.118964143097400665e-02
1.103910151869058609e-02
1.911973953247070312e-02
1.048327609896659851e-02
1.208358630537986755e-02
7.217507809400558472e-03
1.770948991179466248e-03
8.472087793052196503e-03
8.945476263761520386e-03
2.293625439051538706e-04
3.842952474951744080e-02
1.309855282306671143e-02
9.804247878491878510e-03
4.573830403387546539e-03
4.366421140730381012e-03
5.125635769218206406e-03
2.454308792948722839e-02
1.221736893057823181e-02
2.179511589929461479e-03
7.463159039616584778e-03
1.163492351770401001e-02
-1.024161279201507568e-02
-6.975930184125900269e-03
5.914086475968360901e-03
6.765710189938545227e-03
6.776667200028896332e-03
4.252936050761491060e-04
7.705260533839464188e-03
7.009790278971195221e-03
1.282416633330285549e-03
6.924966815859079361e-03
4.223847761750221252e-03
7.475605234503746033e-03
9.443487972021102905e-03
1.000650133937597275e-02
1.111408043652772903e-02
1.130994502454996109e-02
5.868799518793821335e-03
-1.352075953036546707e-03
-4.050502611789852381e-04
-8.639256469905376434e-03
1.080606319010257721e-02
-8.027149364352226257e-03
-1.773332245647907257e-03
1.489989180117845535e-02
8.507464081048965454e-03
1.255184505134820938e-02
8.345545502379536629e-04
1.149246562272310257e-02
-1.476233359426259995e-02
6.504488410428166389e-04
8.495647460222244263e-03
3.160838503390550613e-03
3.601632779464125633e-03
9.712995029985904694e-03
3.867050108965486288e-04
8.977445773780345917e-03
8.168168365955352783e-03
5.812512245029211044e-03
3.008647356182336807e-03
-5.984249059110879898e-03
5.577974021434783936e-03
1.186503283679485321e-02
5.353844724595546722e-03
-7.226304151117801666e-03
-5.656540859490633011e-03
3.771304851397871971e-03
1.284984406083822250e-02
-2.504101581871509552e-02
9.470519609749317169e-03
-2.044744789600372314e-02
-8.731257403269410133e-04
1.163842063397169113e-02
5.887011531740427017e-03
-4.780444782227277756e-03
7.415387779474258423e-03
-5.960890091955661774e-03
-3.316343063488602638e-03
2.204886265099048615e-02
-3.318295348435640335e-04
9.693124331533908844e-03
9.094115346670150757e-03
3.852943424135446548e-03
1.407636562362313271e-03
1.938881725072860718e-02
1.094494573771953583e-02
-3.700367640703916550e-03
1.107112504541873932e-03
-1.398280076682567596e-02
-9.457727894186973572e-03
-1.558982534334063530e-03
-1.686409302055835724e-02
1.504066865891218185e-02
-1.824724604375660419e-03
6.968320813030004501e-03
6.102913059294223785e-03
9.617903851903975010e-04
-3.044775873422622681e-02
-1.428716070950031281e-02
2.726005762815475464e-02
2.835333871189504862e-04
2.426574192941188812e-02
1.394988689571619034e-02
-2.228454919531941414e-03
-9.065500926226377487e-04
9.231270290911197662e-03
7.275307085365056992e-03
-3.427120670676231384e-02
-1.124534010887145996e-02
3.715034108608961105e-03
-4.079955443739891052e-02
1.633598469197750092e-02
-1.942018978297710419e-02
-5.636456236243247986e-02
-2.674844861030578613e-02
-3.178353980183601379e-02
2.988827414810657501e-03
-2.798615023493766785e-03
-1.374937687069177628e-02
-2.287402749061584473e-02
-1.999367773532867432e-02
7.589582819491624832e-03
-2.116972021758556366e-02
-2.966768480837345123e-02
-5.195610225200653076e-03
-2.620774693787097931e-02
-3.265501558780670166e-02
1.198268774896860123e-02
-3.237261250615119934e-02
-2.723098173737525940e-02
5.351310130208730698e-03
-1.618588343262672424e-02
3.571707010269165039e-02
-2.234069071710109711e-02
-2.357449755072593689e-02
6.629022955894470215e-02
-1.785020157694816589e-02
-5.023138970136642456e-02
7.634145673364400864e-03
-1.620368659496307373e-02
-6.286786496639251709e-02
8.659938350319862366e-03
-1.754278503358364105e-02
2.324013039469718933e-03
8.662988990545272827e-02
-6.173703074455261230e-02
-3.317304700613021851e-02
6.154229491949081421e-02
-5.193332210183143616e-02
-4.347390681505203247e-02
9.233745187520980835e-02
-6.700699031352996826e-02
6.891249865293502808e-02
7.465374469757080078e-02
-9.799699485301971436e-02
-4.893134161829948425e-02
4.510244727134704590e-02
3.802541643381118774e-02
3.298338130116462708e-02
7.761509716510772705e-02
9.114819765090942383e-02
3.766468539834022522e-02
3.699633479118347168e-02
-4.811809584498405457e-02
1.037249993532896042e-02
6.155408918857574463e-03
-6.122207269072532654e-02
-3.118206001818180084e-02
1.652566529810428619e-02
-3.698965301737189293e-03
4.593682289123535156e-02
-2.061221934854984283e-02
2.867555804550647736e-02
5.664721596986055374e-03
-1.000093575567007065e-02
-5.826005712151527405e-02
-5.982552841305732727e-02
4.896092414855957031e-02
-4.772713035345077515e-02
2.403440512716770172e-02
-2.003972977399826050e-02
3.654976189136505127e-02
1.309923920780420303e-02
2.398978918790817261e-02
8.136388845741748810e-03
2.129822596907615662e-02
-6.074602250009775162e-03
-2.767808176577091217e-02
-1.600082963705062866e-02
-4.329127259552478790e-03
2.269894443452358246e-02
-1.471234951168298721e-02
-1.349903410300612450e-03
-7.691984064877033234e-03
-1.176757924258708954e-02
5.980862770229578018e-03
-1.011479063890874386e-03
-7.038404000923037529e-04
-3.433671966195106506e-02
-8.369423449039459229e-05
-3.564997389912605286e-02
-3.794169169850647449e-04
1.748507469892501831e-02
8.100025355815887451e-03
-1.682042703032493591e-02
-8.494504727423191071e-03
3.289222950115799904e-03
-2.448738366365432739e-02
-9.292057715356349945e-03
-1.109652873128652573e-02
1.647346885874867439e-03
-1.085387048078700900e-04
-1.210996601730585098e-02
-8.072734810411930084e-03
-1.429193466901779175e-02
1.095258910208940506e-02
-3.174175217282027006e-04
1.456431113183498383e-03
3.237557038664817810e-02
-4.112777300179004669e-03
-6.690417416393756866e-03
-1.847851835191249847e-02
-6.595947779715061188e-03
-1.238042954355478287e-02
-4.068924579769372940e-03
6.316904444247484207e-03
4.283827263861894608e-03
3.201243234798312187e-03
6.302564870566129684e-03
-4.285302013158798218e-03
1.882877550087869167e-03
9.297213517129421234e-03
2.997191157191991806e-03
6.560382898896932602e-03
1.229036413133144379e-02
6.366775836795568466e-03
2.637580269947648048e-03
-4.342352040112018585e-03
-1.345763797871768475e-03
2.559527638368308544e-04
8.908764459192752838e-03
1.530282665044069290e-03
-1.168305333703756332e-02
3.374283842276781797e-04
-3.460849635303020477e-03
-8.068555966019630432e-03
2.018937654793262482e-02
4.963421728461980820e-03
4.202550742775201797e-03
1.063212472945451736e-02
1.297461427748203278e-02
1.801765710115432739e-02
-6.269595585763454437e-03
1.304236589930951595e-03
-7.683568634092807770e-03
1.310068182647228241e-03
7.479688152670860291e-03
-1.673938939347863197e-03
-1.274663722142577171e-03
-1.104006543755531311e-03
-5.331852938979864120e-03
7.019953336566686630e-04
-8.916606311686336994e-04
2.577450941316783428e-04
-5.021979566663503647e-03
-4.735537339001893997e-03
6.662292871624231339e-04
3.041045740246772766e-03
5.610293708741664886e-03
-5.923780146986246109e-03
3.986927215009927750e-03
1.327521749772131443e-03
-2.711064647883176804e-03
1.495607197284698486e-03
-7.286756299436092377e-03
-1.280825026333332062e-02
-2.116628456860780716e-03
-6.928003858774900436e-04
6.239513750188052654e-04
-1.480626990087330341e-03
-1.455675903707742691e-02
-1.675839885137975216e-03
-6.153292953968048096e-03
2.700648736208677292e-03
-4.816435277462005615e-03
-8.067628368735313416e-03
2.450942294672131538e-03
-5.883045960217714310e-03
-4.041067324578762054e-03
-4.878472536802291870e-03
-1.091113779693841934e-02
-4.220202099531888962e-03
-7.145333569496870041e-03
-3.457981348037719727e-02
-1.136609725654125214e-02
-4.785091616213321686e-03
-6.348373834043741226e-03
-1.665970194153487682e-03
-1.264875102788209915e-02
-9.988244622945785522e-03
-7.920435629785060883e-03
-3.309170017018914223e-03
-3.515664953738451004e-03
-4.155412316322326660e-03
-7.769926451146602631e-03
-3.642866760492324829e-02
-9.940216317772865295e-03
-6.493548303842544556e-02
-1.157170441001653671e-02
3.687382861971855164e-02
-2.926070941612124443e-03
-1.933762244880199432e-02
-1.887478306889533997e-02
-6.044276989996433258e-03
-1.052952557802200317e-02
1.016085408627986908e-02
-9.349044994451105595e-04
7.895208895206451416e-03
-1.006075087934732437e-02
-2.311609685420989990e-02
-9.393466636538505554e-03
-6.503851152956485748e-03
-1.960321562364697456e-03
-3.697159467265009880e-03
-2.039539255201816559e-02
-5.316883791238069534e-03
-3.462838707491755486e-03
-8.399658836424350739e-03
-5.536610726267099380e-03
3.085253573954105377e-02
-3.348567755892872810e-03
-1.972048357129096985e-02
-6.294723600149154663e-03
-5.969136487692594528e-03
-9.582896716892719269e-03
-7.725345902144908905e-03
-4.887634888291358948e-03
1.043074225890450180e-04
-4.159381147474050522e-03
-9.230024181306362152e-03
-8.672268013469874859e-04
8.196539711207151413e-04
-1.136088743805885315e-03
-9.377542883157730103e-03
-3.953852225095033646e-03
-3.539299126714468002e-03
-2.274202927947044373e-02
-8.625295944511890411e-03
-7.125315722078084946e-03
6.873385049402713776e-03
5.162263289093971252e-03
-4.164597950875759125e-03
-1.148328767158091068e-03
-7.496652193367481232e-03
-1.369039178825914860e-03
2.136583061655983329e-04
