-6.136960000731050968e-04
-7.040645577944815159e-04
-1.626583863981068134e-03
-1.044600503519177437e-03
-1.217176788486540318e-03
-1.449311617761850357e-03
-1.472593285143375397e-03
-1.559357158839702606e-03
-1.018773298710584641e-03
-1.492000417783856392e-03
-5.587275372818112373e-04
-1.335833454504609108e-03
-1.488584442995488644e-03
-1.435011508874595165e-03
-1.672831247560679913e-03
-1.454499433748424053e-04
-1.660587149672210217e-03
-1.751218689605593681e-03
-8.968163747340440750e-04
-1.581262447871267796e-03
-6.701974198222160339e-04
-1.503532694187015295e-04
-4.987746360711753368e-04
-1.813986338675022125e-03
-1.168233691714704037e-03
-1.871127169579267502e-03
-1.459859777241945267e-03
-1.271785935387015343e-03
-1.444484223611652851e-03
-8.706217631697654724e-04
-1.362594077363610268e-03
-1.285879057832062244e-03
-5.669763195328414440e-04
-5.561402067542076111e-04
-7.037238683551549911e-04
-3.488832735456526279e-04
-7.668666075915098190e-04
-1.151028787717223167e-03
-1.827136613428592682e-03
-8.817042107693850994e-04
-8.614603430032730103e-04
-1.335794106125831604e-03
-1.125373644754290581e-03
-1.499279867857694626e-03
-1.721059437841176987e-03
-1.579834497533738613e-03
-1.311472849920392036e-03
-1.544985454529523849e-03
-1.088284188881516457e-03
-1.255423878319561481e-03
-9.240747895091772079e-04
-1.256900723092257977e-03
-1.594294211827218533e-03
-9.844118030741810799e-04
-1.233270391821861267e-03
-6.051445379853248596e-04
-1.174467382952570915e-03
-1.868438092060387135e-03
-1.146629801951348782e-03
-1.181537169031798840e-03
-1.641042297706007957e-03
-8.580984431318938732e-04
-1.404334558174014091e-03
-1.307426253333687782e-03
-1.407140283845365047e-03
-1.455862889997661114e-03
-1.799276564270257950e-03
-1.640543807297945023e-03
-1.058829599060118198e-03
-1.378870336338877678e-03
-1.912934123538434505e-03
-1.324712997302412987e-03
-1.414526603184640408e-03
-1.758316531777381897e-03
-1.755158649757504463e-03
-6.456987466663122177e-04
-3.736907383427023888e-04
-3.936370776500552893e-04
-1.607373822480440140e-03
-1.774855656549334526e-03
-1.291798311285674572e-03
-1.128842006437480450e-03
-1.367153017781674862e-03
-6.134700961410999298e-04
-8.931272313930094242e-04
-1.313008484430611134e-03
-1.761222491040825844e-03
-1.249839202500879765e-03
-1.333251944743096828e-03
-8.609276846982538700e-04
-8.967515313997864723e-04
-1.560448436066508293e-03
-1.161419204436242580e-03
-1.183130196295678616e-03
-1.327060628682374954e-03
-1.342495321296155453e-03
-1.655816333368420601e-03
-1.421235618181526661e-03
-6.267632124945521355e-04
-1.426283037289977074e-03
-1.368865137919783592e-03
-1.703649992123246193e-03
-1.334237866103649139e-03
-1.737186452373862267e-03
-1.195463933981955051e-03
-3.075354907196015120e-04
-1.000861520878970623e-03
-1.353711588308215141e-03
-7.105069817043840885e-04
-1.635397202335298061e-03
-1.264126505702733994e-03
-8.362015360035002232e-04
-1.050915452651679516e-03
-8.547540055587887764e-04
-6.054695695638656616e-04
-1.751964562572538853e-03
-1.225316314958035946e-03
-1.452336553484201431e-03
-8.865633863024413586e-04
-1.568866544403135777e-03
-1.468639355152845383e-03
-1.275382703170180321e-03
-1.247006002813577652e-03
-1.772767398506402969e-03
-8.333227015100419521e-04
-6.970654358156025410e-04
-7.633490604348480701e-04
-1.128384028561413288e-03
-1.013424945995211601e-03
1.005613084998913109e-04
-3.614559827838093042e-04
-1.808324130252003670e-03
-1.440046238712966442e-03
-8.450226159766316414e-04
-6.563009810633957386e-04
-4.667039320338517427e-04
-4.806550805369624868e-06
3.877036739140748978e-03
6.739914882928133011e-03
7.653479930013418198e-03
1.399087160825729370e-02
1.500767283141613007e-02
2.114239335060119629e-02
2.115255966782569885e-02
2.879669889807701111e-02
3.441415354609489441e-02
3.605104237794876099e-02
4.243681579828262329e-02
5.019436776638031006e-02
5.808728933334350586e-02
6.060260161757469177e-02
6.909680366516113281e-02
7.210550457239151001e-02
8.475952595472335815e-02
8.893541246652603149e-02
9.601952880620956421e-02
1.043417602777481079e-01
1.082900166511535645e-01
1.193113252520561218e-01
1.240195482969284058e-01
1.294127553701400757e-01
1.360658705234527588e-01
1.465616524219512939e-01
1.461664438247680664e-01
1.540056914091110229e-01
1.563906967639923096e-01
1.612772047519683838e-01
1.621648073196411133e-01
1.595652401447296143e-01
1.573373526334762573e-01
1.620250493288040161e-01
1.575445085763931274e-01
1.548015177249908447e-01
1.501518338918685913e-01
1.473076641559600830e-01
1.390293538570404053e-01
1.388088464736938477e-01
1.256127357482910156e-01
1.207927241921424866e-01
1.127610057592391968e-01
1.096917241811752319e-01
9.844487905502319336e-02
9.630770236253738403e-02
9.203394502401351929e-02
8.953307569026947021e-02
8.399666100740432739e-02
7.926507294178009033e-02
7.925501465797424316e-02
7.271979749202728271e-02
6.908240169286727905e-02
6.383287161588668823e-02
5.800881609320640564e-02
5.311177670955657959e-02
4.501558840274810791e-02
3.395584225654602051e-02
3.277074918150901794e-02
2.301890961825847626e-02
1.934779621660709381e-02
1.198343094438314438e-02
5.266215186566114426e-03
1.905263867229223251e-03
-1.066977716982364655e-02
-1.627084240317344666e-02
-1.754418574273586273e-02
-2.496381476521492004e-02
-2.836799435317516327e-02
-3.843178972601890564e-02
-4.323461279273033142e-02
-5.098515748977661133e-02
-5.931249260902404785e-02
-6.645174324512481689e-02
-7.051911950111389160e-02
-7.287461310625076294e-02
-8.032045513391494751e-02
-7.929648458957672119e-02
-8.690498769283294678e-02
-8.685487508773803711e-02
-9.676745533943176270e-02
-9.684794396162033081e-02
-1.018654853105545044e-01
-1.077640056610107422e-01
-1.139994338154792786e-01
-1.212055683135986328e-01
-1.292703002691268921e-01
-1.343555897474288940e-01
-1.422158926725387573e-01
-1.481113582849502563e-01
-1.515364348888397217e-01
-1.537745147943496704e-01
-1.603524386882781982e-01
-1.597849428653717041e-01
-1.631533801555633545e-01
-1.597484499216079712e-01
-1.628891378641128540e-01
-1.587535887956619263e-01
-1.529579907655715942e-01
-1.531697660684585571e-01
-1.476513296365737915e-01
-1.452178806066513062e-01
-1.362408548593521118e-01
-1.307826638221740723e-01
-1.249313205480575562e-01
-1.175394728779792786e-01
-1.089899912476539612e-01
-1.041600927710533142e-01
-9.567755460739135742e-02
-8.644799143075942993e-02
-8.005285263061523438e-02
-7.158885151147842407e-02
-6.965246051549911499e-02
-6.346786767244338989e-02
-5.623304098844528198e-02
-5.141939222812652588e-02
-4.562703520059585571e-02
-4.011055454611778259e-02
-3.466775640845298767e-02
-2.778379060328006744e-02
-2.545577660202980042e-02
-1.930531486868858337e-02
-1.674265041947364807e-02
-1.067557465285062790e-02
-1.024132128804922104e-02
-4.172557964920997620e-03
-4.388841800391674042e-03
4.096520569873973727e-05
5.636300775222480297e-04
5.541021819226443768e-04
-2.188791841035708785e-04
4.186720470897853374e-04
1.343074021860957146e-03
1.575723523274064064e-03
1.684988616034388542e-03
7.377799483947455883e-04
3.141961060464382172e-04
1.726461108773946762e-03
1.874677021987736225e-03
1.549930311739444733e-03
1.950031379237771034e-03
1.459306804463267326e-03
9.276294731535017490e-04
1.144867157563567162e-03
7.884104270488023758e-04
1.574774971231818199e-03
1.051739905960857868e-03
1.245653256773948669e-03
9.044410544447600842e-04
8.920571417547762394e-04
8.199670701287686825e-04
8.243107004091143608e-04
1.431219978258013725e-03
1.066228956915438175e-03
1.070567057467997074e-03
9.270604350604116917e-04
6.902224267832934856e-04
1.022880780510604382e-03
1.443634624592959881e-03
1.332003041170537472e-03
9.459319990128278732e-04
6.816069944761693478e-04
1.028766739182174206e-03
1.776812830939888954e-03
1.031044987030327320e-03
1.633785315789282322e-03
1.411759993061423302e-03
5.277651362121105194e-04
1.119396998547017574e-03
1.593173015862703323e-03
9.006488835439085960e-04
1.124646631069481373e-03
6.501380703411996365e-04
5.182876484468579292e-04
1.113113132305443287e-03
1.482034218497574329e-03
1.862426288425922394e-03
1.705598551779985428e-03
6.907253409735858440e-04
1.194926211610436440e-03
1.519849058240652084e-03
1.090120524168014526e-03
1.759817823767662048e-03
1.859474810771644115e-03
2.255206461995840073e-03
1.486489782109856606e-03
1.162740984000265598e-03
1.562588731758296490e-03
1.798409619368612766e-03
1.406519790180027485e-03
9.926503989845514297e-04
1.853706897236406803e-03
1.304178731516003609e-03
5.770802381448447704e-04
6.204668316058814526e-04
9.855825919657945633e-04
9.856581455096602440e-04
1.791508519090712070e-03
1.657251268625259399e-03
1.742342486977577209e-03
1.202980638481676579e-03
9.355956572107970715e-04
1.390057615935802460e-03
1.496800570748746395e-03
7.186966831795871258e-04
1.543445629067718983e-03
2.185135381296277046e-03
1.501211430877447128e-03
7.958123460412025452e-04
5.543300067074596882e-04
5.826784763485193253e-04
1.486956491135060787e-03
1.316367764957249165e-03
1.584978657774627209e-03
1.484472770243883133e-03
1.030317507684230804e-03
3.065616183448582888e-04
7.776175043545663357e-04
1.004366786219179630e-03
1.367794815450906754e-03
1.097381114959716797e-03
4.506486293394118547e-04
1.154340687207877636e-03
1.720127649605274200e-03
1.346715027466416359e-03
1.474053249694406986e-03
1.190764713101089001e-03
1.313196029514074326e-03
1.360449590720236301e-03
5.033237976022064686e-04
8.011559257283806801e-04
1.451079268008470535e-03
1.518243225291371346e-03
7.232150528579950333e-04
1.143732806667685509e-03
1.622400479391217232e-03
1.491491449996829033e-03
1.428898191079497337e-03
9.011345682665705681e-04
1.776020159013569355e-03
2.815596235450357199e-04
1.185663510113954544e-03
1.474973512813448906e-03
1.787647255696356297e-03
1.298304297961294651e-03
8.778381743468344212e-04
9.807717287912964821e-04
1.249746419489383698e-03
1.848514541052281857e-03
4.453055444173514843e-04
1.962445210665464401e-03
6.119110621511936188e-04
1.514723640866577625e-03
1.358380657620728016e-03
1.014525303617119789e-03
5.967833567410707474e-04
1.498435391113162041e-03
1.225100131705403328e-03
-7.236385135911405087e-05
6.613881560042500496e-04
1.787240267731249332e-03
1.786429784260690212e-03
1.980297733098268509e-03
4.953603493049740791e-04
