-6.843692244729027152e-05
-5.558273915085010231e-05
-3.549506072886288166e-04
1.116158557124435902e-03
6.962864426895976067e-04
3.208522102795541286e-04
-2.944674051832407713e-04
-3.749994721147231758e-05
2.805124386213719845e-04
-1.916313631227239966e-04
-3.594922891352325678e-04
2.275449514854699373e-04
3.794938966166228056e-04
1.305445621255785227e-04
-1.667226024437695742e-04
4.650309565477073193e-04
4.370774549897760153e-04
-2.611621457617729902e-04
-5.344149540178477764e-04
1.231600472237914801e-04
-2.263124479213729501e-04
-2.256590960314497352e-04
-8.952628559200093150e-05
4.688142216764390469e-04
7.330756052397191525e-04
5.751021672040224075e-04
2.060154511127620935e-04
-2.465395373292267323e-04
1.243108126800507307e-04
2.708870160859078169e-04
-3.398732515051960945e-04
-3.977290180046111345e-04
-2.904802095144987106e-04
-3.084407944697886705e-04
2.699309261515736580e-04
-1.121882742154411972e-04
-4.019245097879320383e-04
-2.241543552372604609e-04
-4.486609832383692265e-04
-7.874756556702777743e-05
-3.290288732387125492e-04
-4.111591260880231857e-04
2.642951149027794600e-04
-9.533550473861396313e-05
-1.538889482617378235e-04
4.068746420671232045e-05
3.665143449325114489e-04
-1.029592167469672859e-04
-1.733085082378238440e-04
1.103281465475447476e-04
-1.129530501202680171e-04
-3.230333095416426659e-04
-2.773154701571911573e-04
-3.760861000046133995e-04
-6.142989877844229341e-05
-2.651011345733422786e-05
-2.654503259691409767e-05
4.266836185706779361e-05
1.350086677120998502e-06
-1.848157580752740614e-06
-4.797570873051881790e-04
2.777189947664737701e-04
9.452241356484591961e-04
-3.440525324549525976e-05
1.336961722699925303e-04
-3.276427451055496931e-04
2.131377914338372648e-05
5.024002894060686231e-05
-3.659185022115707397e-04
-2.298574545420706272e-04
1.874128647614270449e-04
-3.553193528205156326e-04
-8.799676288617774844e-05
-2.381687663728371263e-04
-3.786241868510842323e-04
-3.189096169080585241e-04
8.034393249545246363e-05
4.799740563612431288e-04
7.822528277756646276e-05
1.582008117111399770e-04
5.250507965683937073e-04
5.682309856638312340e-04
4.842490307055413723e-04
-4.102836828678846359e-04
-5.169907817617058754e-04
-2.212538965977728367e-04
2.657906406966503710e-05
-2.881525433622300625e-04
-4.976417985744774342e-04
-3.898155046044848859e-05
4.088904825039207935e-05
-4.473948793020099401e-04
-2.365204709349200130e-04
-3.926720237359404564e-04
-4.943415406160056591e-04
-2.762241347227245569e-04
-3.107766970060765743e-04
-6.338597158901393414e-04
-6.398497498594224453e-04
5.454504207591526210e-05
3.682932001538574696e-04
-6.341460539260879159e-05
-5.420086090452969074e-04
-3.450216318015009165e-04
-1.170093091786839068e-04
-5.594340473180636764e-05
-5.131533253006637096e-04
-4.352287796791642904e-04
-3.282911784481257200e-04
-3.351044724695384502e-04
4.692003858508542180e-05
-9.912341192830353975e-05
-4.021060885861515999e-04
-1.949901197804138064e-04
-1.943299721460789442e-04
-2.843648835550993681e-04
1.590666033735033125e-05
-5.391796003095805645e-04
-3.228046407457441092e-04
-1.721274165902286768e-04
1.457104372093454003e-04
-1.407478412147611380e-04
-2.906518348027020693e-04
-3.509355301503092051e-04
2.174183755414560437e-04
2.601170854177325964e-04
-2.338693229830823839e-05
4.936271943734027445e-05
1.687929616309702396e-04
2.839823137037456036e-04
3.216541605070233345e-03
6.801956798881292343e-03
4.084012936800718307e-03
1.932040415704250336e-02
1.206215471029281616e-02
2.129655145108699799e-02
2.243063226342201233e-02
2.901234291493892670e-02
3.399994969367980957e-02
3.661103174090385437e-02
4.200662299990653992e-02
4.797825589776039124e-02
5.141059681773185730e-02
5.666293948888778687e-02
6.153780966997146606e-02
6.939231604337692261e-02
7.134898006916046143e-02
8.259600400924682617e-02
8.305267244577407837e-02
9.658108651638031006e-02
9.032073616981506348e-02
1.054189354181289673e-01
1.028692349791526794e-01
1.146126687526702881e-01
1.075942367315292358e-01
1.246885284781455994e-01
1.195150986313819885e-01
1.280461251735687256e-01
1.233450546860694885e-01
1.355312168598175049e-01
1.338899433612823486e-01
1.411976665258407593e-01
1.320437341928482056e-01
1.416458636522293091e-01
1.383333206176757812e-01
1.450255513191223145e-01
1.364619731903076172e-01
1.431174725294113159e-01
1.339354515075683594e-01
1.381791532039642334e-01
1.344149410724639893e-01
1.280288547277450562e-01
1.301217377185821533e-01
1.179539784789085388e-01
1.201455071568489075e-01
1.162393614649772644e-01
1.106122061610221863e-01
1.081782281398773193e-01
9.970811754465103149e-02
1.027004122734069824e-01
9.519120305776596069e-02
9.529139846563339233e-02
9.011942148208618164e-02
8.371740579605102539e-02
8.324681222438812256e-02
7.428456842899322510e-02
7.530110329389572144e-02
6.766466051340103149e-02
7.096701115369796753e-02
5.155104771256446838e-02
6.277754157781600952e-02
4.425509274005889893e-02
4.522761702537536621e-02
3.504584729671478271e-02
3.116117045283317566e-02
2.922155521810054779e-02
1.971246488392353058e-02
1.927133277058601379e-02
1.007687579840421677e-02
4.485256038606166840e-03
1.917994231916964054e-04
-3.484135493636131287e-03
-1.352690253406763077e-02
-1.485208701342344284e-02
-2.668605744838714600e-02
-2.480949833989143372e-02
-3.513334318995475769e-02
-3.404818102717399597e-02
-4.624175652861595154e-02
-4.487046599388122559e-02
-5.830237641930580139e-02
-5.910086259245872498e-02
-6.768506020307540894e-02
-6.630124896764755249e-02
-7.618671655654907227e-02
-7.749747484922409058e-02
-8.164376020431518555e-02
-8.467271924018859863e-02
-8.825635164976119995e-02
-9.159055352210998535e-02
-9.476691484451293945e-02
-1.025879308581352234e-01
-1.015743687748908997e-01
-1.073366627097129822e-01
-1.120959743857383728e-01
-1.166748926043510437e-01
-1.183800324797630310e-01
-1.274031549692153931e-01
-1.277436167001724243e-01
-1.302945762872695923e-01
-1.343838125467300415e-01
-1.358350962400436401e-01
-1.351867020130157471e-01
-1.413334757089614868e-01
-1.356896758079528809e-01
-1.412694603204727173e-01
-1.382211297750473022e-01
-1.352504789829254150e-01
-1.394360810518264771e-01
-1.367695480585098267e-01
-1.303965300321578979e-01
-1.323246955871582031e-01
-1.272377669811248779e-01
-1.272613108158111572e-01
-1.239607110619544983e-01
-1.169572994112968445e-01
-1.119529306888580322e-01
-1.126563549041748047e-01
-1.036018207669258118e-01
-1.013464182615280151e-01
-9.405197203159332275e-02
-8.897816389799118042e-02
-8.506029099225997925e-02
-8.019121736288070679e-02
-7.343352586030960083e-02
-6.566094607114791870e-02
-6.364856660366058350e-02
-5.827381089329719543e-02
-4.731678217649459839e-02
-5.200953036546707153e-02
-3.665004298090934753e-02
-4.384171590209007263e-02
-2.549530938267707825e-02
-3.201101347804069519e-02
-2.509165182709693909e-02
-1.927709020674228668e-02
-1.387217454612255096e-02
-1.769672706723213196e-02
-2.875606529414653778e-03
-1.141436956822872162e-02
-1.414035796187818050e-03
-3.511419985443353653e-03
-6.368650065269321203e-05
-2.259814646095037460e-04
-3.513095725793391466e-04
8.658194565214216709e-05
2.349953720113262534e-04
1.060153081198222935e-04
2.928315370809286833e-04
5.863444530405104160e-04
3.364732256159186363e-04
2.602201711852103472e-04
4.079915524926036596e-04
2.986484614666551352e-04
-3.171287607983686030e-05
2.131847722921520472e-04
2.779033675324171782e-04
5.416281055659055710e-05
4.458920157048851252e-04
1.385940267937257886e-04
7.179215899668633938e-04
7.336832932196557522e-04
6.867781048640608788e-04
4.926898400299251080e-04
4.328976210672408342e-04
2.248166565550491214e-04
-1.218776160385459661e-04
1.525286643300205469e-04
4.028225084766745567e-04
5.002327379770576954e-04
7.843321654945611954e-04
4.646304878406226635e-04
5.731296841986477375e-04
1.730605581542477012e-04
2.547523181419819593e-04
1.155956633738242090e-04
1.230359430337557569e-05
3.279499360360205173e-04
-6.208405102370306849e-05
3.156858729198575020e-04
-9.351183689432218671e-05
2.070569898933172226e-04
-1.688184565864503384e-04
1.843696663854643703e-04
-8.095819794107228518e-05
8.221462485380470753e-05
-1.059229471138678491e-04
1.239002303918823600e-04
1.255269889952614903e-04
9.347016020910814404e-05
-3.770814146264456213e-05
5.022727418690919876e-04
4.155382339376956224e-04
3.552635898813605309e-04
-1.153507128037745133e-06
2.773407904896885157e-04
4.666518943849951029e-04
2.926953020505607128e-04
4.974076291546225548e-04
3.596130991354584694e-04
8.393741154577583075e-05
2.578833373263478279e-04
3.831670910585671663e-04
3.353211213834583759e-04
2.131695655407384038e-04
2.855249294952955097e-05
4.826216900255531073e-04
5.770730786025524139e-04
2.499070833437144756e-04
5.407385178841650486e-04
8.125677413772791624e-05
4.425400693435221910e-04
3.330100298626348376e-05
-3.456908161751925945e-04
2.925800217781215906e-04
5.038058152422308922e-04
5.163382156752049923e-04
3.893890534527599812e-04
3.936108842026442289e-04
3.466750204097479582e-04
4.105419793631881475e-04
2.853583428077399731e-04
-2.532462713134009391e-05
6.815457600168883801e-04
4.578932130243629217e-04
-9.193616278935223818e-05
2.414434275124222040e-04
2.644480846356600523e-04
-1.765742199495434761e-04
-2.382674028922338039e-05
4.618219390977174044e-04
-8.369645365746691823e-05
2.098251861752942204e-04
4.037886974401772022e-04
-1.000073680188506842e-04
2.716795133892446756e-04
8.773244335316121578e-04
8.726879605092108250e-04
8.571370563004165888e-05
-2.532921207603067160e-04
6.639148923568427563e-04
4.419375618454068899e-04
1.240048877662047744e-04
4.804531345143914223e-04
3.258255310356616974e-04
-7.527841808041557670e-05
-3.252383903600275517e-04
8.417612116318196058e-05
4.950845614075660706e-04
1.987546565942466259e-04
3.877018170896917582e-04
-3.150897100567817688e-04
2.647126384545117617e-04
-2.947523607872426510e-04
-5.321211065165698528e-04
2.038667662418447435e-05
-2.139544521924108267e-04
2.768397680483758450e-04
-1.109704026021063328e-04
1.406343926646513864e-05
2.842171816155314445e-04
3.478494763839989901e-04
-9.013838280225172639e-05
-2.232200495200231671e-04
-1.794821437215432525e-04
-1.013192231766879559e-03
-6.294108461588621140e-04
-2.265604416606947780e-04
4.376068827696144581e-04
-1.888534025056287646e-04
3.004641912411898375e-04
