-9.218904597219079733e-05
-1.681688008829951286e-04
-2.518874850920838071e-07
2.920109545812010765e-05
-7.251880015246570110e-05
-1.083036986528895795e-04
-2.061398263322189450e-04
-2.749851264525204897e-04
-1.620053226361051202e-04
-1.557260402478277683e-04
-2.477365196682512760e-04
-3.612904038163833320e-05
-2.170004590880125761e-04
-1.035843597492203116e-04
-1.582758413860574365e-04
-5.215736018726602197e-05
-3.169327683281153440e-04
-1.584523852216079831e-04
-2.618305443320423365e-04
-5.140605207998305559e-05
-2.481452247593551874e-04
-4.712885129265487194e-04
-2.696216688491404057e-04
-2.745482779573649168e-04
-2.759237249847501516e-04
-2.639975573401898146e-04
-2.189873630413785577e-04
-4.206220037303864956e-04
-3.420163120608776808e-04
-3.987117379438132048e-04
-2.819272631313651800e-04
-3.951363614760339260e-04
-3.132643469143658876e-04
-3.823905717581510544e-04
-3.114612482022494078e-04
-5.575569230131804943e-04
-2.679743629414588213e-04
-5.135687533766031265e-04
-5.131531506776809692e-04
-7.240412523970007896e-04
-6.488221697509288788e-04
-6.645168177783489227e-04
-6.080520688556134701e-04
-6.088062073104083538e-04
-5.915206274949014187e-04
-6.798844551667571068e-04
-7.945968536660075188e-04
-5.801396328024566174e-04
-6.084210472181439400e-04
-6.815231754444539547e-04
-8.027967996895313263e-04
-9.163905633613467216e-04
-9.149656398221850395e-04
-8.604889735579490662e-04
-7.938946946524083614e-04
-8.409996517002582550e-04
-9.875152027234435081e-04
-8.714993600733578205e-04
-8.960622362792491913e-04
-1.122110174037516117e-03
-1.015308080241084099e-03
-1.183428335934877396e-03
-1.111905439756810665e-03
-1.121031353250145912e-03
-9.459076100029051304e-04
-1.131089287810027599e-03
-1.240662997588515282e-03
-1.152414246462285519e-03
-1.116912346333265305e-03
-1.257542055100202560e-03
-1.300359726883471012e-03
-1.394487568177282810e-03
-1.456772559322416782e-03
-1.511026057414710522e-03
-1.630829647183418274e-03
-1.292261993512511253e-03
-1.472899224609136581e-03
-1.676799147389829159e-03
-1.577089889906346798e-03
-1.672006677836179733e-03
-1.442336011677980423e-03
-1.720663509331643581e-03
-1.772923627868294716e-03
-1.851283246651291847e-03
-1.900353585369884968e-03
-1.921438262797892094e-03
-1.847875420935451984e-03
-2.174217952415347099e-03
-2.139384625479578972e-03
-2.380475169047713280e-03
-2.215529792010784149e-03
-2.215783111751079559e-03
-2.255983883515000343e-03
-2.068228786811232567e-03
-2.356641693040728569e-03
-2.625752240419387817e-03
-2.361983992159366608e-03
-2.467465819790959358e-03
-2.495825756341218948e-03
-2.720213029533624649e-03
-2.743060234934091568e-03
-3.007037565112113953e-03
-2.827534219250082970e-03
-2.704595448449254036e-03
-2.967094536870718002e-03
-3.134010592475533485e-03
-3.426915965974330902e-03
-3.391080535948276520e-03
-3.532712813466787338e-03
-3.736416576430201530e-03
-3.534600138664245605e-03
-3.853453090414404869e-03
-3.661144990473985672e-03
-4.026145674288272858e-03
-4.062587395310401917e-03
-4.077435005456209183e-03
-4.095667973160743713e-03
-4.327682312577962875e-03
-4.684019368141889572e-03
-4.458499141037464142e-03
-4.807999823242425919e-03
-4.911314230412244797e-03
-4.894443321973085403e-03
-5.014749709516763687e-03
-5.129093304276466370e-03
-5.267660599201917648e-03
-5.471696611493825912e-03
-5.560982041060924530e-03
-5.827068351209163666e-03
-5.540967918932437897e-03
-5.740467458963394165e-03
-6.258534733206033707e-03
-6.311859469860792160e-03
-6.546609569340944290e-03
-6.120631936937570572e-03
-6.858406588435173035e-03
-6.648981012403964996e-03
-6.765612401068210602e-03
-7.179796230047941208e-03
-7.463572546839714050e-03
-7.542224600911140442e-03
-7.673417683690786362e-03
-7.792847696691751480e-03
-8.273887448012828827e-03
-7.986913435161113739e-03
-8.441670797765254974e-03
-8.223655633628368378e-03
-8.433585986495018005e-03
-8.843159303069114685e-03
-9.237173944711685181e-03
-8.863253518939018250e-03
-9.525109082460403442e-03
-9.925289079546928406e-03
-9.655119851231575012e-03
-9.826859459280967712e-03
-1.044475007802248001e-02
-1.033603865653276443e-02
-1.066062320023775101e-02
-1.096578780561685562e-02
-1.087365485727787018e-02
-1.107420679181814194e-02
-1.140870805829763412e-02
-1.130413636565208435e-02
-1.218614913523197174e-02
-1.213148422539234161e-02
-1.266679354012012482e-02
-1.261047180742025375e-02
-1.282824762165546417e-02
-1.248872373253107071e-02
-1.340136583894491196e-02
-1.273755263537168503e-02
-1.386100240051746368e-02
-1.408087182790040970e-02
-1.447149179875850677e-02
-1.462241727858781815e-02
-1.470179669559001923e-02
-1.508216653019189835e-02
-1.587791368365287781e-02
-1.639197766780853271e-02
-1.625734381377696991e-02
-1.739033125340938568e-02
-1.753024198114871979e-02
-1.828448288142681122e-02
-1.917891390621662140e-02
-2.018270641565322876e-02
-2.226232923567295074e-02
-2.330271154642105103e-02
-2.469750307500362396e-02
-2.898108214139938354e-02
-2.931487932801246643e-02
-3.139088302850723267e-02
-3.311789408326148987e-02
-3.529147431254386902e-02
-4.437004774808883667e-02
-5.702652782201766968e-02
-6.827203184366226196e-02
-7.853423058986663818e-02
-6.869138777256011963e-02
-8.239195682108402252e-03
-8.234345167875289917e-02
-1.005365699529647827e-02
2.899507235269993544e-04
5.786082148551940918e-02
9.326812624931335449e-02
5.830272287130355835e-02
3.858793899416923523e-02
2.762828767299652100e-02
2.586289308965206146e-02
1.941995508968830109e-02
1.719448156654834747e-02
1.453724130988121033e-02
1.181889511644840240e-02
1.323917228728532791e-02
1.153550762683153152e-02
1.066631078720092773e-02
1.100360602140426636e-02
8.192577399313449860e-03
7.810182869434356689e-03
7.140162866562604904e-03
7.369858678430318832e-03
6.182372104376554489e-03
6.170433945953845978e-03
4.864293150603771210e-03
5.394833628088235855e-03
4.252927843481302261e-03
3.856957191601395607e-03
3.936541266739368439e-03
2.943420317023992538e-03
2.646002685651183128e-03
1.975388266146183014e-03
1.899834256619215012e-03
2.220435999333858490e-03
1.075970474630594254e-03
2.660806057974696159e-04
4.218593530822545290e-04
2.385242114542052150e-04
-1.856931630754843354e-04
-5.636878195218741894e-04
-2.173052489524707198e-04
-9.920058073475956917e-04
-4.109852307010442019e-04
-1.011785934679210186e-03
-1.077880384400486946e-03
-9.106455254368484020e-04
-1.581665244884788990e-03
-1.166726578958332539e-03
-1.602573203854262829e-03
-1.253078109584748745e-03
-2.061851322650909424e-03
-1.629750942811369896e-03
-2.161009237170219421e-03
-1.747249392792582512e-03
-1.712845521979033947e-03
-2.258112886920571327e-03
-2.033315831795334816e-03
-2.237255685031414032e-03
-2.513849642127752304e-03
-2.064457163214683533e-03
-2.200588583946228027e-03
-2.451760461553931236e-03
-2.146795857697725296e-03
-2.516981447115540504e-03
-2.444690093398094177e-03
-2.523780334740877151e-03
-2.489718375727534294e-03
-2.719018841162323952e-03
-2.220011549070477486e-03
-2.137858187779784203e-03
-2.287534764036536217e-03
-2.542510861530900002e-03
-2.079104073345661163e-03
-2.289215568453073502e-03
-2.218830166384577751e-03
-2.094892784953117371e-03
-2.231096616014838219e-03
-2.257745945826172829e-03
-2.046968555077910423e-03
-2.328689675778150558e-03
-1.878655282780528069e-03
-2.023016801103949547e-03
-1.911742030642926693e-03
-2.021817024797201157e-03
-1.726058078929781914e-03
-2.567460760474205017e-03
-1.704301568679511547e-03
-1.555926981382071972e-03
-1.948703313246369362e-03
-1.692581688985228539e-03
-1.580273965373635292e-03
-1.817951095290482044e-03
-1.596747548319399357e-03
-1.442898414097726345e-03
-1.818805932998657227e-03
-1.538168056868016720e-03
-1.488907961174845695e-03
-1.532036811113357544e-03
-1.336580608040094376e-03
-1.322467927820980549e-03
-1.286135753616690636e-03
-1.344857388176023960e-03
-1.318308408372104168e-03
-1.138504361733794212e-03
-1.228293171152472496e-03
-1.162854023277759552e-03
-1.262614619918167591e-03
-1.182943582534790039e-03
-1.221455750055611134e-03
-1.097747008316218853e-03
-8.563436567783355713e-04
-1.124830334447324276e-03
-1.010249136015772820e-03
-1.307220547460019588e-03
-1.151842065155506134e-03
-8.939662948250770569e-04
-1.080908463336527348e-03
-5.397726781666278839e-04
-1.013444270938634872e-03
-6.928715156391263008e-04
-1.012008986435830593e-03
-9.845627937465906143e-04
-1.115686609409749508e-03
-9.718868532218039036e-04
-7.542603998444974422e-04
-8.905496215447783470e-04
-7.529753493145108223e-04
-7.552664028480648994e-04
-7.698658155277371407e-04
-8.687900262884795666e-04
-8.042383706197142601e-04
-5.940491100773215294e-04
-7.203664863482117653e-04
-6.910769152455031872e-04
-8.186385966837406158e-04
-4.880765336565673351e-04
-6.551922415383160114e-04
-5.523965810425579548e-04
-5.277005839161574841e-04
-6.263649556785821915e-04
-7.073552696965634823e-04
-5.239474703557789326e-04
-5.166567279957234859e-04
-4.356874560471624136e-04
-6.271397578530013561e-04
-5.862502148374915123e-04
-5.083447322249412537e-04
-4.285389732103794813e-04
-3.717426443472504616e-04
-6.582048372365534306e-04
-5.047098966315388680e-04
-4.732549714390188456e-04
-3.078691370319575071e-04
-3.387434990145266056e-04
-4.526658158283680677e-04
-5.746451206505298615e-04
-4.571522586047649384e-04
-4.421619232743978500e-04
-3.157528699375689030e-04
-2.715003502089530230e-04
-3.559708129614591599e-04
-3.034359542652964592e-04
-3.776038647629320621e-04
-2.183825854444876313e-04
-2.955686941277235746e-04
-1.373486884403973818e-04
-1.102025926229543984e-04
-3.497572615742683411e-04
-2.557139378041028976e-04
-2.229155506938695908e-04
-2.180122683057561517e-04
-3.904026234522461891e-04
-2.991073997691273689e-04
-2.320068888366222382e-04
-4.134170594625174999e-04
-1.646971650188788772e-04
-1.117662322940304875e-04
-2.290251431986689568e-04
-1.070218277163803577e-04
-1.955441257450729609e-04
-3.064632765017449856e-04
-3.171829666825942695e-05
-3.037691058125346899e-04
4.271432771929539740e-05
4.203720891382545233e-05
-3.387011383892968297e-05
-6.882743764435872436e-05
-3.852015652228146791e-05
-7.182510307757183909e-05
9.566028893459588289e-07
-3.769130853470414877e-05
-3.907016798621043563e-05
2.000804306589998305e-05
-1.852691930253058672e-04
-1.452532451367005706e-04
3.492881296551786363e-05
-5.867582876817323267e-05
-6.106046203058212996e-05
-1.108536889660172164e-04
-5.871919347555376589e-05
-2.745008678175508976e-04
-9.927467908710241318e-05
8.863572293194010854e-05
