-1.579222152940928936e-04
-1.323808974120765924e-04
-1.248036423930898309e-04
-2.007503062486648560e-04
-1.553192851133644581e-04
-1.554449263494461775e-04
-1.836827141232788563e-04
-1.575896603753790259e-04
-1.876768947113305330e-04
-2.170391671825200319e-04
-2.468365419190376997e-04
-2.241373877041041851e-04
-2.743742370512336493e-04
-2.426782011752948165e-04
-2.843782422132790089e-04
-2.545813040342181921e-04
-3.183826920576393604e-04
-3.045840712729841471e-04
-3.546069201547652483e-04
-3.739564854186028242e-04
-3.549888206180185080e-04
-4.304781032260507345e-04
-4.235094820614904165e-04
-4.312687960918992758e-04
-4.033354052808135748e-04
-3.892434178851544857e-04
-4.433515423443168402e-04
-5.074697546660900116e-04
-4.721323202829807997e-04
-4.637346719391644001e-04
-4.555678169708698988e-04
-4.732501110993325710e-04
-4.923264496028423309e-04
-5.554895615205168724e-04
-5.609035142697393894e-04
-5.104055744595825672e-04
-5.160911823622882366e-04
-5.509253242053091526e-04
-4.687486216425895691e-04
-5.556461983360350132e-04
-5.246498039923608303e-04
-5.378850037232041359e-04
-5.701022455468773842e-04
-5.097558023408055305e-04
-5.211216630414128304e-04
-5.181593005545437336e-04
-4.869071708526462317e-04
-5.214576376602053642e-04
-6.115046562626957893e-04
-5.995976389385759830e-04
-4.682030703406780958e-04
-5.118008120916783810e-04
-5.264980718493461609e-04
-4.335949488449841738e-04
-4.642853746190667152e-04
-4.124350962229073048e-04
-4.443718062248080969e-04
-4.262702714186161757e-04
-3.544621868059039116e-04
-3.275760100223124027e-04
-2.900344843510538340e-04
-2.988307096529752016e-04
-2.633584081195294857e-04
-2.340853097848594189e-04
-2.088752225972712040e-04
-1.463953230995684862e-04
-3.843972808681428432e-05
-2.257945925521198660e-05
1.617317502677906305e-05
-5.022493496653623879e-06
1.270563225261867046e-04
1.248131011379882693e-04
1.312155945925042033e-04
2.506040618754923344e-04
3.590729320421814919e-04
3.340439288876950741e-04
3.754871431738138199e-04
5.068825557827949524e-04
4.970202571712434292e-04
6.046670023351907730e-04
7.111660670489072800e-04
7.085650577209889889e-04
8.281772024929523468e-04
9.176931343972682953e-04
9.037473355419933796e-04
1.082491129636764526e-03
1.119864289648830891e-03
1.149539020843803883e-03
1.249996479600667953e-03
1.325777149759232998e-03
1.369985518977046013e-03
1.485282322391867638e-03
1.627316465601325035e-03
1.674605417065322399e-03
1.695747487246990204e-03
1.823308295570313931e-03
1.855474547483026981e-03
1.817042939364910126e-03
1.927606412209570408e-03
2.037447178736329079e-03
2.116937655955553055e-03
2.077935962006449699e-03
2.126890234649181366e-03
2.273587277159094810e-03
2.289410214871168137e-03
2.238085726276040077e-03
2.416154369711875916e-03
2.339026890695095062e-03
2.468547085300087929e-03
2.427250612527132034e-03
2.503735711798071861e-03
2.692738082259893417e-03
2.529808320105075836e-03
2.626558532938361168e-03
2.646670909598469734e-03
2.635365119203925133e-03
2.707863925024867058e-03
2.749641193076968193e-03
2.678069286048412323e-03
2.777119632810354233e-03
2.795385429635643959e-03
2.802243921905755997e-03
2.923501888290047646e-03
2.952356589958071709e-03
2.928817877545952797e-03
3.028002800419926643e-03
3.030078718438744545e-03
3.148804651573300362e-03
3.141031600534915924e-03
3.193868789821863174e-03
3.269927110522985458e-03
3.390066558495163918e-03
3.405980998650193214e-03
3.668653545901179314e-03
3.810894209891557693e-03
3.939407411962747574e-03
4.023785702884197235e-03
4.198171198368072510e-03
4.424953833222389221e-03
4.741339478641748428e-03
4.819758236408233643e-03
5.123400129377841949e-03
5.423562135547399521e-03
5.779813975095748901e-03
5.932419095188379288e-03
6.371474824845790863e-03
6.892293225973844528e-03
7.170867174863815308e-03
7.550257258117198944e-03
7.911985740065574646e-03
8.344065397977828979e-03
8.643263950943946838e-03
8.919555693864822388e-03
9.517814032733440399e-03
9.632533416152000427e-03
9.974296204745769501e-03
1.042156666517257690e-02
1.052780169993638992e-02
1.082651875913143158e-02
1.094856485724449158e-02
1.093290932476520538e-02
1.111683435738086700e-02
1.110491901636123657e-02
1.098554115742444992e-02
1.086974702775478363e-02
1.065090484917163849e-02
1.032412983477115631e-02
9.942968375980854034e-03
9.720725007355213165e-03
9.620575234293937683e-03
9.628471918404102325e-03
9.024847298860549927e-03
9.238473139703273773e-03
9.186510927975177765e-03
9.536253288388252258e-03
9.793765842914581299e-03
1.004668697714805603e-02
1.215450745075941086e-02
1.380085945129394531e-02
1.501616463065147400e-02
1.666625961661338806e-02
1.983368769288063049e-02
2.218496613204479218e-02
2.113167941570281982e-02
2.049343101680278778e-02
1.461679674685001373e-02
1.418848894536495209e-02
1.045552361756563187e-02
1.001803856343030930e-02
2.700837701559066772e-02
4.202362522482872009e-02
5.116209387779235840e-02
6.160103902220726013e-02
7.637947797775268555e-02
4.857922717928886414e-02
9.240455925464630127e-02
1.555727869272232056e-01
6.161982566118240356e-02
4.012610763311386108e-02
-6.283497065305709839e-02
-1.248044073581695557e-01
6.111376732587814331e-02
1.302452944219112396e-02
-5.350071191787719727e-02
4.297577589750289917e-02
-7.904296740889549255e-03
-1.224821880459785461e-01
-5.300223082304000854e-02
-6.325573474168777466e-02
-1.556624285876750946e-02
-7.222537416964769363e-03
2.210420789197087288e-03
1.147877119365148246e-04
-3.366428660228848457e-03
-4.054658114910125732e-03
-8.776309899985790253e-03
-2.919173100963234901e-03
3.897049173247069120e-04
-9.692449239082634449e-04
-7.670930353924632072e-04
1.357205212116241455e-03
1.893598819151520729e-03
2.376162447035312653e-03
2.264715731143951416e-03
1.311672385782003403e-03
1.257258234545588493e-03
4.837399465031921864e-04
6.825781019870191813e-05
-5.096889799460768700e-04
-9.922928875312209129e-04
-1.077233813703060150e-03
-1.505207736045122147e-03
-1.842482248321175575e-03
-1.901604817248880863e-03
-2.112930407747626305e-03
-2.446359489113092422e-03
-2.628915244713425636e-03
-2.778417896479368210e-03
-2.845586510375142097e-03
-3.048653248697519302e-03
-3.209103597328066826e-03
-3.053050721064209938e-03
-3.285506507381796837e-03
-3.281127428635954857e-03
-3.100090194493532181e-03
-3.081688191741704941e-03
-2.881232881918549538e-03
-2.872326644137501717e-03
-2.608805662021040916e-03
-2.340083476155996323e-03
-2.116237999871373177e-03
-2.010470023378729820e-03
-1.645323121920228004e-03
-1.484798151068389416e-03
-1.240496058017015457e-03
-9.724893607199192047e-04
-9.351707412861287594e-04
-7.106054690666496754e-04
-4.666313470806926489e-04
-2.541980647947639227e-04
-2.160356525564566255e-04
-9.692332969279959798e-05
5.167143535800278187e-05
1.994108315557241440e-04
3.051266539841890335e-04
3.332236374262720346e-04
3.096706641372293234e-04
5.059656105004251003e-04
5.545041058212518692e-04
5.833004252053797245e-04
5.774385645054280758e-04
6.522335461340844631e-04
6.216305191628634930e-04
7.262027938850224018e-04
6.878859130665659904e-04
6.466226768679916859e-04
6.526905926875770092e-04
6.741851684637367725e-04
6.160101620480418205e-04
5.903841229155659676e-04
6.378238904289901257e-04
6.228091078810393810e-04
5.785443354398012161e-04
4.724237660411745310e-04
5.139129934832453728e-04
4.439528856892138720e-04
4.745517799165099859e-04
4.153789777774363756e-04
4.420251934789121151e-04
3.524032072164118290e-04
4.411608679220080376e-04
3.493904077913612127e-04
3.781120176427066326e-04
2.798689820338040590e-04
3.278182120993733406e-04
3.154346486553549767e-04
3.257180214859545231e-04
3.380269918125122786e-04
3.654513857327401638e-04
3.609572595451027155e-04
2.699395990930497646e-04
2.786816330626606941e-04
3.360864066053181887e-04
3.431722871027886868e-04
3.316351212561130524e-04
3.264577244408428669e-04
3.332597552798688412e-04
3.586358507163822651e-04
3.832128131762146950e-04
4.205030272714793682e-04
3.881668963003903627e-04
4.298008861951529980e-04
5.074182408861815929e-04
3.780495608225464821e-04
4.831331607419997454e-04
5.539208650588989258e-04
5.156193510629236698e-04
4.511482547968626022e-04
5.261113983578979969e-04
5.565912579186260700e-04
5.346676334738731384e-04
5.203430773690342903e-04
5.432033794932067394e-04
5.898315575905144215e-04
5.596679984591901302e-04
6.581090856343507767e-04
5.989773781038820744e-04
5.773662123829126358e-04
6.118135643191635609e-04
5.960056441836059093e-04
6.449592765420675278e-04
6.097407313063740730e-04
5.252265254966914654e-04
5.750121199525892735e-04
5.407040007412433624e-04
6.136452429927885532e-04
5.596341216005384922e-04
6.029025535099208355e-04
5.844949046149849892e-04
5.809130379930138588e-04
5.627121427096426487e-04
5.585268954746425152e-04
5.400509107857942581e-04
5.043915007263422012e-04
5.598794086836278439e-04
6.092987605370581150e-04
4.957307246513664722e-04
4.889082047156989574e-04
6.041526794433593750e-04
5.158712738193571568e-04
4.969046567566692829e-04
4.902192740701138973e-04
4.861635679844766855e-04
4.927334957756102085e-04
4.985457053408026695e-04
3.980940964538604021e-04
4.669430782087147236e-04
3.767556045204401016e-04
4.501751682255417109e-04
4.282070440240204334e-04
4.059489583596587181e-04
4.453755682334303856e-04
3.990924451500177383e-04
3.817956021521240473e-04
4.018170002382248640e-04
3.723074623849242926e-04
3.436365514062345028e-04
2.943498548120260239e-04
3.008566272910684347e-04
3.049715305678546429e-04
3.097469743806868792e-04
2.915315271820873022e-04
3.451843513175845146e-04
2.338259073439985514e-04
2.485283475834876299e-04
2.563677844591438770e-04
2.011867909459397197e-04
1.959745277417823672e-04
1.902118965517729521e-04
1.987276482395827770e-04
1.673285878496244550e-04
2.119129785569384694e-04
2.084674779325723648e-04
1.900341449072584510e-04
2.154373651137575507e-04
1.550113520352169871e-04
1.370516692986711860e-04
8.664794586366042495e-05
1.335923006990924478e-04
1.082594098988920450e-04
1.024006560328416526e-04
8.090443589026108384e-05
8.119284757412970066e-05
9.625973325455561280e-05
7.926030230009928346e-05
8.030592289287596941e-05
1.344545307802036405e-04
9.652331937104463577e-05
2.758853588602505624e-05
4.513297244557179511e-05
1.402421476086601615e-04
