7.901323842816054821e-04
5.714891594834625721e-04
2.241702313767746091e-04
3.911616804543882608e-04
6.461183656938374043e-04
4.176077491138130426e-04
7.344264304265379906e-04
5.201171734370291233e-04
1.800987956812605262e-05
-6.116180156823247671e-05
4.513190651778131723e-04
5.156022380106151104e-04
5.302187055349349976e-04
4.585800343193113804e-04
8.038531523197889328e-04
6.654055905528366566e-04
2.262972266180440784e-04
1.031092833727598190e-03
9.299620287492871284e-04
1.407379633747041225e-03
5.804722895845770836e-04
1.734706893330439925e-05
-7.445976370945572853e-05
3.280527598690241575e-04
4.180362157057970762e-04
6.537562585435807705e-04
1.277663279324769974e-03
1.165965571999549866e-03
-6.683011451968923211e-05
5.650547682307660580e-04
1.188541995361447334e-03
1.169320545159280300e-03
1.087315729819238186e-03
8.269656100310385227e-04
6.091781542636454105e-04
3.309905296191573143e-04
1.863184443209320307e-04
4.494724562391638756e-04
4.134562041144818068e-04
6.620741332881152630e-04
5.989903002046048641e-04
4.820514295715838671e-04
1.464692875742912292e-03
8.467641309835016727e-04
9.657005430199205875e-04
3.622450458351522684e-04
5.600221338681876659e-04
1.316593261435627937e-03
5.184133187867701054e-04
8.858823566697537899e-04
7.567412103526294231e-04
3.578608157113194466e-04
7.252214709296822548e-04
6.623953231610357761e-04
6.014740793034434319e-04
4.144028935115784407e-04
3.166173701174557209e-04
2.964956511277705431e-04
7.479303749278187752e-04
1.039702212437987328e-03
1.150631927885115147e-03
8.342026267200708389e-04
4.773507243953645229e-04
1.036720816045999527e-03
1.170953502878546715e-03
9.952329855877906084e-05
4.409566754475235939e-04
5.762876826338469982e-04
1.223436673171818256e-03
1.256942632608115673e-03
1.486136025050655007e-04
7.530080038122832775e-04
6.995238363742828369e-04
7.925719837658107281e-04
8.327894611284136772e-04
8.052277844399213791e-04
5.041063996031880379e-04
8.467980660498142242e-04
3.485885681584477425e-04
8.644027402624487877e-04
7.783465553075075150e-04
5.710453260689973831e-04
3.238083154428750277e-04
5.646630306728184223e-04
8.147039916366338730e-04
6.544530624523758888e-04
9.816909441724419594e-04
1.034088083542883396e-03
8.921979460865259171e-04
8.383472450077533722e-04
7.066181860864162445e-04
5.250971880741417408e-04
3.981180489063262939e-04
4.964839317835867405e-04
3.288618754595518112e-04
1.463567605242133141e-04
2.074355143122375011e-04
5.146490875631570816e-04
5.136357503943145275e-04
5.371078150346875191e-04
5.140642169862985611e-04
1.295870053581893444e-03
8.380720391869544983e-04
3.694972838275134563e-04
1.124111004173755646e-03
9.828418260440230370e-04
5.819390644319355488e-04
9.813472861424088478e-04
7.825763896107673645e-04
1.116050872951745987e-03
8.523605065420269966e-04
1.188564230687916279e-03
1.165738445706665516e-03
1.321877934969961643e-03
1.636606990359723568e-03
1.675562700256705284e-03
9.836564771831035614e-03
1.330901053734123707e-03
2.163337729871273041e-02
3.385978750884532928e-03
1.046668831259012222e-02
1.129580941051244736e-02
2.267061918973922729e-02
1.247869804501533508e-03
4.306591674685478210e-02
4.972854629158973694e-03
4.994207248091697693e-02
1.124415360391139984e-02
5.366965755820274353e-02
3.102511167526245117e-02
4.718570411205291748e-02
4.817125573754310608e-02
4.099531099200248718e-02
7.268693298101425171e-02
4.988853633403778076e-02
6.780380010604858398e-02
6.221779063344001770e-02
7.404063642024993896e-02
7.334785908460617065e-02
8.061290532350540161e-02
7.514780759811401367e-02
8.785601705312728882e-02
9.234511852264404297e-02
8.758995682001113892e-02
1.004061773419380188e-01
1.031311675906181335e-01
9.730789065361022949e-02
1.200704574584960938e-01
9.744276851415634155e-02
1.237217038869857788e-01
1.152509748935699463e-01
1.222336813807487488e-01
1.116582751274108887e-01
1.401271522045135498e-01
1.080288514494895935e-01
1.407125592231750488e-01
1.159229427576065063e-01
1.382097601890563965e-01
1.206810548901557922e-01
1.501452773809432983e-01
1.176955178380012512e-01
1.462346613407135010e-01
1.206428930163383484e-01
1.322289705276489258e-01
1.270952671766281128e-01
1.372634619474411011e-01
1.153991222381591797e-01
1.388936638832092285e-01
1.139526665210723877e-01
1.262556761503219604e-01
1.219662204384803772e-01
1.094963699579238892e-01
1.162228360772132874e-01
1.072882860898971558e-01
1.034657061100006104e-01
1.161260679364204407e-01
9.060158580541610718e-02
1.137983053922653198e-01
7.716180384159088135e-02
1.062571629881858826e-01
7.695455104112625122e-02
9.171041846275329590e-02
7.611075788736343384e-02
7.251407951116561890e-02
8.054182678461074829e-02
5.422282218933105469e-02
7.630131393671035767e-02
4.718432202935218811e-02
7.072503119707107544e-02
2.748512476682662964e-02
6.969091296195983887e-02
2.481411956250667572e-02
5.571670830249786377e-02
2.521929703652858734e-02
2.792914025485515594e-02
2.644674293696880341e-02
5.119007546454668045e-03
3.272089734673500061e-02
1.951844780705869198e-03
1.640310045331716537e-03
-1.191082264995202422e-05
-4.834776045754551888e-04
-1.787118613719940186e-02
-1.537005323916673660e-02
-1.539232488721609116e-02
-1.265772618353366852e-02
-4.345345869660377502e-02
-1.883984729647636414e-02
-5.874645337462425232e-02
-3.168220072984695435e-02
-5.386379361152648926e-02
-4.742733389139175415e-02
-5.117757990956306458e-02
-6.804092973470687866e-02
-5.894504860043525696e-02
-6.911627948284149170e-02
-7.563347369432449341e-02
-7.366803288459777832e-02
-7.875274121761322021e-02
-8.589560538530349731e-02
-8.305152505636215210e-02
-8.793065696954727173e-02
-1.014628484845161438e-01
-9.086905419826507568e-02
-1.032733321189880371e-01
-1.065870076417922974e-01
-1.040239632129669189e-01
-1.179525852203369141e-01
-1.099563539028167725e-01
-1.167877987027168274e-01
-1.228809803724288940e-01
-1.264103353023529053e-01
-1.071380227804183960e-01
-1.465417742729187012e-01
-1.173783764243125916e-01
-1.276880651712417603e-01
-1.347643584012985229e-01
-1.210437342524528503e-01
-1.400786191225051880e-01
-1.286372691392898560e-01
-1.207466274499893188e-01
-1.406159996986389160e-01
-1.251115649938583374e-01
-1.240816339850425720e-01
-1.346867978572845459e-01
-1.182703673839569092e-01
-1.266771405935287476e-01
-1.240052282810211182e-01
-1.179957017302513123e-01
-1.208856329321861267e-01
-1.173304915428161621e-01
-1.110193431377410889e-01
-1.157843098044395447e-01
-1.101725399494171143e-01
-1.042335703969001770e-01
-1.011007279157638550e-01
-1.009711921215057373e-01
-9.208563715219497681e-02
-9.236999601125717163e-02
-9.467160701751708984e-02
-6.352185457944869995e-02
-9.728877991437911987e-02
-5.934961885213851929e-02
-7.674106955528259277e-02
-6.867723912000656128e-02
-6.140689924359321594e-02
-5.402614176273345947e-02
-6.661334633827209473e-02
-3.309774026274681091e-02
-6.503560394048690796e-02
-3.706698864698410034e-02
-4.267290234565734863e-02
-3.273165598511695862e-02
-3.583183139562606812e-02
-2.857635729014873505e-02
-1.879868842661380768e-02
-3.265733271837234497e-02
-1.747802831232547760e-02
-1.309860032051801682e-02
-1.935156807303428650e-02
-3.045620629563927650e-03
-1.449003443121910095e-02
-6.533929146826267242e-03
-1.437242375686764717e-03
-7.633917499333620071e-03
-1.390695921145379543e-03
-4.541145637631416321e-03
-1.251338282600045204e-03
-1.598836504854261875e-03
-1.565294573083519936e-03
-1.219889847561717033e-03
-9.461826994083821774e-04
-1.170026836916804314e-03
-3.606435784604400396e-04
-2.178862196160480380e-04
-9.371895575895905495e-04
-7.828937959857285023e-04
-1.006951788440346718e-03
-8.042952977120876312e-04
-3.547966771293431520e-04
-5.257681477814912796e-04
-7.727838237769901752e-04
-7.257051183842122555e-04
-8.598602144047617912e-04
-8.907890878617763519e-04
-6.938919541426002979e-04
-1.946281263371929526e-04
-6.869269418530166149e-04
-6.244804244488477707e-04
-9.605414234101772308e-04
-1.329876598902046680e-03
-9.135016007348895073e-04
-5.176498088985681534e-04
-9.915673872455954552e-04
-1.720836502499878407e-03
-7.585646817460656166e-04
-9.576323791407048702e-04
-1.478357356972992420e-03
-9.351536282338202000e-04
-5.181332817301154137e-04
-7.312952075153589249e-04
-9.759800741448998451e-04
-8.289401885122060776e-04
-1.114788348786532879e-03
-1.448441762477159500e-03
-1.638142741285264492e-03
-7.368396036326885223e-04
-7.168225711211562157e-04
-2.886152360588312149e-04
-9.845149470493197441e-04
-1.068571466021239758e-03
-8.043994894251227379e-04
-1.007277751341462135e-03
-4.718067357316613197e-04
-7.139751105569303036e-04
-1.051806844770908356e-03
-1.093863043934106827e-03
-2.240171306766569614e-04
-8.234269334934651852e-04
-1.252252724952995777e-03
-9.841506835073232651e-04
-8.822704548947513103e-04
-7.180259563028812408e-04
-8.190122898668050766e-04
-7.168008014559745789e-04
-9.141008486039936543e-04
-1.261256984435021877e-03
-1.080030691809952259e-03
-4.476190079003572464e-04
-3.712273901328444481e-04
-6.509442464448511600e-04
-8.299080072902143002e-04
-1.002356293611228466e-03
-8.981533464975655079e-04
-7.802413892932236195e-04
-1.649571117013692856e-03
-1.227792003192007542e-03
-1.006821170449256897e-03
-9.003597078844904900e-04
-9.959058370441198349e-04
-1.088382094167172909e-03
-1.294934540055692196e-03
-8.698800811544060707e-04
-8.318670443259179592e-04
-1.266962382942438126e-03
-1.178232603706419468e-03
-9.627210092730820179e-04
-5.744376685470342636e-04
-1.299557043239474297e-03
-1.042036339640617371e-03
-1.002025208435952663e-03
-5.533879739232361317e-04
-5.789974238723516464e-04
-1.040782197378575802e-03
-1.025612698867917061e-03
-1.233756309375166893e-03
-5.553002119995653629e-04
-1.353885891148820519e-04
-4.253067017998546362e-04
-2.342428924748674035e-04
-8.993359515443444252e-04
-1.226323773153126240e-03
-1.120487228035926819e-03
-6.302183028310537338e-04
-3.081096219830214977e-04
-6.206306861713528633e-04
-9.218619088642299175e-04
-7.600309327244758606e-04
-7.067050901241600513e-04
-1.117133419029414654e-03
-8.694237913005053997e-04
-9.330869070254266262e-04
-7.050204440020024776e-04
-4.861264314968138933e-04
-9.079338051378726959e-04
-6.187163526192307472e-04
-8.231719839386641979e-04
-2.696290030144155025e-04
-2.966192259918898344e-04
-4.807156801689416170e-04
-4.394521529320627451e-04
