2.021206729114055634e-02
-4.897564277052879333e-02
-1.323478500125929713e-04
-2.737238258123397827e-02
4.497905075550079346e-02
-3.832506015896797180e-02
-3.429777920246124268e-02
-9.528285590931773186e-04
-1.716541685163974762e-02
-1.029958948493003845e-04
-3.869704902172088623e-02
-2.726718597114086151e-02
-9.147136006504297256e-05
-2.160243690013885498e-02
-2.719325013458728790e-02
-5.313391983509063721e-02
-2.580964565277099609e-02
-1.078743860125541687e-02
-2.314307168126106262e-02
-1.246635656571015716e-04
-7.140479981899261475e-02
-1.315468922257423401e-02
-8.112388604786247015e-05
-4.453718289732933044e-02
-4.334837570786476135e-02
-3.145392984151840210e-04
-5.126426185597665608e-05
-3.056339919567108154e-02
-3.302677359897643328e-04
-5.127963377162814140e-04
-5.690703168511390686e-03
-4.957371577620506287e-02
-5.361456051468849182e-02
-5.165154859423637390e-02
-1.365910004824399948e-02
8.613776415586471558e-03
-2.382162399590015411e-02
-3.262210264801979065e-02
4.317591810831800103e-05
-2.640985324978828430e-02
-6.446956098079681396e-02
-4.660280048847198486e-02
-1.841087760112714022e-05
-5.321511998772621155e-02
1.142115704715251923e-02
-7.826552540063858032e-02
-3.821444138884544373e-02
-4.004389792680740356e-02
-3.598051890730857849e-02
-4.740990325808525085e-02
3.639226080849766731e-03
-8.428274653851985931e-03
-2.638008445501327515e-03
-3.232403844594955444e-02
-3.362873569130897522e-02
-6.001036381348967552e-04
-1.780928485095500946e-02
-2.644621580839157104e-02
-1.565850339829921722e-03
4.281430318951606750e-02
-6.147899851202964783e-02
-1.766857603797689080e-04
-5.188188701868057251e-02
-4.976429045200347900e-04
-1.354096177965402603e-02
-2.599856816232204437e-04
-3.582595381885766983e-04
-5.215912684798240662e-02
-6.640841718763113022e-03
2.135641872882843018e-02
-8.707217872142791748e-03
-2.138190902769565582e-02
-1.272634603083133698e-02
-9.013502858579158783e-03
-1.021984312683343887e-02
-6.817413493990898132e-03
-1.243973523378372192e-02
-1.890465430915355682e-02
-7.551291491836309433e-03
-4.017009213566780090e-02
-1.217402331531047821e-02
-1.846451545134186745e-03
-3.998536150902509689e-03
5.866581574082374573e-03
-3.231812641024589539e-02
-2.069996407954022288e-04
-2.707242500036954880e-03
-3.338621929287910461e-02
-4.785055294632911682e-02
1.540852151811122894e-02
2.978384494781494141e-02
-2.794917300343513489e-02
-3.440993279218673706e-02
-1.792305702110752463e-04
-3.861988708376884460e-02
-2.956978460133541375e-05
-1.830803602933883667e-02
-5.075833573937416077e-02
-7.466309703886508942e-03
3.007001802325248718e-02
5.620525404810905457e-02
-2.019647741690278053e-03
2.220086567103862762e-02
-5.778858065605163574e-02
3.593513369560241699e-02
-4.666041582822799683e-02
6.684969365596771240e-02
5.261103622615337372e-03
-1.327451027464121580e-04
-2.979057899210602045e-04
4.338516294956207275e-02
3.039431758224964142e-02
2.701599732972681522e-04
3.913300111889839172e-03
-1.097532920539379120e-02
8.012681268155574799e-03
2.283670753240585327e-02
4.397773742675781250e-02
1.680932764429599047e-04
7.658571749925613403e-02
3.684822097420692444e-02
5.689481645822525024e-02
4.393971466924995184e-04
6.056037917733192444e-02
8.030607365071773529e-03
6.733661144971847534e-02
2.397332340478897095e-03
5.034273490309715271e-02
8.003669977188110352e-02
1.692391000688076019e-02
5.638528987765312195e-02
8.995013684034347534e-02
2.203255146741867065e-02
6.304643303155899048e-02
7.708787918090820312e-02
6.323429197072982788e-02
1.489327549934387207e-01
6.919161230325698853e-02
1.267228424549102783e-01
6.224460527300834656e-02
9.666460752487182617e-02
1.222607791423797607e-01
9.040115028619766235e-02
8.887152373790740967e-02
1.058540344238281250e-01
1.118076145648956299e-01
1.241249144077301025e-01
6.663424521684646606e-02
1.292010843753814697e-01
1.416654884815216064e-01
1.432431489229202271e-01
4.716380313038825989e-02
1.120150089263916016e-01
4.270336776971817017e-02
1.174381896853446960e-01
1.015827059745788574e-01
1.378030925989151001e-01
1.383836716413497925e-01
1.530231535434722900e-01
4.729835316538810730e-02
2.124553024768829346e-01
1.086536198854446411e-01
9.706817567348480225e-02
1.848699003458023071e-01
7.324907928705215454e-02
7.980262488126754761e-02
7.117109745740890503e-02
9.007684141397476196e-02
1.850523352622985840e-01
1.222045049071311951e-01
1.670358628034591675e-01
9.760809689760208130e-02
7.802893966436386108e-02
1.209888011217117310e-01
1.465329825878143311e-01
7.016228139400482178e-02
1.297644972801208496e-01
8.875519037246704102e-02
5.386736989021301270e-02
1.064742356538772583e-01
1.818826422095298767e-02
1.262672692537307739e-01
3.093851730227470398e-02
1.099291518330574036e-01
7.096186280250549316e-02
6.816036999225616455e-02
1.612012088298797607e-02
6.423540413379669189e-02
3.442949429154396057e-02
5.200682207942008972e-02
3.316248580813407898e-02
2.064049988985061646e-02
7.194972038269042969e-02
4.395258426666259766e-02
-1.421332079917192459e-02
3.866228461265563965e-02
7.792979013174772263e-03
2.972642704844474792e-02
-4.657196253538131714e-02
2.809768728911876678e-02
2.008474897593259811e-03
-1.098390948027372360e-02
-4.382470622658729553e-02
-7.615796290338039398e-03
1.964119262993335724e-02
9.123974479734897614e-03
-3.224943578243255615e-02
-3.285146551206707954e-03
-4.830393940210342407e-02
-2.505929209291934967e-02
-6.962573528289794922e-02
-1.300579607486724854e-01
-8.948814868927001953e-02
-6.426668167114257812e-02
-8.927166461944580078e-02
-1.612814329564571381e-02
-7.145476341247558594e-02
-5.738120526075363159e-02
-7.281811535358428955e-02
-1.019712910056114197e-01
-3.933104500174522400e-02
-1.188661381602287292e-01
-4.462368413805961609e-02
-1.105464398860931396e-01
-7.907430082559585571e-02
-9.528787434101104736e-02
-1.166926473379135132e-01
-1.253717392683029175e-01
-6.209621205925941467e-02
-1.517891585826873779e-01
-1.181190460920333862e-01
-1.071662679314613342e-01
-1.499221473932266235e-01
-6.478438526391983032e-02
-1.145584508776664734e-01
-4.605718702077865601e-02
-1.213398352265357971e-01
-1.799889653921127319e-01
-4.919335991144180298e-02
-2.007888704538345337e-01
-5.865944921970367432e-02
-1.323503255844116211e-01
-1.156816184520721436e-01
-1.497932821512222290e-01
-1.500716358423233032e-01
-1.522302776575088501e-01
-7.324845343828201294e-02
-1.132980734109878540e-01
-7.779761403799057007e-02
-8.850978314876556396e-02
-4.761562123894691467e-02
-1.418928802013397217e-01
-8.176796138286590576e-02
-1.080399006605148315e-01
-1.311285495758056641e-01
-4.486516490578651428e-02
-1.560333669185638428e-01
-6.571068614721298218e-02
-1.423000991344451904e-01
-8.779229968786239624e-02
-1.588338315486907959e-01
-9.510369971394538879e-03
-1.097984611988067627e-01
-7.381985336542129517e-02
-1.025741919875144958e-01
-7.699868083000183105e-02
-2.312917634844779968e-02
-2.842784114181995392e-02
-4.840243980288505554e-02
-7.085945457220077515e-02
-6.340768188238143921e-02
-3.968905285000801086e-02
-7.374794036149978638e-02
-8.248671889305114746e-02
-9.214323945343494415e-03
-9.290383011102676392e-02
-5.163627117872238159e-02
-3.407322615385055542e-02
-9.791532903909683228e-02
-1.761402562260627747e-02
-4.401019215583801270e-02
4.143976548220962286e-04
-9.059312194585800171e-02
-7.262001163326203823e-04
-1.906819269061088562e-02
-1.160761527717113495e-02
-5.999107845127582550e-03
9.806378744542598724e-03
-1.213465332984924316e-01
3.810478374361991882e-03
-1.561454311013221741e-02
-3.791676089167594910e-02
9.859277633950114250e-04
-3.576136007905006409e-02
-2.941784681752324104e-03
1.560265570878982544e-02
-3.399261087179183960e-02
2.206468707299791276e-05
9.966231882572174072e-03
4.253229126334190369e-03
4.060058854520320892e-03
-3.274056687951087952e-02
5.066726356744766235e-03
-2.036031149327754974e-02
3.169859200716018677e-02
8.708461537025868893e-04
3.417784580960869789e-03
-3.010770771652460098e-03
2.309467270970344543e-02
5.317973718047142029e-02
7.699573878198862076e-03
-1.113421749323606491e-02
-2.054455503821372986e-02
2.850905992090702057e-02
9.200084023177623749e-04
3.153085336089134216e-02
2.380244061350822449e-02
-3.888706117868423462e-02
3.154736012220382690e-02
3.993443096987903118e-04
1.464964915066957474e-02
2.659906260669231415e-02
3.952108323574066162e-03
1.119566429406404495e-02
3.527478128671646118e-02
-1.322254724800586700e-02
6.303328275680541992e-02
4.720209981314837933e-04
2.537222020328044891e-02
1.750255003571510315e-02
3.991341590881347656e-02
-6.204335764050483704e-02
6.229475885629653931e-02
2.604583092033863068e-02
3.448885679244995117e-02
1.893519423902034760e-03
1.668559736572206020e-03
1.825830526649951935e-02
8.550509810447692871e-02
4.316026717424392700e-02
-4.564622044563293457e-02
3.456275537610054016e-02
3.742088750004768372e-02
5.463992804288864136e-02
1.007423270493745804e-03
-4.279426112771034241e-02
2.351341769099235535e-02
9.501108899712562561e-03
3.965109586715698242e-02
3.627146035432815552e-02
3.953163325786590576e-02
9.131962805986404419e-02
7.394509017467498779e-02
4.710613575298339128e-04
-2.707853354513645172e-02
3.096457337960600853e-03
4.417040944099426270e-02
7.597395777702331543e-02
-8.032125420868396759e-03
1.611702330410480499e-02
2.089030109345912933e-02
7.109674066305160522e-02
4.771562526002526283e-04
4.727433249354362488e-02
4.873470216989517212e-02
5.863020196557044983e-04
5.382974073290824890e-02
-1.968100987141951919e-04
4.889440536499023438e-02
1.841237396001815796e-02
5.613496527075767517e-02
3.300119563937187195e-02
1.167191378772258759e-02
1.634767651557922363e-02
3.704668581485748291e-02
3.660676884464919567e-04
4.878835752606391907e-02
9.288066625595092773e-02
3.453962132334709167e-02
7.392248511314392090e-02
2.315475046634674072e-02
-7.837044540792703629e-05
6.425910443067550659e-02
1.037169471383094788e-01
-1.100762074202066287e-05
2.694191969931125641e-02
-4.972106398781761527e-05
8.045867085456848145e-02
-4.353264346718788147e-02
2.985742315649986267e-02
6.184964627027511597e-02
3.438408384681679308e-05
9.345439821481704712e-02
3.731639590114355087e-04
2.174253575503826141e-02
2.167633501812815666e-03
4.850511904805898666e-04
2.056215517222881317e-02
8.819148875772953033e-03
-7.714876846875995398e-05
9.540738537907600403e-03
