-3.131309931632131338e-04
-1.957467902684584260e-04
-7.973486790433526039e-04
-6.499238079413771629e-04
-6.754574715159833431e-04
-9.010561625473201275e-04
-6.896302802488207817e-04
-6.390559137798845768e-04
-9.267057175748050213e-04
-1.320546842180192471e-03
-1.085727242752909660e-03
-5.376817425712943077e-04
-1.162203610874712467e-03
-7.718545966781675816e-04
-1.311996136792004108e-03
-7.770840893499553204e-04
-1.197582460008561611e-03
-7.955083856359124184e-04
-8.797834161669015884e-04
-9.591468260623514652e-04
-8.723306236788630486e-04
-7.388026569969952106e-04
-1.309441431658342481e-04
-2.441785181872546673e-04
-1.045104116201400757e-03
-9.818453108891844749e-04
-9.786984883248806000e-04
-5.627605714835226536e-04
-1.099472865462303162e-03
-1.004629652015864849e-03
-6.837063119746744633e-04
-1.127206836827099323e-03
-9.452569065615534782e-04
-8.948032627813518047e-04
-1.238687545992434025e-03
-8.080105180852115154e-04
-8.133975788950920105e-04
-1.156208803877234459e-03
-1.186780747957527637e-03
-9.500610758550465107e-04
-4.810019454453140497e-04
-4.838222521357238293e-04
-8.811135776340961456e-04
-8.742056670598685741e-04
-8.922949782572686672e-04
-9.840425336733460426e-04
-9.923571487888693810e-04
-8.484135614708065987e-04
-8.341934299096465111e-04
-9.781764820218086243e-04
-8.138699340634047985e-04
-8.005811832845211029e-04
-8.485028520226478577e-04
-1.257631578482687473e-03
-1.550834393128752708e-03
-1.282012788578867912e-03
-9.438006090931594372e-04
-1.118418527767062187e-03
-1.388038508594036102e-03
-1.017255941405892372e-03
-8.092497009783983231e-04
-9.667632984928786755e-04
-1.086311996914446354e-03
-8.499407558701932430e-04
-1.495950971730053425e-03
-9.073144756257534027e-04
-8.353335433639585972e-04
-1.321602496318519115e-03
-1.028173253871500492e-03
-1.606250414624810219e-03
-1.010307809337973595e-03
-9.081034804694354534e-04
-7.942083757370710373e-04
-8.111915085464715958e-04
-9.104318451136350632e-04
-1.027980935759842396e-03
-1.060489681549370289e-03
-1.107713207602500916e-03
-9.664999088272452354e-04
-6.781257106922566891e-04
-1.011849963106215000e-03
-1.347429002635180950e-03
-8.402957464568316936e-04
-4.937602207064628601e-04
-9.299532393924891949e-04
-4.448159015737473965e-04
-5.045497091487050056e-04
-8.555641397833824158e-04
-7.294263923540711403e-04
-2.998443669639527798e-04
-2.957946853712201118e-04
-1.212545903399586678e-03
-1.190988346934318542e-03
-2.935027005150914192e-04
-6.512906111311167479e-05
-6.272059399634599686e-04
-5.995025858283042908e-04
-5.469187744893133640e-04
-8.581097354181110859e-04
-4.739808791782706976e-04
-5.081492708995938301e-04
-8.812813903205096722e-04
-7.042972720228135586e-04
-3.376310633029788733e-04
-3.323704586364328861e-04
-1.102450260077603161e-04
2.452763030305504799e-03
-1.910281716845929623e-04
7.162343244999647141e-03
1.622921600937843323e-02
4.300167202018201351e-04
2.002758160233497620e-02
-2.309304545633494854e-04
2.036840096116065979e-02
1.282072719186544418e-02
2.381988056004047394e-02
2.433572337031364441e-02
1.883714087307453156e-02
3.135036677122116089e-02
2.145273424685001373e-02
3.779076039791107178e-02
1.904022134840488434e-02
5.161757394671440125e-02
3.002045303583145142e-02
3.896320238709449768e-02
5.368122458457946777e-02
3.428751230239868164e-02
6.267002969980239868e-02
3.739720955491065979e-02
6.228844076395034790e-02
6.039572507143020630e-02
4.797868803143501282e-02
8.502443134784698486e-02
5.404395982623100281e-02
7.290875166654586792e-02
7.509319484233856201e-02
8.885698020458221436e-02
7.156067341566085815e-02
6.981582939624786377e-02
1.023203358054161072e-01
7.758943736553192139e-02
9.133376926183700562e-02
9.681046009063720703e-02
1.032359898090362549e-01
9.030283242464065552e-02
1.129574179649353027e-01
1.032781377434730530e-01
9.852899610996246338e-02
1.029083803296089172e-01
1.367030441761016846e-01
8.597526699304580688e-02
1.574256420135498047e-01
1.006424725055694580e-01
1.123936176300048828e-01
1.370005160570144653e-01
1.124631389975547791e-01
1.495333611965179443e-01
1.081648170948028564e-01
1.377596706151962280e-01
1.138012185692787170e-01
1.557599604129791260e-01
9.265618771314620972e-02
1.550179123878479004e-01
9.872118383646011353e-02
1.430671066045761108e-01
1.110447645187377930e-01
9.536115825176239014e-02
1.601441800594329834e-01
7.950852066278457642e-02
1.584606915712356567e-01
8.308999985456466675e-02
1.001398414373397827e-01
1.460971385240554810e-01
7.864639163017272949e-02
1.328683346509933472e-01
8.452707529067993164e-02
1.223408877849578857e-01
5.981824919581413269e-02
1.199840679764747620e-01
6.966727226972579956e-02
1.031771674752235413e-01
5.103123933076858521e-02
8.626208454370498657e-02
7.461472600698471069e-02
5.980530008673667908e-02
5.530285835266113281e-02
9.497959166765213013e-02
3.633380308747291565e-02
4.955463856458663940e-02
6.842778623104095459e-02
2.073450013995170593e-02
6.917382776737213135e-02
2.937332540750503540e-02
2.574326097965240479e-02
2.851097658276557922e-02
2.919118665158748627e-02
1.365841273218393326e-02
1.237169466912746429e-02
6.793638225644826889e-03
3.782993881031870842e-03
-1.333328982582315803e-04
-2.592263277620077133e-03
-1.102159172296524048e-02
-1.494749821722507477e-02
-1.963267289102077484e-02
-1.713940314948558807e-02
-4.039309918880462646e-02
-2.276915311813354492e-02
-5.154805630445480347e-02
-2.497513592243194580e-02
-7.292701303958892822e-02
-2.755532413721084595e-02
-4.543980583548545837e-02
-8.931598067283630371e-02
-4.590424895286560059e-02
-8.352140337228775024e-02
-4.144063964486122131e-02
-1.160214468836784363e-01
-4.212262481451034546e-02
-1.162050738930702209e-01
-6.070561334490776062e-02
-8.813071250915527344e-02
-8.665391057729721069e-02
-9.422815591096878052e-02
-9.645616263151168823e-02
-9.558538347482681274e-02
-1.130601763725280762e-01
-1.299709230661392212e-01
-6.548726558685302734e-02
-1.492967307567596436e-01
-9.878078103065490723e-02
-1.307680904865264893e-01
-1.171645000576972961e-01
-1.122657880187034607e-01
-1.496742516756057739e-01
-1.003203019499778748e-01
-1.511065810918807983e-01
-9.331823140382766724e-02
-1.439410299062728882e-01
-1.271066367626190186e-01
-1.043818593025207520e-01
-1.488246917724609375e-01
-1.225519105792045593e-01
-1.350941658020019531e-01
-1.223612427711486816e-01
-1.346170604228973389e-01
-1.151810511946678162e-01
-1.334821283817291260e-01
-1.223442777991294861e-01
-9.324613958597183228e-02
-1.372081488370895386e-01
-1.279771775007247925e-01
-9.005592018365859985e-02
-1.165653616189956665e-01
-1.091173291206359863e-01
-8.582816272974014282e-02
-1.025602817535400391e-01
-9.905958175659179688e-02
-7.948491722345352173e-02
-1.216128766536712646e-01
-6.205039471387863159e-02
-9.773795306682586670e-02
-7.762142270803451538e-02
-7.975138723850250244e-02
-8.415772765874862671e-02
-5.687206983566284180e-02
-8.975390344858169556e-02
-5.725828930735588074e-02
-6.739590317010879517e-02
-6.217177212238311768e-02
-6.524237245321273804e-02
-4.969948157668113708e-02
-6.362149864435195923e-02
-3.362146019935607910e-02
-6.759080290794372559e-02
-2.814224921166896820e-02
-5.268529802560806274e-02
-2.586961351335048676e-02
-3.732184693217277527e-02
-4.233609139919281006e-02
-2.075021341443061829e-02
-3.515242412686347961e-02
-2.544029057025909424e-02
-2.251284010708332062e-02
-1.943493448197841644e-02
-1.661046966910362244e-02
-1.904705353081226349e-02
-1.141899079084396362e-02
-8.516457863152027130e-03
-2.387490123510360718e-03
-2.200650423765182495e-02
-2.034751814790070057e-04
-1.863344572484493256e-02
-3.136167651973664761e-04
-6.400879472494125366e-03
1.548248546896502376e-04
-4.595423888531513512e-05
-3.148986434098333120e-04
1.740497245918959379e-04
1.914305175887420774e-04
4.189362807665020227e-04
3.052368992939591408e-04
5.789708229713141918e-04
8.619687287136912346e-04
8.081430569291114807e-04
6.196587928570806980e-04
4.539335495792329311e-04
5.122452275827527046e-04
8.238293230533599854e-04
3.345703007653355598e-04
8.883831324055790901e-04
2.658046141732484102e-04
4.452040593605488539e-04
6.700377562083303928e-04
9.657097980380058289e-04
6.027158815413713455e-04
7.464059162884950638e-04
1.115608960390090942e-03
1.059765578247606754e-03
5.533286021091043949e-04
1.026104553602635860e-03
9.058420546352863312e-04
1.197057892568409443e-03
1.382399233989417553e-03
9.540664614178240299e-04
1.144030247814953327e-03
1.196675817482173443e-03
1.011368120089173317e-03
1.433656667359173298e-03
1.213953131809830666e-03
6.150064291432499886e-04
1.172493561170995235e-03
8.274451829493045807e-04
6.298284861259162426e-04
1.176739810034632683e-03
1.133672310970723629e-03
7.903765654191374779e-04
1.001216005533933640e-03
9.753830381669104099e-04
7.626447477377951145e-04
5.249115056358277798e-04
5.631286185234785080e-04
8.933837525546550751e-04
9.107618243433535099e-04
8.775724563747644424e-04
1.169161172583699226e-03
9.952983818948268890e-04
1.411329722031950951e-03
9.392907959409058094e-04
9.833094663918018341e-04
1.055487664416432381e-03
6.144620710983872414e-04
9.191783610731363297e-04
7.376667344942688942e-04
1.158755389042198658e-03
1.723571680486202240e-03
1.021315576508641243e-03
9.998414898291230202e-04
7.548245484940707684e-04
1.255083130672574043e-03
8.449474698863923550e-04
1.737519050948321819e-03
9.098432492464780807e-04
7.692746585234999657e-04
8.729413966648280621e-04
6.468851352110505104e-04
8.089718176051974297e-04
8.095468510873615742e-04
9.505396592430770397e-04
1.066025579348206520e-03
1.304753590375185013e-03
1.190691953524947166e-03
9.875231189653277397e-04
9.964535711333155632e-04
1.054718974046409130e-03
2.491802151780575514e-04
3.028258797712624073e-04
8.165632025338709354e-04
5.860043456777930260e-04
6.878577987663447857e-04
9.239479550160467625e-04
9.949709055945277214e-04
1.200854778289794922e-03
7.850608672015368938e-04
1.477328478358685970e-04
4.910747520625591278e-04
9.946348145604133606e-04
9.187196264974772930e-04
6.223216187208890915e-04
3.607256512623280287e-04
8.444251725450158119e-04
1.182517036795616150e-03
5.367241683416068554e-04
6.611317512579262257e-04
6.020062719471752644e-04
1.318294089287519455e-03
1.412900048308074474e-03
8.794614695943892002e-04
7.546957931481301785e-04
5.873321788385510445e-04
3.051404783036559820e-04
