1.222435530507937074e-04
7.479678606614470482e-05
5.460417596623301506e-04
4.519607464317232370e-04
-4.086410335730761290e-04
3.041260351892560720e-04
3.983873757533729076e-04
-1.861645432654768229e-04
6.889970973134040833e-05
2.528530312702059746e-04
3.758294624276459217e-04
3.430908836890012026e-04
7.303110123757505789e-06
-1.973087782971560955e-04
-2.530523670429829508e-05
-5.838787765242159367e-04
-2.514038060326129198e-04
1.678621629253029823e-04
2.945786109194159508e-04
3.144684887956827879e-04
2.806758275255560875e-04
2.579577558208256960e-04
-4.203025309834629297e-05
-1.129458905779756606e-04
2.915214281529188156e-04
3.267200008849613369e-05
1.979882217710837722e-04
2.136652474291622639e-04
-6.875271355966106057e-05
2.556740364525467157e-04
5.404950206866487861e-05
2.977428375743329525e-04
2.975151583086699247e-04
-2.441368678773869760e-06
2.431202592561021447e-04
-1.592762273503467441e-04
1.301098818657919765e-04
1.641596609260886908e-04
4.709117929451167583e-04
3.270824381615966558e-04
-1.319543807767331600e-04
4.431234265211969614e-04
1.556988863740116358e-04
-6.541953189298510551e-05
1.491804869147017598e-04
-9.611655696062371135e-05
1.196334196720272303e-04
7.809690578142181039e-05
3.105970390606671572e-04
7.659898255951702595e-04
5.285959923639893532e-04
-1.555013586767017841e-04
1.241687277797609568e-04
3.326677542645484209e-04
-2.877525694202631712e-04
-5.248726811259984970e-04
-1.902084477478638291e-04
-6.952947296667844057e-05
1.852104323916137218e-04
1.100601875805296004e-04
3.461979795247316360e-04
-1.414188736816868186e-04
-5.099877598695456982e-04
-8.397058118134737015e-04
1.425484806532040238e-04
-3.825044768746010959e-05
-2.280726184835657477e-04
-1.270427310373634100e-04
1.103983086068183184e-04
-3.085707721766084433e-04
-1.990497403312474489e-04
5.250993854133412242e-05
2.581521985121071339e-04
-1.151582546299323440e-04
-2.563014277257025242e-04
2.316915633855387568e-04
9.104922355618327856e-05
-4.444960359251126647e-05
1.010402920655906200e-04
3.972777049057185650e-04
-1.119951484724879265e-04
-5.846068379469215870e-04
3.980667679570615292e-04
1.306508784182369709e-04
1.930288126459345222e-04
-4.572833713609725237e-04
-7.235185476019978523e-04
-1.059540081769227982e-04
-2.125907194567844272e-04
-5.901886033825576305e-04
-1.093911123462021351e-04
7.779373554512858391e-04
-2.899667151723406278e-06
-2.544292947277426720e-04
-3.922986797988414764e-04
-4.273240338079631329e-04
-8.290135883726179600e-04
3.492757095955312252e-04
1.365165080642327666e-04
-4.348618676885962486e-04
-7.216222584247589111e-04
-1.102056048694066703e-04
-2.147924242308363318e-04
-6.381495622918009758e-04
-4.364251217339187860e-04
-8.339615305885672569e-04
-3.677012864500284195e-04
-4.869771655648946762e-04
-2.368262212257832289e-04
-4.250555648468434811e-04
-9.811782510951161385e-04
-3.735069185495376587e-04
-4.447024839464575052e-04
-1.083057257346808910e-03
-2.045195433311164379e-04
-3.779499384108930826e-04
-6.387772154994308949e-04
-5.311232525855302811e-04
-3.077703004237264395e-04
2.563692105468362570e-04
5.017215735279023647e-04
1.631833874853327870e-04
8.553024381399154663e-03
1.118380576372146606e-03
1.389762293547391891e-02
5.513702053576707840e-03
1.573337428271770477e-02
1.870457082986831665e-02
1.144866552203893661e-02
2.654635906219482422e-02
2.407387271523475647e-02
3.861964866518974304e-02
2.099417150020599365e-02
4.532827809453010559e-02
3.700728714466094971e-02
4.293425008654594421e-02
4.977049678564071655e-02
4.500833526253700256e-02
6.763600558042526245e-02
5.001240596175193787e-02
7.670156657695770264e-02
6.674537062644958496e-02
6.606135517358779907e-02
9.319251775741577148e-02
7.022802531719207764e-02
9.245853871107101440e-02
8.625425398349761963e-02
1.017012819647789001e-01
9.534767270088195801e-02
1.160932406783103943e-01
9.491296857595443726e-02
1.335324048995971680e-01
1.064287796616554260e-01
1.245525479316711426e-01
1.089428588747978210e-01
1.399607360363006592e-01
1.160740479826927185e-01
1.340876072645187378e-01
1.257334500551223755e-01
1.359530091285705566e-01
1.335642933845520020e-01
1.258950531482696533e-01
1.410242915153503418e-01
1.261114627122879028e-01
1.281572729349136353e-01
1.351746469736099243e-01
1.258013546466827393e-01
1.252434402704238892e-01
1.334919184446334839e-01
1.152708306908607483e-01
1.380885392427444458e-01
1.121275797486305237e-01
1.127862557768821716e-01
1.235106661915779114e-01
1.129063665866851807e-01
9.993501752614974976e-02
1.180848926305770874e-01
8.969056606292724609e-02
1.223206892609596252e-01
7.777713984251022339e-02
1.050012260675430298e-01
8.640342205762863159e-02
8.797958493232727051e-02
8.977892249822616577e-02
7.791863381862640381e-02
8.598878234624862671e-02
5.693694949150085449e-02
8.236102014780044556e-02
5.839370191097259521e-02
5.020514130592346191e-02
6.835208088159561157e-02
3.556041046977043152e-02
4.863334819674491882e-02
3.087364882230758667e-02
3.060590848326683044e-02
3.000728599727153778e-02
1.993812993168830872e-02
2.123612537980079651e-02
9.224093519151210785e-03
4.892724100500345230e-03
-3.005106409545987844e-04
-7.069860119372606277e-03
-1.417127437889575958e-02
-1.557709649205207825e-02
-2.313960343599319458e-02
-1.894339919090270996e-02
-4.641229659318923950e-02
-1.567090302705764771e-02
-6.482617557048797607e-02
-3.118816018104553223e-02
-5.423837527632713318e-02
-5.958406627178192139e-02
-5.850167572498321533e-02
-6.828196346759796143e-02
-7.140288501977920532e-02
-7.285428047180175781e-02
-9.306648373603820801e-02
-7.134419679641723633e-02
-9.148793667554855347e-02
-9.930306673049926758e-02
-7.722440361976623535e-02
-1.167807281017303467e-01
-8.671447634696960449e-02
-1.052211746573448181e-01
-1.097929030656814575e-01
-1.089989319443702698e-01
-1.081270948052406311e-01
-1.246375739574432373e-01
-1.162688657641410828e-01
-1.127693131566047668e-01
-1.335134208202362061e-01
-1.066845580935478210e-01
-1.491772085428237915e-01
-1.067006066441535950e-01
-1.454772949218750000e-01
-1.247536465525627136e-01
-1.351120471954345703e-01
-1.384587138891220093e-01
-1.221228167414665222e-01
-1.441131979227066040e-01
-1.174884364008903503e-01
-1.350468397140502930e-01
-1.350872218608856201e-01
-1.196470111608505249e-01
-1.259511560201644897e-01
-1.264667510986328125e-01
-1.222885325551033020e-01
-1.166878640651702881e-01
-1.326189488172531128e-01
-8.995404839515686035e-02
-1.300466209650039673e-01
-8.615140616893768311e-02
-1.107808500528335571e-01
-1.010531261563301086e-01
-8.594781160354614258e-02
-8.572561293840408325e-02
-8.794016391038894653e-02
-7.343456149101257324e-02
-7.585192471742630005e-02
-7.028773427009582520e-02
-5.951480567455291748e-02
-7.044894248247146606e-02
-4.748663678765296936e-02
-6.452843546867370605e-02
-2.961175143718719482e-02
-6.367916613817214966e-02
-1.984557509422302246e-02
-5.934617295861244202e-02
-1.212741341441869736e-02
-4.857605323195457458e-02
-1.591713353991508484e-02
-3.379771113395690918e-02
-1.635553874075412750e-02
-1.845458894968032837e-02
-1.611724309623241425e-02
-1.425723661668598652e-03
-1.444985996931791306e-02
4.258140688762068748e-04
-1.673013530671596527e-02
-1.077264241757802665e-04
-3.769953036680817604e-03
-1.039787777699530125e-03
-9.110113605856895447e-04
-3.854419337585568428e-04
7.395436114165931940e-05
2.155388356186449528e-04
4.775894340127706528e-04
7.219021790660917759e-04
4.345026682130992413e-04
6.712441099807620049e-04
3.699952794704586267e-04
1.049393089488148689e-03
-3.132526180706918240e-04
3.517899604048579931e-04
7.142081740312278271e-04
3.151767596136778593e-04
3.741242398973554373e-04
1.883951190393418074e-04
-6.280732341110706329e-04
1.333602558588609099e-04
6.352174677886068821e-04
6.566466181538999081e-04
5.829983856528997421e-04
1.832465932238847017e-04
-2.339561469852924347e-04
8.253370178863406181e-04
7.033904548734426498e-04
1.057761182892136276e-04
-5.509128823177888989e-05
1.183641725219786167e-04
4.065624962095171213e-04
4.031180651509203017e-05
3.510359383653849363e-04
3.340946568641811609e-04
3.964020870625972748e-04
-3.087169607169926167e-04
-2.277994208270683885e-04
-6.978128658374771476e-05
-3.015740185219328851e-05
3.961580514442175627e-04
6.477659917436540127e-04
7.094959146343171597e-04
9.957050206139683723e-04
1.656934327911585569e-04
-1.244200484507018700e-05
-1.756023411871865392e-04
1.482941152062267065e-04
-4.675827221944928169e-04
-2.356400800636038184e-04
5.849679655511863530e-05
2.081260463455691934e-04
5.975654348731040955e-04
4.038793849758803844e-04
4.709163622464984655e-04
5.982068250887095928e-05
1.664414594415575266e-04
5.003602927899919450e-05
-1.035061068250797689e-04
-3.478951693978160620e-04
1.410722179571166635e-04
5.407581920735538006e-04
-5.367504491005092859e-05
5.630426585412351415e-06
3.512462426442652941e-04
-1.728305796859785914e-04
8.404340042034164071e-05
-3.381005953997373581e-04
2.036403893725946546e-04
-5.430166493169963360e-04
-3.876280097756534815e-04
7.805864443071186543e-04
-3.618873306550085545e-04
-3.763766726478934288e-04
-1.064242096617817879e-04
-2.219448360847309232e-04
-3.022006712853908539e-04
4.858649481320753694e-05
2.152864035451784730e-04
-1.276140246773138642e-04
2.764931414276361465e-04
-1.964144757948815823e-04
-7.013696595095098019e-04
-2.471824409440159798e-04
-1.056465916917659342e-04
-9.558103629387915134e-04
-4.161516844760626554e-04
-3.789933107327669859e-04
-6.076266872696578503e-04
-6.713683251291513443e-05
1.792579569155350327e-04
-2.726826060097664595e-04
-9.187851537717506289e-05
-2.050250768661499023e-04
-3.207694098819047213e-04
-8.044719579629600048e-04
-2.627663488965481520e-04
-1.339243899565190077e-04
-4.304829344619065523e-04
-1.885815981950145215e-05
-9.189137927023693919e-05
-7.863992941565811634e-04
-3.012202214449644089e-04
7.698792614974081516e-05
6.618933985009789467e-04
-7.469103729818016291e-05
-2.239893510704860091e-04
-9.859821875579655170e-05
-3.994353392045013607e-05
2.175744011765345931e-04
-6.523607589770108461e-05
-5.620627198368310928e-04
4.459422052605077624e-05
1.309799263253808022e-04
1.418930150975938886e-05
-1.706617476884275675e-04
9.896926349028944969e-05
-8.495532092638313770e-04
-3.347616875544190407e-04
-3.612761502154171467e-04
-1.516051270300522447e-04
-5.768727278336882591e-04
