6.189416744746267796e-04
5.447933217510581017e-04
5.368318525142967701e-04
5.140723660588264465e-04
6.799895782023668289e-04
6.257154163904488087e-04
7.195881335064768791e-04
8.095953380689024925e-04
7.126110140234231949e-04
7.718680426478385925e-04
6.132003618404269218e-04
5.738178151659667492e-04
3.656148328445851803e-04
2.566284092608839273e-04
4.037416656501591206e-04
3.956696309614926577e-04
4.560753295663744211e-04
6.224371027201414108e-04
6.673640455119311810e-04
6.789949256926774979e-04
6.382971187122166157e-04
6.113488925620913506e-04
5.472430493682622910e-04
5.950360209681093693e-04
5.168290808796882629e-04
6.507188081741333008e-04
6.553032435476779938e-04
6.268618744798004627e-04
6.477817078121006489e-04
6.405028980225324631e-04
6.603876245208084583e-04
7.608875166624784470e-04
7.252007490023970604e-04
7.311085355468094349e-04
6.152196438051760197e-04
5.970370257273316383e-04
4.636445955839008093e-04
3.845612809527665377e-04
3.860386786982417107e-04
3.198907652404159307e-04
3.270859597250819206e-04
3.247027343604713678e-04
3.361209237482398748e-04
3.450945951044559479e-04
4.322873428463935852e-04
4.749322833959013224e-04
5.859765224158763885e-04
5.461112596094608307e-04
4.231164057273417711e-04
3.751479089260101318e-04
3.885785699822008610e-04
2.492984058335423470e-04
2.293555880896747112e-04
2.925768494606018066e-04
3.679193323478102684e-04
4.205254954285919666e-04
4.129840235691517591e-04
2.583792200312018394e-03
3.942516923416405916e-04
4.266697796992957592e-04
4.096120828762650490e-04
3.261777164880186319e-04
3.259485238231718540e-04
3.566299856174737215e-04
3.740756073966622353e-04
4.129547742195427418e-04
4.458497278392314911e-04
4.359408339951187372e-04
4.706151667051017284e-04
4.547009302768856287e-04
5.320325726643204689e-04
5.827212007716298103e-04
6.443584570661187172e-04
1.024106051772832870e-03
6.455573602579534054e-04
5.343552329577505589e-04
5.006928695365786552e-04
4.242382419761270285e-04
3.197941405232995749e-04
3.453565004747360945e-04
3.327892627567052841e-04
3.345967852510511875e-04
3.983234055340290070e-04
3.684043767862021923e-04
4.127097781747579575e-04
4.014907462988048792e-04
3.868263447657227516e-04
4.343488253653049469e-04
4.029427072964608669e-04
3.448189527262002230e-04
3.327765734866261482e-04
3.739540406968444586e-04
5.368235870264470577e-04
6.070983945392072201e-04
6.234128377400338650e-04
-8.495451509952545166e-02
6.988859176635742188e-02
2.154193680325988680e-06
-1.664509568399807904e-06
1.894579327199608088e-04
-3.297989815473556519e-02
5.717802559956908226e-04
5.948560428805649281e-04
4.320422594901174307e-04
-2.116689458489418030e-02
6.501962343463674188e-05
2.498585126886609942e-05
-6.540309637784957886e-03
-1.663423702120780945e-02
3.431767690926790237e-04
1.621609181165695190e-02
-6.262057274580001831e-02
7.790108793415129185e-04
6.655086181126534939e-04
-2.119019068777561188e-02
3.330523322802037001e-04
-1.410806318745017052e-03
-4.537876322865486145e-02
1.562081306474283338e-04
1.854043512139469385e-04
-3.963798284530639648e-02
-7.561445236206054688e-03
4.140356904827058315e-04
-4.032647982239723206e-02
-3.836149722337722778e-02
2.139235875802114606e-04
-2.326159483345691115e-05
-3.890903666615486145e-02
-5.826365575194358826e-02
-1.881672651506960392e-04
-4.823163896799087524e-02
-2.451428154017776251e-04
-1.586298644542694092e-02
-8.504714071750640869e-02
-2.101889695040881634e-04
-2.466300688683986664e-02
-6.056209653615951538e-02
-4.685794468969106674e-03
-5.497561395168304443e-02
-5.491065979003906250e-02
3.742388216778635979e-04
-5.110284313559532166e-02
-9.310140460729598999e-02
4.147466679569333792e-04
3.823783772531896830e-04
-1.325959265232086182e-01
-2.677930891513824463e-02
-1.390291098505258560e-02
-8.775522559881210327e-02
2.586068003438413143e-04
-3.670959174633026123e-02
-1.309029012918472290e-01
5.125704337842762470e-04
-7.810077071189880371e-02
-2.735586464405059814e-02
-7.447520643472671509e-02
-2.336531132459640503e-02
-4.357228055596351624e-02
-8.710874617099761963e-02
-7.521380484104156494e-02
3.836490213871002197e-05
-9.318336844444274902e-02
-4.308595880866050720e-02
-1.471376884728670120e-02
-1.009287238121032715e-01
-7.043706625699996948e-02
-5.084578879177570343e-03
1.309757935814559460e-04
-1.495943963527679443e-01
1.549062872072681785e-04
-4.225480929017066956e-02
-1.020014137029647827e-01
-1.686112955212593079e-02
-6.385905202478170395e-03
-3.795872628688812256e-02
-6.102935969829559326e-02
-9.817524999380111694e-02
9.889056673273444176e-05
-3.454425185918807983e-02
-1.828502491116523743e-02
-1.920662075281143188e-02
-9.962579607963562012e-02
-2.316292189061641693e-02
-1.051108818501234055e-03
-1.757824444212019444e-03
-3.649552911520004272e-02
-8.861987292766571045e-02
8.149054832756519318e-03
1.485986722400411963e-04
-5.109898746013641357e-02
-1.462514046579599380e-04
-4.085361585021018982e-02
-1.484073465690016747e-03
-2.133673988282680511e-03
-2.932878397405147552e-02
-3.878976451233029366e-03
-1.140694227069616318e-02
-5.051034502685070038e-03
-2.052450785413384438e-03
-1.724808244034647942e-03
-8.384136162931099534e-05
7.636406226083636284e-04
2.615927951410412788e-03
5.275222938507795334e-03
1.151087973266839981e-02
2.254483103752136230e-02
6.883747992105782032e-04
8.978939615190029144e-03
5.908705061301589012e-04
4.324197769165039062e-02
3.849375620484352112e-02
3.136456944048404694e-04
-3.039876173716038465e-05
-2.243061608169227839e-04
1.181343048810958862e-01
-2.727318787947297096e-04
-1.401301560690626502e-04
1.819990016520023346e-02
6.782200932502746582e-02
4.303172603249549866e-02
2.930165501311421394e-03
7.175355404615402222e-02
9.849733032751828432e-05
7.242548465728759766e-02
9.182486683130264282e-03
1.057164818048477173e-01
1.466202316805720329e-03
1.323074940592050552e-02
8.643151074647903442e-02
5.306125059723854065e-02
6.983548701100517064e-06
1.198500096797943115e-01
1.209770925925113261e-05
7.344142347574234009e-02
4.721551388502120972e-02
6.294427067041397095e-02
2.830347977578639984e-02
3.856033831834793091e-02
1.083509251475334167e-01
1.797319017350673676e-02
8.452042192220687866e-02
-5.559698911383748055e-04
1.069245114922523499e-01
1.352825853973627090e-02
1.047710701823234558e-01
1.293438021093606949e-02
5.877973139286041260e-02
2.973813563585281372e-02
1.104935929179191589e-01
-3.456092963460832834e-05
4.482975602149963379e-02
9.423111379146575928e-02
2.876922488212585449e-02
5.170355737209320068e-02
1.048582792282104492e-02
7.967494428157806396e-02
4.631790146231651306e-02
-6.021070294082164764e-04
1.014308780431747437e-01
-6.609105039387941360e-04
6.271123886108398438e-02
4.321432486176490784e-02
1.521013956516981125e-02
5.276450887322425842e-02
3.547386452555656433e-02
-1.194861033582128584e-04
8.233305811882019043e-02
3.848015796393156052e-03
1.363170612603425980e-02
4.877377673983573914e-02
-4.035419260617345572e-04
9.447466582059860229e-02
-1.481327926740050316e-04
5.496437661349773407e-04
1.007632235996425152e-03
7.364275306463241577e-02
8.797475136816501617e-03
2.863732166588306427e-02
4.163962439633905888e-04
2.229629084467887878e-02
2.747973799705505371e-02
1.459080085624009371e-04
1.334261521697044373e-02
-1.028664701152592897e-04
6.899333745241165161e-02
-1.135904021793976426e-04
-3.581828423193655908e-05
2.958730692625977099e-05
2.958593145012855530e-02
-1.945014664670452476e-04
-2.487743331585079432e-04
2.297108620405197144e-02
2.336861379444599152e-02
-2.797553024720400572e-04
-4.830583930015563965e-02
6.881037354469299316e-02
-2.920648548752069473e-04
-2.645190688781440258e-04
6.406674161553382874e-03
9.447674528928473592e-05
2.015572972595691681e-03
1.473434967920184135e-04
5.855876588611863554e-05
7.371955085545778275e-03
9.030690307554323226e-06
5.257612428977154195e-05
1.158973173005506396e-04
9.840964339673519135e-03
-1.629509351914748549e-04
1.156793368863873184e-04
9.445966134080663323e-05
-2.322980981261935085e-05
-8.647343202028423548e-05
-2.229449164588004351e-04
-3.150210832245647907e-04
-3.404256713110953569e-04
-3.671222948469221592e-04
-3.288109437562525272e-04
-2.586094196885824203e-04
-2.542328438721597195e-04
-2.171242522308602929e-04
-2.808290300890803337e-04
-2.884074638132005930e-04
-3.443034656811505556e-04
-4.853686550632119179e-04
-5.759453051723539829e-04
-5.842938553541898727e-04
-4.523155803326517344e-04
-2.791037259157747030e-04
-2.586960908956825733e-04
-2.767221594695001841e-04
-2.846054267138242722e-04
-2.784106181934475899e-04
-1.051433291286230087e-02
-2.608883951324969530e-04
4.090042784810066223e-03
-4.689011257141828537e-04
-4.788011719938367605e-04
-4.969077999703586102e-04
-3.545767161995172501e-03
-4.706272447947412729e-04
-3.908749204128980637e-04
-3.822477301582694054e-04
-3.507945802994072437e-04
-3.760390973184257746e-04
-4.058946215081959963e-04
-4.602396220434457064e-04
-4.834339197259396315e-04
-4.460178024601191282e-04
-3.597050963435322046e-04
-3.224614774808287621e-04
-2.571875811554491520e-04
-2.918557729572057724e-04
-4.500652139540761709e-04
-5.521612474694848061e-04
-5.009978194721043110e-04
-4.104977706447243690e-04
-3.272371832281351089e-04
-3.288137959316372871e-04
-4.450669803190976381e-04
-5.243902560323476791e-04
-6.625351379625499249e-04
-6.315196515060961246e-04
-6.009776261635124683e-04
-4.520713991951197386e-04
-3.998695465270429850e-04
-3.533601993694901466e-04
-2.988894993904978037e-04
-3.842285659629851580e-04
-4.277926345821470022e-04
-4.820179601665586233e-04
-5.292251589708030224e-04
-4.475165042094886303e-04
-2.867182483896613121e-04
-1.502461964264512062e-04
-1.319491129834204912e-04
-7.636292866664007306e-05
-2.086719614453613758e-04
-3.859370772261172533e-04
-5.399198271334171295e-04
-5.857628420926630497e-04
-6.013654056005179882e-04
-5.671525723300874233e-04
-4.902586224488914013e-04
-5.650918465107679367e-04
-4.992578178644180298e-04
-5.963501171208918095e-04
-5.800414364784955978e-04
-6.454595131799578667e-04
-6.467050407081842422e-04
-6.585387745872139931e-04
-6.806138553656637669e-04
-5.813767202198505402e-04
-5.368649726733565331e-04
-4.653157375287264585e-04
-4.556757339742034674e-04
-5.435229977592825890e-04
-5.574790411628782749e-04
-6.917795399203896523e-04
-7.236588280647993088e-04
-8.316758321598172188e-04
