-2.185481425840407610e-04
-3.832583606708794832e-04
-3.370464837644249201e-04
-4.122292448300868273e-04
-3.576759772840887308e-04
-3.310492611490190029e-04
-3.687587159220129251e-04
-4.023977380711585283e-04
-5.232726107351481915e-04
-6.037662387825548649e-04
-5.543075967580080032e-04
-6.419881246984004974e-04
-5.709687247872352600e-04
-6.786942249163985252e-04
-7.018751348368823528e-04
-8.394924225285649300e-04
-8.796293404884636402e-04
-8.004869450815021992e-04
-8.510296465829014778e-04
-9.048579377122223377e-04
-1.012039138004183769e-03
-9.530062670819461346e-04
-1.006297068670392036e-03
-1.123861293308436871e-03
-1.050822436809539795e-03
-1.169712049886584282e-03
-1.230090972967445850e-03
-1.315640518441796303e-03
-1.246622763574123383e-03
-1.464897184632718563e-03
-1.358790672384202480e-03
-1.491377945058047771e-03
-1.484725973568856716e-03
-1.457572565414011478e-03
-1.588366460055112839e-03
-1.495443983003497124e-03
-1.805214444175362587e-03
-1.715921214781701565e-03
-1.753066084347665310e-03
-1.838326686993241310e-03
-1.853872090578079224e-03
-1.837158109992742538e-03
-2.071736380457878113e-03
-2.063783816993236542e-03
-2.059014979749917984e-03
-2.116393530741333961e-03
-2.071800176054239273e-03
-2.132685389369726181e-03
-2.309162868186831474e-03
-2.323360880836844444e-03
-2.285869326442480087e-03
-2.369322814047336578e-03
-2.535148058086633682e-03
-2.425014041364192963e-03
-2.526264637708663940e-03
-2.479272894561290741e-03
-2.703347010537981987e-03
-2.668962115421891212e-03
-2.759329508990049362e-03
-2.742701908573508263e-03
-2.793513005599379539e-03
-2.839239081367850304e-03
-2.864707494154572487e-03
-2.966533415019512177e-03
-2.993634901940822601e-03
-3.011808032169938087e-03
-3.017095150426030159e-03
-3.206348279491066933e-03
-3.172169439494609833e-03
-3.136078827083110809e-03
-3.218210069462656975e-03
-3.330595558509230614e-03
-3.440062049776315689e-03
-3.401980036869645119e-03
-3.383222268894314766e-03
-3.503044834360480309e-03
-3.512068651616573334e-03
-3.605010919272899628e-03
-3.494297154247760773e-03
-3.674479667097330093e-03
-3.570517292246222496e-03
-3.726968076080083847e-03
-3.727217437699437141e-03
-3.845795756205916405e-03
-3.848973661661148071e-03
-3.867890918627381325e-03
-4.069848451763391495e-03
-4.155376460403203964e-03
-4.199396818876266479e-03
-4.179164301604032516e-03
-4.203168675303459167e-03
-4.284807015210390091e-03
-4.334835335612297058e-03
-4.414807539433240891e-03
-4.520699847489595413e-03
-4.557619802653789520e-03
-4.558721091598272324e-03
-4.641466308385133743e-03
-4.661731421947479248e-03
-4.883783869445323944e-03
-5.061064846813678741e-03
-5.108757875859737396e-03
-5.295022390782833099e-03
-5.109015852212905884e-03
-5.326997954398393631e-03
-5.301153752952814102e-03
-5.536218173801898956e-03
-5.664079915732145309e-03
-5.802444647997617722e-03
-5.928136873990297318e-03
-6.022637244313955307e-03
-6.060532294213771820e-03
-6.192158441990613937e-03
-6.208407226949930191e-03
-6.415925920009613037e-03
-6.490068975836038589e-03
-6.536237895488739014e-03
-6.806503515690565109e-03
-7.009587250649929047e-03
-7.005185820162296295e-03
-7.210158742964267731e-03
-7.267933804541826248e-03
-7.457083556801080704e-03
-7.443099748343229294e-03
-7.622682955116033554e-03
-7.904206402599811554e-03
-7.864471524953842163e-03
-7.994500920176506042e-03
-8.157792501151561737e-03
-8.129673078656196594e-03
-8.278591558337211609e-03
-8.528856560587882996e-03
-8.506844751536846161e-03
-8.782338351011276245e-03
-8.720668964087963104e-03
-9.051607921719551086e-03
-9.010381065309047699e-03
-9.069534018635749817e-03
-9.109126403927803040e-03
-9.131506085395812988e-03
-9.082467295229434967e-03
-9.269139729440212250e-03
-9.215335361659526825e-03
-9.411748498678207397e-03
-9.833060204982757568e-03
-9.639333002269268036e-03
-9.788201190531253815e-03
-9.904473088681697845e-03
-9.851467795670032501e-03
-9.627573192119598389e-03
-9.911376982927322388e-03
-9.779163636267185211e-03
-9.874182753264904022e-03
-9.846797212958335876e-03
-9.684442542493343353e-03
-9.818302467465400696e-03
-9.684978984296321869e-03
-9.877072647213935852e-03
-9.286086075007915497e-03
-9.123638272285461426e-03
-9.317269548773765564e-03
-9.341506287455558777e-03
-9.359199553728103638e-03
-9.450408630073070526e-03
-9.095498360693454742e-03
-8.734871633350849152e-03
-8.639817126095294952e-03
-7.892759516835212708e-03
-7.972795516252517700e-03
-7.554668467491865158e-03
-7.022680714726448059e-03
-7.165472023189067841e-03
-6.870177108794450760e-03
-6.778370123356580734e-03
-7.593497633934020996e-03
-6.536797620356082916e-03
-7.812072988599538803e-03
-7.787213195115327835e-03
-8.818417787551879883e-03
-1.004441455006599426e-02
-1.012243330478668213e-02
-9.708714671432971954e-03
-1.095831114798784256e-02
-1.400626171380281448e-02
-1.362630538642406464e-02
-1.358500029891729355e-02
-1.833225786685943604e-02
-2.070438675582408905e-02
-2.082779817283153534e-02
-3.247465193271636963e-02
-2.145597152411937714e-02
-7.113561965525150299e-03
-6.007313728332519531e-03
-2.986090630292892456e-02
-4.537804797291755676e-02
-6.773311644792556763e-02
-2.505723014473915100e-02
-1.274395734071731567e-02
7.268459536135196686e-03
-5.017380043864250183e-02
7.591501809656620026e-03
-1.968288235366344452e-02
-4.467438161373138428e-02
1.498164385557174683e-01
-5.828159861266613007e-03
8.279163390398025513e-02
5.103744566440582275e-02
5.489565059542655945e-02
3.697499260306358337e-02
1.658921688795089722e-02
1.941653154790401459e-02
1.462578959763050079e-02
1.274657994508743286e-02
9.276074357330799103e-03
8.939785882830619812e-03
6.201482843607664108e-03
3.060849849134683609e-03
4.801674280315637589e-03
4.291341174393892288e-03
2.941259415820240974e-03
2.509560668841004372e-03
2.232738537713885307e-03
1.421042019501328468e-03
5.591135704889893532e-04
6.180462078191339970e-04
-2.696460287552326918e-04
-1.348503865301609039e-03
-1.737220794893801212e-03
-1.554774935357272625e-03
-1.874527428299188614e-03
-1.951055950485169888e-03
-2.113613998517394066e-03
-2.376828342676162720e-03
-2.256378531455993652e-03
-2.512736013159155846e-03
-2.648187335580587387e-03
-3.044716548174619675e-03
-2.959336386993527412e-03
-3.105531213805079460e-03
-2.833720995113253593e-03
-2.875669393688440323e-03
-2.959795063361525536e-03
-3.038574708625674248e-03
-2.847807947546243668e-03
-3.137069521471858025e-03
-2.948725828900933266e-03
-2.902300329878926277e-03
-3.048313315957784653e-03
-3.109234152361750603e-03
-3.422385547310113907e-03
-3.471957752481102943e-03
-3.313414752483367920e-03
-3.674551611766219139e-03
-3.700526198372244835e-03
-3.721760818734765053e-03
-3.842419479042291641e-03
-3.931029234081506729e-03
-3.885856829583644867e-03
-4.006401170045137405e-03
-4.074567928910255432e-03
-3.980592358857393265e-03
-4.071622621268033981e-03
-3.996893297880887985e-03
-4.185096360743045807e-03
-4.209093283861875534e-03
-4.149627406150102615e-03
-4.089616239070892334e-03
-3.990340977907180786e-03
-4.140198696404695511e-03
-4.061622079461812973e-03
-4.164922051131725311e-03
-3.857296658679842949e-03
-4.022127483040094376e-03
-4.113284870982170105e-03
-3.936831373721361160e-03
-4.067807458341121674e-03
-4.058684222400188446e-03
-4.033406265079975128e-03
-3.952112048864364624e-03
-4.014781676232814789e-03
-3.959234338253736496e-03
-3.949610516428947449e-03
-3.983867354691028595e-03
-4.058541264384984970e-03
-3.707570256665349007e-03
-3.782382700592279434e-03
-3.867131425067782402e-03
-3.879307303577661514e-03
-3.899987554177641869e-03
-3.639720380306243896e-03
-3.689841832965612411e-03
-3.601533593609929085e-03
-3.527224762365221977e-03
-3.505645552650094032e-03
-3.364637726917862892e-03
-3.198421793058514595e-03
-3.326536854729056358e-03
-3.073756815865635872e-03
-3.149893833324313164e-03
-2.963254228234291077e-03
-2.875610720366239548e-03
-2.846151124686002731e-03
-2.653468400239944458e-03
-2.675081137567758560e-03
-2.597783226519823074e-03
-2.436602488160133362e-03
-2.342264866456389427e-03
-2.240553265437483788e-03
-2.246493706479668617e-03
-2.296881983056664467e-03
-2.161353826522827148e-03
-2.017465187236666679e-03
-1.975195016711950302e-03
-1.926526660099625587e-03
-1.776679535396397114e-03
-1.850796164944767952e-03
-1.714759506285190582e-03
-1.576108043082058430e-03
-1.608994090929627419e-03
-1.540026860311627388e-03
-1.515482086688280106e-03
-1.507311360910534859e-03
-1.350844511762261391e-03
-1.369940349832177162e-03
-1.378464628942310810e-03
-1.262850593775510788e-03
-1.176239922642707825e-03
-1.217928598634898663e-03
-1.120421220548450947e-03
-1.121479319408535957e-03
-1.094170962460339069e-03
-1.163195818662643433e-03
-1.048087608069181442e-03
-1.096668187528848648e-03
-9.509710362181067467e-04
-1.003308570943772793e-03
-8.140479912981390953e-04
-8.453858317807316780e-04
-8.987842011265456676e-04
-7.279351120814681053e-04
-7.055561291053891182e-04
-7.058994378894567490e-04
-8.535438682883977890e-04
-6.811388884671032429e-04
-6.724671111442148685e-04
-6.150779663585126400e-04
-6.414032541215419769e-04
-5.301617784425616264e-04
-5.498745595104992390e-04
-5.549310008063912392e-04
-5.637299618683755398e-04
-5.009468295611441135e-04
-5.232604453340172768e-04
-5.020253011025488377e-04
-4.889167612418532372e-04
-4.086792177986353636e-04
-6.097427685745060444e-04
-4.480488714762032032e-04
-4.647892201319336891e-04
-4.302512679714709520e-04
-4.244425508659332991e-04
-4.827337397728115320e-04
-3.511006652843207121e-04
-2.521793066989630461e-04
-3.149799304082989693e-04
-3.177897597197443247e-04
-3.112732956651598215e-04
-3.908608632627874613e-04
-3.455759433563798666e-04
-2.702116617001593113e-04
-3.292139153927564621e-04
-3.100599860772490501e-04
-2.514570078346878290e-04
-3.037475107703357935e-04
-2.297460159752517939e-04
-2.501250128261744976e-04
-2.627227804623544216e-04
-2.005437709158286452e-04
-1.007572427624836564e-04
-2.160166623070836067e-04
-1.646891905693337321e-04
-2.158664574380964041e-04
-1.641522248974069953e-04
-1.837214222177863121e-04
-2.151547523681074381e-04
-1.397370797349140048e-04
-2.620026934891939163e-04
-1.663847651798278093e-04
-2.426741848466917872e-04
-1.948187855305150151e-04
-6.400307756848633289e-05
-4.992047252017073333e-05
-7.344208279391750693e-05
-1.660280395299196243e-04
-6.273484177654609084e-05
-1.459551422158256173e-04
-1.288871717406436801e-04
-1.778337900759652257e-04
-3.514078707667067647e-05
-5.956134918960742652e-05
-8.414539479417726398e-05
