1.110884186346083879e-04
1.427263196092098951e-04
1.783111365512013435e-04
-9.071415843209251761e-05
-9.906040213536471128e-05
-4.031763819511979818e-05
6.484268669737502933e-05
2.282358036609366536e-05
-8.290374535135924816e-05
5.619978310278384015e-06
1.096491905627772212e-04
1.223304716404527426e-04
7.086803816491737962e-05
5.510275150300003588e-05
1.136909850174561143e-04
4.449518746696412563e-05
1.936101762112230062e-04
-6.257404311327263713e-05
-3.067489014938473701e-04
1.052237566909752786e-04
-4.848496246268041432e-05
1.484836539020761847e-04
3.751593794731888920e-06
7.798006845405325294e-05
1.764794433256611228e-04
7.282508158823475242e-05
-9.998274617828428745e-05
1.221441489178687334e-04
1.024576340569183230e-04
5.676893124473281205e-05
-2.848743861250113696e-05
-2.236902801087126136e-04
-2.906206282204948366e-05
5.659652015310712159e-05
2.165892947232350707e-04
-9.014100214699283242e-05
8.803749369690194726e-05
4.847179661737754941e-05
-3.781445411732420325e-05
8.299259934574365616e-05
8.208356302930042148e-05
1.623378338990733027e-04
8.516348316334187984e-05
1.062787414412014186e-04
1.251048379344865680e-04
1.019121482386253774e-04
1.534272014396265149e-04
-6.308188312686979771e-05
1.547832071082666516e-04
5.250262984191067517e-05
1.129187076003290713e-04
1.557361829327419400e-04
1.260230637853965163e-04
-4.339181759860366583e-05
1.566385799378622323e-05
-6.429054337786510587e-05
8.049801544984802604e-05
5.040488395025022328e-05
8.001638343557715416e-05
-9.383698852616362274e-06
3.042890166398137808e-04
-5.830210648127831519e-05
4.906672256765887141e-05
-1.894050546979997307e-05
5.739237167290411890e-05
1.388494420098140836e-04
8.846910350257530808e-05
6.206552643561735749e-05
5.170477743376977742e-05
3.592865250539034605e-04
4.796014109160751104e-04
1.374979910906404257e-04
1.236445968970656395e-04
-5.184542169445194304e-05
1.093460741685703397e-04
1.339956215815618634e-04
-6.543194467667490244e-05
-4.638381142285652459e-06
1.341244205832481384e-04
-3.360497066751122475e-05
1.976457315322477371e-05
5.473031706060282886e-05
1.046355682774446905e-04
-8.804347453406080604e-05
-3.598639887059107423e-05
-5.274988870951347053e-05
1.850563421612605453e-04
1.908563281176611781e-04
1.302255550399422646e-04
1.913326414069160819e-04
8.872790203895419836e-05
2.726681705098599195e-04
-1.775891632860293612e-06
6.076212594052776694e-05
-9.704194962978363037e-05
2.512841456336900592e-05
2.315804740646854043e-04
1.261412398889660835e-04
-5.227673798799514771e-03
1.629193197004497051e-03
5.871897883480414748e-05
-4.532639650278724730e-06
3.293391637271270156e-05
6.043776375008746982e-05
-8.815375040285289288e-04
-5.271431655273772776e-05
-3.132412908598780632e-03
1.658825021877419204e-05
-6.228681741049513221e-05
-7.139196619391441345e-03
-9.607906395103782415e-05
-1.505885086953639984e-02
-3.218128695152699947e-04
-1.529982034116983414e-02
-2.247730590170249343e-04
-2.786019630730152130e-02
-1.310118823312222958e-03
-1.581871882081031799e-02
-4.009758308529853821e-02
-3.526563814375549555e-04
-2.004275657236576080e-02
-3.120541386306285858e-02
-1.707473583519458771e-02
-3.794768452644348145e-02
-2.058084122836589813e-02
-4.099196195602416992e-02
-3.280643373727798462e-02
-3.283254057168960571e-02
-5.653949454426765442e-02
-3.407047316431999207e-02
-3.491464257240295410e-02
-8.056947588920593262e-02
-4.167227819561958313e-02
-4.624316468834877014e-02
-7.734787464141845703e-02
-4.539958387613296509e-02
-6.797352433204650879e-02
-8.766677975654602051e-02
-7.501219958066940308e-02
-5.743319913744926453e-02
-1.097864359617233276e-01
-4.614645615220069885e-02
-1.150532737374305725e-01
-6.529037654399871826e-02
-1.087595596909523010e-01
-8.099615573883056641e-02
-1.106675341725349426e-01
-9.968954324722290039e-02
-1.117967590689659119e-01
-8.287176489830017090e-02
-1.424527764320373535e-01
-1.061478108167648315e-01
-7.663703709840774536e-02
-1.463565230369567871e-01
-9.970624744892120361e-02
-1.491198539733886719e-01
-1.254611760377883911e-01
-1.065973043441772461e-01
-1.590622961521148682e-01
-9.641869366168975830e-02
-1.507274061441421509e-01
-1.353475600481033325e-01
-1.348705738782882690e-01
-1.421347260475158691e-01
-1.251785010099411011e-01
-1.216042935848236084e-01
-1.069069281220436096e-01
-1.582930088043212891e-01
-9.487685561180114746e-02
-1.265496015548706055e-01
-1.482204794883728027e-01
-9.857156872749328613e-02
-1.448014378547668457e-01
-1.105672046542167664e-01
-1.129173859953880310e-01
-1.256764084100723267e-01
-1.095494702458381653e-01
-8.430378884077072144e-02
-1.195558980107307434e-01
-8.832242339849472046e-02
-1.145187616348266602e-01
-5.939240008592605591e-02
-9.878025203943252563e-02
-9.135936200618743896e-02
-8.691550791263580322e-02
-8.149012178182601929e-02
-6.227922812104225159e-02
-6.267039477825164795e-02
-8.191674202680587769e-02
-2.852738276124000549e-02
-5.586885288357734680e-02
-4.957478120923042297e-02
-4.714700207114219666e-02
-2.506195381283760071e-02
-4.253747314214706421e-02
-9.932316839694976807e-03
-5.085347220301628113e-02
-4.652557428926229477e-03
-2.356383018195629120e-02
-4.953527357429265976e-03
2.864512789528816938e-04
-1.343767507933080196e-05
6.173645961098372936e-04
1.734940707683563232e-02
7.703490555286407471e-03
1.093074679374694824e-02
4.421401396393775940e-02
1.674539037048816681e-02
5.128284916281700134e-02
4.773493856191635132e-02
3.943804651498794556e-02
3.101614490151405334e-02
9.301404654979705811e-02
2.447737753391265869e-02
7.098104059696197510e-02
6.909570842981338501e-02
5.433015525341033936e-02
9.712902456521987915e-02
4.026370123028755188e-02
9.498549252748489380e-02
5.529996380209922791e-02
9.582076966762542725e-02
8.924586325883865356e-02
9.572261571884155273e-02
7.258543372154235840e-02
1.207142397761344910e-01
7.201156020164489746e-02
1.396029591560363770e-01
8.804351836442947388e-02
1.179516613483428955e-01
1.403176486492156982e-01
8.290087431669235229e-02
1.553381085395812988e-01
1.226075142621994019e-01
1.151464655995368958e-01
1.127383857965469360e-01
1.406342089176177979e-01
1.191232800483703613e-01
1.142526939511299133e-01
1.382687836885452271e-01
1.203890666365623474e-01
1.022458076477050781e-01
1.300158649682998657e-01
1.313472241163253784e-01
1.076792478561401367e-01
1.120635792613029480e-01
1.198529452085494995e-01
1.224979534745216370e-01
1.034853905439376831e-01
1.249948590993881226e-01
8.784974366426467896e-02
1.096241325139999390e-01
1.053752303123474121e-01
7.419850677251815796e-02
1.223052889108657837e-01
7.096701115369796753e-02
1.227350756525993347e-01
5.079383403062820435e-02
1.080751493573188782e-01
5.962923541665077209e-02
7.727903872728347778e-02
6.394524127244949341e-02
7.287496328353881836e-02
6.929121911525726318e-02
5.696593970060348511e-02
6.119053438305854797e-02
5.339919030666351318e-02
4.919045791029930115e-02
6.483820825815200806e-02
1.467154547572135925e-02
6.873764097690582275e-02
2.476544119417667389e-02
3.566743806004524231e-02
4.964237660169601440e-02
1.325601618736982346e-02
3.990292921662330627e-02
2.291911840438842773e-02
3.351040557026863098e-02
1.582163386046886444e-02
1.711377128958702087e-02
2.592814713716506958e-02
2.855803817510604858e-03
1.136615872383117676e-02
3.225756436586380005e-02
3.684576367959380150e-04
9.191693738102912903e-03
6.540667265653610229e-03
3.380731504876166582e-04
4.643812775611877441e-03
4.290383367333561182e-04
3.881160519085824490e-04
2.139133175660390407e-05
-2.782300180115271360e-05
1.275201066164299846e-04
1.730748954287264496e-05
9.387371392222121358e-05
4.379151141620241106e-05
-1.034569868352264166e-04
7.695631211390718818e-05
9.243287058779969811e-05
-9.787127783056348562e-05
-2.828721480909734964e-04
-1.240122946910560131e-04
1.818924356484785676e-04
2.348931011511012912e-04
2.216616703663021326e-04
-1.345078781014308333e-04
-4.098438512301072478e-05
-8.587860793340951204e-05
-2.798464556690305471e-04
-1.110837401938624680e-04
-8.249154052464291453e-05
-9.443378803553059697e-05
-8.277698361780494452e-05
-7.288524648174643517e-05
-9.576341108186170459e-05
-2.295774029335007071e-04
-6.314564234344288707e-05
-4.431359120644629002e-04
2.964514897030312568e-05
6.005292016197927296e-05
-6.230431154108373448e-06
-1.022705400828272104e-04
-1.601311087142676115e-04
-1.539121585665270686e-04
-7.581847603432834148e-05
-1.525522529846057296e-04
-1.870020969363395125e-05
-2.115497627528384328e-04
-2.475511573720723391e-04
-3.006483020726591349e-04
-1.212937131640501320e-04
-1.489004498580470681e-04
-1.527554559288546443e-04
-6.349916657200083137e-05
-8.531239291187375784e-05
-5.317146496963687241e-05
-9.771257464308291674e-05
-8.386932313442230225e-05
-2.399279474047943950e-04
-3.352137355250306427e-05
-6.205095269251614809e-05
-8.083076681941747665e-05
-9.765322465682402253e-05
1.983692345675081015e-05
-3.168660623487085104e-05
1.466328285459894687e-06
-7.648445898666977882e-05
-2.354338221266516484e-06
-7.686633762205019593e-05
6.323675916064530611e-05
-1.213455034303478897e-04
-1.057441404554992914e-04
-1.326860947301611304e-04
-7.780695159453898668e-05
1.280773631151532754e-05
-1.372769329464063048e-04
-4.641212581191211939e-04
-3.342116542626172304e-05
-1.948482095031067729e-04
-1.165407884400337934e-04
1.052644074661657214e-04
2.303841320099309087e-04
-2.166109334211796522e-05
-6.174507143441587687e-05
1.280355263588717207e-05
-5.389847137848846614e-05
-8.928043098421767354e-05
-1.085860503735602833e-06
-1.853178109740838408e-04
7.387199002550914884e-05
2.736576425377279520e-04
-1.065982287400402129e-04
1.152699260273948312e-04
-1.794986164895817637e-04
-1.661075948504731059e-04
-1.716103906801436096e-05
-9.562404011376202106e-05
-1.228468900080770254e-04
-1.979558001039549708e-04
-8.783862722339108586e-05
5.258660530671477318e-05
1.124379705288447440e-04
-5.959219924989156425e-05
-1.200985061586834490e-04
1.121884270105510950e-04
9.061455057235434651e-05
-1.292774977628141642e-04
-4.654950316762551665e-05
-1.070299331331625581e-04
1.849247382779140025e-05
3.235605545341968536e-04
3.185634795954683796e-06
1.946761913131922483e-04
1.595728099346160889e-04
1.380776520818471909e-04
-8.600186265539377928e-05
1.450291892979294062e-04
-1.671256322879344225e-04
-9.946329373633489013e-05
1.133784026023931801e-04
