1.694023795425891876e-02
-1.450912794098258018e-03
3.253468312323093414e-03
6.466671475209295750e-04
3.406997770071029663e-02
6.655927281826734543e-03
1.971649006009101868e-03
1.528313849121332169e-03
8.285362855531275272e-04
5.634970497339963913e-03
1.322795433225110173e-04
-1.020071562379598618e-03
5.772795993834733963e-03
1.226837979629635811e-03
-8.910727920010685921e-04
-3.305119927972555161e-03
-9.565437794663012028e-04
-2.437883755192160606e-03
2.393474336713552475e-03
2.183257602155208588e-03
-1.186535879969596863e-02
6.776620598003546547e-09
2.069104462862014771e-03
-2.455540234223008156e-03
-5.338876973837614059e-03
3.211023053154349327e-03
4.931719740852713585e-04
-2.353076823055744171e-03
7.853568531572818756e-03
6.685706321150064468e-03
4.251178819686174393e-03
-1.111317775212228298e-03
-3.581925295293331146e-03
-4.203903488814830780e-03
2.816869644448161125e-03
1.096822693943977356e-02
3.237363183870911598e-03
2.993643574882298708e-04
4.396499600261449814e-03
-9.315666393376886845e-04
-1.266606897115707397e-02
-3.609384657465852797e-05
3.629604587331414223e-03
-1.720491680316627026e-03
1.114886999130249023e-02
-1.500667724758386612e-02
-4.493462387472391129e-03
-4.535780288279056549e-03
-1.976003637537360191e-03
1.235108822584152222e-03
7.686395663768053055e-03
3.386926604434847832e-03
8.402214385569095612e-03
-3.253105023759417236e-05
4.705600906163454056e-03
9.920319542288780212e-03
5.627904087305068970e-03
3.447229741141200066e-03
1.351483445614576340e-02
2.446221560239791870e-02
-1.788218738511204720e-03
2.366425935178995132e-03
-2.413483802229166031e-03
8.920959196984767914e-03
5.215909797698259354e-03
8.959733881056308746e-03
7.232736796140670776e-03
-1.036789501085877419e-03
5.345524754375219345e-03
2.131579443812370300e-02
8.252100087702274323e-03
8.007712662220001221e-03
4.509910009801387787e-03
2.745417179539799690e-03
2.729224506765604019e-03
2.851644065231084824e-03
-2.092293463647365570e-03
4.329018294811248779e-03
-4.870646633207798004e-03
-3.809276735410094261e-03
-5.376824177801609039e-03
7.003320846706628799e-03
8.538296446204185486e-03
1.522658672183752060e-02
1.966198673471808434e-03
2.265783026814460754e-03
1.387285534292459488e-03
-4.906090442091226578e-03
-3.240045160055160522e-03
8.471129462122917175e-03
1.285709254443645477e-02
-8.099689148366451263e-03
-1.302820816636085510e-02
-2.040517516434192657e-03
-1.116864942014217377e-02
-5.392620339989662170e-03
-1.413923315703868866e-02
-2.091795578598976135e-02
-4.943782929331064224e-03
1.074022985994815826e-02
1.819826662540435791e-02
6.729230750352144241e-03
5.262767896056175232e-03
-2.319855988025665283e-02
9.515589103102684021e-03
-1.257178094238042831e-02
1.644653826951980591e-02
6.565167102962732315e-03
-6.783244200050830841e-03
-1.412278739735484123e-03
9.086252190172672272e-03
4.167554900050163269e-03
-6.061425432562828064e-03
-6.933624856173992157e-03
-2.389531955122947693e-02
-5.624333862215280533e-03
1.890331623144447803e-03
9.576196316629648209e-04
-1.399405766278505325e-02
1.237970404326915741e-02
-3.455999307334423065e-03
7.582310121506452560e-03
-1.229173596948385239e-02
1.955424435436725616e-03
-8.046244271099567413e-03
-5.248089320957660675e-03
-3.632991015911102295e-02
-8.695441298186779022e-03
7.838942110538482666e-03
-1.278073247522115707e-02
-9.852521121501922607e-03
-1.427431474439799786e-03
-1.701181381940841675e-02
-1.622220128774642944e-02
8.284891024231910706e-03
8.021388202905654907e-03
3.506314009428024292e-02
6.083094049245119095e-04
2.449747174978256226e-02
6.575448904186487198e-03
6.237107794731855392e-03
1.389084942638874054e-02
-4.581691231578588486e-03
3.234895411878824234e-03
1.624036394059658051e-02
7.644905243068933487e-03
8.240595459938049316e-03
-1.885200105607509613e-02
1.391757372766733170e-02
1.887714676558971405e-02
3.570500528439879417e-03
-3.673490136861801147e-02
-7.741533219814300537e-03
-5.584295094013214111e-02
-6.691227201372385025e-03
5.097049288451671600e-04
3.346573188900947571e-02
2.445047721266746521e-02
1.343697123229503632e-02
-4.287188872694969177e-02
4.767315834760665894e-02
-1.216131728142499924e-02
-2.772706001996994019e-02
2.367939427495002747e-02
-2.638356015086174011e-02
-3.130229189991950989e-02
-5.315068364143371582e-02
-2.870932780206203461e-02
4.687153548002243042e-02
-3.839215263724327087e-03
3.810775279998779297e-02
-1.688267849385738373e-02
-5.413945298641920090e-03
3.596542403101921082e-02
2.876340411603450775e-02
-2.168750949203968048e-02
5.887878686189651489e-02
7.992998696863651276e-03
-3.287370875477790833e-02
9.728520177304744720e-03
-4.369637742638587952e-02
4.415211081504821777e-02
-3.144748508930206299e-02
2.280621230602264404e-02
-8.474220521748065948e-03
-1.150687877088785172e-02
-3.540837764739990234e-02
3.853499656543135643e-03
-4.019107669591903687e-02
1.779702492058277130e-02
-3.085933811962604523e-02
5.856418050825595856e-03
5.251136049628257751e-02
3.014260344207286835e-02
-4.154616594314575195e-02
-1.354827638715505600e-02
-1.477678492665290833e-02
2.840373478829860687e-02
-6.908179819583892822e-02
3.318868577480316162e-02
1.695617102086544037e-02
-2.662700600922107697e-02
-6.843630224466323853e-02
1.650508958846330643e-03
5.195919796824455261e-02
4.579769074916839600e-02
4.653227329254150391e-02
3.800353780388832092e-02
-1.018553599715232849e-02
3.430329263210296631e-02
-5.026522278785705566e-02
-1.368561834096908569e-01
-7.697232067584991455e-02
-1.093682833015918732e-02
-2.002565562725067139e-02
3.837075456976890564e-02
-2.591976663097739220e-03
2.959916891995817423e-04
-1.747401617467403412e-02
-3.557404130697250366e-02
1.391341444104909897e-02
-3.388538956642150879e-02
1.720087043941020966e-02
-2.573472633957862854e-02
-2.010395936667919159e-02
-2.684147469699382782e-02
-3.049825318157672882e-02
-4.153198376297950745e-02
1.247235946357250214e-02
-5.004885792732238770e-02
-2.539819106459617615e-02
4.476922913454473019e-04
-3.258302807807922363e-02
1.146152615547180176e-02
1.829616725444793701e-02
4.571917653083801270e-02
-3.479340346530079842e-03
-3.921137750148773193e-02
2.806138060986995697e-02
-3.735889121890068054e-02
3.340027853846549988e-02
1.578401657752692699e-03
-1.168695744127035141e-03
-2.399262785911560059e-02
-3.102694638073444366e-02
-2.503889799118041992e-02
2.996931597590446472e-02
1.473192684352397919e-02
3.146386146545410156e-02
3.687572479248046875e-02
4.559603706002235413e-02
-1.063679624348878860e-02
2.593082375824451447e-02
-2.531718229874968529e-03
2.835287945345044136e-03
2.055953815579414368e-02
-1.510845869779586792e-02
2.594826743006706238e-02
-1.519393082708120346e-02
-2.634179545566439629e-03
-1.638849638402462006e-02
2.882469817996025085e-02
-4.315436352044343948e-03
6.024234462529420853e-03
-2.050541341304779053e-02
3.796734381467103958e-04
2.593800239264965057e-02
1.653898879885673523e-02
5.019590258598327637e-03
1.023172028362751007e-02
1.491756411269307137e-03
8.907760493457317352e-03
-5.450313445180654526e-03
-4.109455272555351257e-03
1.229313295334577560e-02
-1.919174566864967346e-02
-2.324061235412955284e-03
1.089478493668138981e-03
-1.939286477863788605e-02
-4.534368868917226791e-03
-1.395238097757101059e-03
1.066513080149888992e-02
-1.254681684076786041e-02
2.215678250649943948e-04
-2.551109064370393753e-03
1.634782762266695499e-03
3.512410214170813560e-03
2.072344068437814713e-03
-5.681329965591430664e-02
-7.544040679931640625e-03
-1.311834994703531265e-02
-1.501852739602327347e-02
-3.016712609678506851e-03
-1.436778996139764786e-02
1.468153670430183411e-03
-2.078646095469594002e-03
-1.136449165642261505e-02
-7.153910701163113117e-04
-3.780450671911239624e-03
2.119151409715414047e-03
-4.405367188155651093e-03
-1.401068549603223801e-02
-4.658486228436231613e-03
-3.142454661428928375e-03
6.254171021282672882e-03
4.177601542323827744e-03
-1.307583600282669067e-02
-5.530643276870250702e-03
2.090110210701823235e-03
1.135536376386880875e-02
2.775845059659332037e-04
-9.903920814394950867e-03
-1.027799118310213089e-02
-1.233198097907006741e-03
-3.143175126751884818e-05
4.648656584322452545e-03
2.631792100146412849e-03
-2.384344488382339478e-02
2.795548178255558014e-03
-4.978419281542301178e-03
4.236673121340572834e-04
-1.611363841220736504e-03
-7.136522792279720306e-03
-5.354451015591621399e-03
5.658136215060949326e-03
-1.021588966250419617e-02
6.689531728625297546e-03
-4.234514664858579636e-03
3.383656963706016541e-03
-2.568868920207023621e-03
-2.392425434663891792e-03
-3.425269201397895813e-02
-1.033171429298818111e-03
4.367869812995195389e-03
-2.257908228784799576e-03
-7.153158076107501984e-03
-6.493009626865386963e-03
1.007701270282268524e-03
1.355518680065870285e-02
-3.409310011193156242e-03
-3.831313177943229675e-02
-3.781232750043272972e-03
1.366689917631447315e-03
4.899033810943365097e-03
-2.668728353455662727e-03
-3.321236371994018555e-02
4.794034612132236362e-05
-3.296549431979656219e-03
5.182595923542976379e-03
6.494650151580572128e-03
9.965464472770690918e-03
1.966519095003604889e-02
1.212572399526834488e-02
2.355056116357445717e-03
-1.627304777503013611e-02
9.896968258544802666e-04
5.237136967480182648e-03
1.312507875263690948e-02
-5.481882020831108093e-03
2.947688568383455276e-03
4.404366947710514069e-03
1.138914935290813446e-02
3.548195818439126015e-03
8.766862563788890839e-03
1.013282872736454010e-02
-6.826939992606639862e-03
9.245921857655048370e-03
3.868447965942323208e-04
7.426466327160596848e-03
4.810616374015808105e-03
1.072752662003040314e-02
2.201044699177145958e-03
8.831736049614846706e-04
1.249548164196312428e-03
4.586390685290098190e-03
5.438695661723613739e-03
6.856267806142568588e-03
2.577813901007175446e-02
9.213841520249843597e-03
1.573688164353370667e-02
1.383168506436049938e-03
2.441775752231478691e-03
1.131377276033163071e-02
2.911767922341823578e-02
4.813848994672298431e-03
1.539700315333902836e-03
-1.942091388627886772e-03
1.395170390605926514e-02
-1.958402805030345917e-02
1.644577248953282833e-03
6.617391016334295273e-03
1.769211608916521072e-03
1.497453637421131134e-02
-1.874630339443683624e-03
-1.211148686707019806e-03
1.214436488226056099e-03
6.746671278961002827e-04
3.454622928984463215e-04
2.052864758297801018e-03
2.044190652668476105e-03
-2.416960196569561958e-03
