1.500691659748554230e-02
-1.032585045322775841e-03
2.885845722630620003e-03
9.283102117478847504e-04
3.109508566558361053e-02
6.438508629798889160e-03
2.020355779677629471e-03
1.477478072047233582e-03
8.418281213380396366e-04
4.912114236503839493e-03
1.282542652916163206e-04
-5.896178190596401691e-04
4.647068679332733154e-03
1.203474937938153744e-03
-8.826708653941750526e-04
-2.596272155642509460e-03
-1.229081186465919018e-03
-2.181670395657420158e-03
1.959014451131224632e-03
1.620240625925362110e-03
-1.050868164747953415e-02
2.438228548271581531e-04
1.517546596005558968e-03
-2.265469403937458992e-03
-4.491777624934911728e-03
2.518882742151618004e-03
2.784315729513764381e-04
-2.169204177334904671e-03
6.643734872341156006e-03
5.901883821934461594e-03
3.318622708320617676e-03
-8.046393631957471371e-04
-2.757245674729347229e-03
-3.466206137090921402e-03
2.667555818334221840e-03
9.585558436810970306e-03
2.596288919448852539e-03
6.182088982313871384e-04
3.937480971217155457e-03
-4.696252872236073017e-04
-1.064560655504465103e-02
4.693289811257272959e-04
3.316218266263604164e-03
-8.454769267700612545e-04
9.883777238428592682e-03
-1.243115868419408798e-02
-3.775862976908683777e-03
-3.735940670594573021e-03
-1.297975424677133560e-03
1.710088923573493958e-03
6.716270465403795242e-03
3.531885100528597832e-03
7.494974881410598755e-03
1.194607815705239773e-03
4.871943965554237366e-03
9.759306907653808594e-03
6.095580756664276123e-03
4.093652591109275818e-03
1.291792001575231552e-02
2.266507036983966827e-02
-5.607771163340657949e-05
3.592092776671051979e-03
-3.299124073237180710e-04
9.381042793393135071e-03
5.804233253002166748e-03
8.835651911795139313e-03
8.011152967810630798e-03
7.221507839858531952e-04
5.970522295683622360e-03
2.012259326875209808e-02
8.441632613539695740e-03
9.103472344577312469e-03
5.675265099853277206e-03
4.116095136851072311e-03
3.272607224062085152e-03
3.897821530699729919e-03
-5.818475619889795780e-04
4.799948073923587799e-03
-2.944468986243009567e-03
-1.551402965560555458e-03
-3.406836884096264839e-03
7.245369255542755127e-03
8.659285493195056915e-03
1.426292676478624344e-02
3.965873271226882935e-03
3.403147449716925621e-03
2.801322843879461288e-03
-2.679969416931271553e-03
-1.340954448096454144e-03
8.223397657275199890e-03
1.196367293596267700e-02
-5.606879480183124542e-03
-1.020157523453235626e-02
-8.113898802548646927e-04
-6.918995641171932220e-03
-3.093382343649864197e-03
-1.058809645473957062e-02
-1.665628701448440552e-02
-3.253739792853593826e-03
1.079878769814968109e-02
1.674237661063671112e-02
7.898633368313312531e-03
6.261962465941905975e-03
-1.752220094203948975e-02
1.036227308213710785e-02
-8.280802518129348755e-03
1.549602672457695007e-02
8.188633248209953308e-03
-3.766256151720881462e-03
1.486987341195344925e-03
1.001601293683052063e-02
6.232604850083589554e-03
-1.924157259054481983e-03
-3.553970018401741982e-03
-1.671493798494338989e-02
-1.640585949644446373e-03
4.067667759954929352e-03
2.876915736123919487e-03
-8.966496214270591736e-03
1.204499881714582443e-02
1.156723810709081590e-04
8.564596064388751984e-03
-7.331467233598232269e-03
4.327525850385427475e-03
-3.215165575966238976e-03
-2.618188038468360901e-03
-2.859231084585189819e-02
-3.333932487294077873e-03
9.520537219941616058e-03
-6.090451963245868683e-03
-4.119855351746082306e-03
1.962276175618171692e-03
-8.986821398138999939e-03
-8.759917691349983215e-03
1.384305115789175034e-02
1.465179957449436188e-02
3.292334079742431641e-02
4.760958719998598099e-03
2.485595829784870148e-02
1.384098362177610397e-02
1.123030856251716614e-02
1.873830519616603851e-02
2.491201506927609444e-03
9.953680448234081268e-03
1.951167359948158264e-02
1.169877313077449799e-02
1.231917645782232285e-02
-9.328167885541915894e-03
1.654738374054431915e-02
1.997982524335384369e-02
7.085988763719797134e-03
-2.518893778324127197e-02
-6.607318646274507046e-04
-4.047495499253273010e-02
5.885596037842333317e-04
8.578756824135780334e-03
3.562309220433235168e-02
2.918150648474693298e-02
1.763950102031230927e-02
-2.888232842087745667e-02
4.552672803401947021e-02
-3.227763110771775246e-03
-1.485136896371841431e-02
2.382316999137401581e-02
-1.216309797018766403e-02
-1.770719885826110840e-02
-3.428193554282188416e-02
-1.193010900169610977e-02
4.392733797430992126e-02
5.034831352531909943e-03
4.069809243083000183e-02
4.917422193102538586e-04
1.013725157827138901e-02
4.255450889468193054e-02
3.694453462958335876e-02
-2.757683163508772850e-03
6.020095199346542358e-02
2.192434296011924744e-02
-7.959336042404174805e-03
2.610993944108486176e-02
-1.842685416340827942e-02
5.119834840297698975e-02
-7.679380360059440136e-04
3.941079229116439819e-02
1.757183670997619629e-02
1.205393951386213303e-02
-1.679421402513980865e-03
2.653459832072257996e-02
4.928439157083630562e-04
4.876087605953216553e-02
4.193305969238281250e-03
3.730511292815208435e-02
7.162567228078842163e-02
4.812399670481681824e-02
-8.415029384195804596e-03
-1.095375139266252518e-02
-8.812809735536575317e-02
-9.734898060560226440e-02
-3.707666695117950439e-01
1.562090367078781128e-01
-1.056372150778770447e-01
2.016174048185348511e-01
6.556475907564163208e-02
5.337781831622123718e-02
4.680179432034492493e-02
2.690313756465911865e-02
2.239284478127956390e-02
2.562975278124213219e-03
-3.721251711249351501e-02
-2.031912282109260559e-02
-8.082930743694305420e-02
-1.446419209241867065e-01
-9.104745835065841675e-02
-3.761031851172447205e-02
-3.527662903070449829e-02
2.364760730415582657e-03
-2.420612610876560211e-02
-2.590780332684516907e-02
-3.584527224302291870e-02
-4.439178109169006348e-02
-7.642467971891164780e-03
-4.087876901030540466e-02
-5.838048644363880157e-03
-3.423920273780822754e-02
-3.354478999972343445e-02
-3.637449070811271667e-02
-4.205381497740745544e-02
-4.742145910859107971e-02
-4.754960536956787109e-03
-5.761465430259704590e-02
-3.053528256714344025e-02
-1.005269307643175125e-02
-3.430054336786270142e-02
1.852541026892140508e-04
4.565990064293146133e-03
2.474835142493247986e-02
-1.297206431627273560e-02
-3.882501646876335144e-02
1.034381799399852753e-02
-3.650278970599174500e-02
1.717027090489864349e-02
-5.661208182573318481e-03
-8.780915290117263794e-03
-2.827929519116878510e-02
-3.130865097045898438e-02
-2.670669369399547577e-02
1.996579580008983612e-02
7.561844307929277420e-03
2.154494822025299072e-02
2.487023919820785522e-02
3.077865950763225555e-02
-1.190178655087947845e-02
1.556038204580545425e-02
-8.235473185777664185e-03
-2.526010852307081223e-03
1.241490524262189865e-02
-1.606989838182926178e-02
1.730193756520748138e-02
-1.669797115027904510e-02
-6.335686426609754562e-03
-1.703712716698646545e-02
1.806496456265449524e-02
-9.555560536682605743e-03
-2.659115707501769066e-04
-2.101566828787326813e-02
-4.125872161239385605e-03
1.689844951033592224e-02
1.096540782600641251e-02
-1.205247477628290653e-03
4.237183835357427597e-03
-3.331400686874985695e-03
4.285849630832672119e-03
-7.170652039349079132e-03
-6.716038100421428680e-03
7.498421240597963333e-03
-1.927169226109981537e-02
-5.867367610335350037e-03
-3.910091239959001541e-03
-2.017939276993274689e-02
-9.047217667102813721e-03
-4.598656203597784042e-03
5.688331089913845062e-03
-1.409066841006278992e-02
-4.722105339169502258e-03
-7.258201017975807190e-03
-2.975825220346450806e-03
-1.582907163538038731e-03
-2.180808922275900841e-03
-5.270900204777717590e-02
-9.782248176634311676e-03
-1.508247759193181992e-02
-1.621635258197784424e-02
-6.828833837062120438e-03
-1.486392971128225327e-02
-1.783799147233366966e-03
-5.521585699170827866e-03
-1.215532422065734863e-02
-3.325670724734663963e-03
-6.278017070144414902e-03
-6.206002435646951199e-04
-6.705705542117357254e-03
-1.401950512081384659e-02
-6.651445291936397552e-03
-4.820704925805330276e-03
3.225201508030295372e-03
2.068944275379180908e-03
-1.288072206079959869e-02
-5.923245567828416824e-03
-1.279354473808780313e-04
7.816025987267494202e-03
-1.449410803616046906e-03
-9.976255707442760468e-03
-9.827442467212677002e-03
-3.076115157455205917e-03
-1.323225675150752068e-03
2.450139494612812996e-03
9.110668324865400791e-04
-2.200940065085887909e-02
3.175859164912253618e-04
-5.191672593355178833e-03
-1.110228942707180977e-03
-3.268649335950613022e-03
-7.286831270903348923e-03
-6.620451342314481735e-03
3.543034195899963379e-03
-1.000369898974895477e-02
4.194398876279592514e-03
-4.810211714357137680e-03
1.412944635376334190e-03
-3.711257828399538994e-03
-4.140713717788457870e-03
-3.141046315431594849e-02
-2.514574211090803146e-03
2.385745290666818619e-03
-3.116929670795798302e-03
-7.214727345854043961e-03
-6.663915235549211502e-03
-2.263807546114549041e-04
1.054113358259201050e-02
-4.350236617028713226e-03
-3.518469631671905518e-02
-4.044275730848312378e-03
4.641483246814459562e-04
3.485440043732523918e-03
-3.032159758731722832e-03
-2.997135743498802185e-02
-5.141507135704159737e-04
-2.795375185087323189e-03
4.370093345642089844e-03
5.626471713185310364e-03
8.829483762383460999e-03
1.735437475144863129e-02
1.055536698549985886e-02
1.936261542141437531e-03
-1.400690805166959763e-02
1.022255630232393742e-03
4.458543844521045685e-03
1.171502098441123962e-02
-4.465838428586721420e-03
2.801707014441490173e-03
3.942088223993778229e-03
1.032319013029336929e-02
3.691207151859998703e-03
8.010633289813995361e-03
9.192632511258125305e-03
-5.504761822521686554e-03
8.292308077216148376e-03
9.515093406662344933e-04
6.980809383094310760e-03
4.366220906376838684e-03
9.851066395640373230e-03
2.667583758011460304e-03
1.381841837428510189e-03
1.472742995247244835e-03
4.439359530806541443e-03
5.577232688665390015e-03
6.836348213255405426e-03
2.350834757089614868e-02
8.827589452266693115e-03
1.461537927389144897e-02
2.076859818771481514e-03
2.527883509173989296e-03
1.042124629020690918e-02
2.636935934424400330e-02
5.105031188577413559e-03
1.881998265162110329e-03
-8.667821530252695084e-04
1.254478562623262405e-02
-1.689913682639598846e-02
1.813897746615111828e-03
5.996644496917724609e-03
1.771745039150118828e-03
1.310141198337078094e-02
-1.093352097086608410e-03
-6.011839723214507103e-04
1.418153871782124043e-03
9.461203590035438538e-04
3.362962743267416954e-04
1.958176027983427048e-03
2.186627825722098351e-03
-2.121378900483250618e-03
