-4.328543436713516712e-04
-3.019864670932292938e-03
2.879128558561205864e-03
-1.141422800719738007e-02
-2.518430352210998535e-03
6.985114421695470810e-03
2.515318570658564568e-03
1.471567316912114620e-03
4.998696967959403992e-03
-2.136393450200557709e-03
5.796720273792743683e-03
4.025845322757959366e-03
4.877145867794752121e-03
7.043073419481515884e-03
8.520781993865966797e-04
-8.512538042850792408e-04
1.858895993791520596e-03
-1.022404618561267853e-02
7.503921515308320522e-04
4.566398914903402328e-03
3.820348763838410378e-03
3.510426264256238937e-03
9.654997847974300385e-03
3.081712638959288597e-03
4.165567457675933838e-03
4.349302966147661209e-03
1.012520305812358856e-02
6.194415502250194550e-03
5.297937430441379547e-03
-9.461907320655882359e-04
3.181143850088119507e-02
1.918982341885566711e-02
5.003510043025016785e-03
6.133824586868286133e-03
8.324603550136089325e-03
4.469901788979768753e-03
3.584519494324922562e-03
6.854601670056581497e-03
4.201037343591451645e-03
7.843955419957637787e-03
5.124806426465511322e-03
8.292547427117824554e-03
3.680106485262513161e-03
1.039598602801561356e-02
4.247925709933042526e-03
1.100621558725833893e-02
1.093659922480583191e-02
1.877755485475063324e-02
1.048241369426250458e-02
1.191747281700372696e-02
7.288035005331039429e-03
2.083748346194624901e-03
8.589074946939945221e-03
9.001298807561397552e-03
7.449879194609820843e-04
3.765555843710899353e-02
1.303401030600070953e-02
9.965967386960983276e-03
4.718403797596693039e-03
4.587499424815177917e-03
5.445964168757200241e-03
2.404706925153732300e-02
1.228933501988649368e-02
2.677359851077198982e-03
7.536848541349172592e-03
1.154910493642091751e-02
-9.438494220376014709e-03
-6.338852457702159882e-03
6.074096076190471649e-03
6.813375744968652725e-03
6.891994737088680267e-03
1.043052179738879204e-03
8.002256043255329132e-03
7.368507329374551773e-03
2.207450103014707565e-03
7.260717917233705521e-03
4.744801204651594162e-03
7.593885995447635651e-03
9.567530825734138489e-03
1.042614411562681198e-02
1.125351991504430771e-02
1.139609795063734055e-02
6.349444855004549026e-03
-4.101642698515206575e-04
4.958307254128158092e-04
-7.516472600400447845e-03
1.098361890763044357e-02
-6.966856773942708969e-03
-9.678215137682855129e-04
1.505067944526672363e-02
9.223471395671367645e-03
1.258881855756044388e-02
2.031186595559120178e-03
1.188872288912534714e-02
-1.342226937413215637e-02
1.364109688438475132e-03
8.948327042162418365e-03
4.445021506398916245e-03
4.290474113076925278e-03
1.004778593778610229e-02
1.500867889262735844e-03
9.762373752892017365e-03
8.608581498265266418e-03
6.386088673025369644e-03
4.353622905910015106e-03
-4.150246270000934601e-03
6.271746940910816193e-03
1.229029987007379532e-02
6.904132664203643799e-03
-5.787590984255075455e-03
-4.080900922417640686e-03
4.469653591513633728e-03
1.288640964776277542e-02
-2.270581759512424469e-02
9.646203368902206421e-03
-1.827209070324897766e-02
3.244369872845709324e-04
1.202515885233879089e-02
6.759308744221925735e-03
-3.200627397745847702e-03
8.199556730687618256e-03
-4.474726971238851547e-03
-1.893452252261340618e-03
2.147218771278858185e-02
1.439752290025353432e-03
1.014160644263029099e-02
9.591297246515750885e-03
5.371101666241884232e-03
3.584171645343303680e-03
1.896782405674457550e-02
1.145315356552600861e-02
-1.630264217965304852e-03
2.262287074699997902e-03
-1.176369190216064453e-02
-6.759182550013065338e-03
-1.239202538272365928e-04
-1.389157213270664215e-02
1.469360291957855225e-02
-6.292045582085847855e-04
7.480416912585496902e-03
6.874926388263702393e-03
2.091758884489536285e-03
-2.602345496416091919e-02
-1.106433011591434479e-02
2.572281472384929657e-02
1.640724483877420425e-03
2.377394959330558777e-02
1.334561128169298172e-02
-2.862630644813179970e-04
2.727492537815123796e-04
9.191385470330715179e-03
6.640593986958265305e-03
-2.982890792191028595e-02
-9.461522102355957031e-03
3.236781805753707886e-03
-3.594725951552391052e-02
1.441689208149909973e-02
-1.823544502258300781e-02
-5.016394332051277161e-02
-2.389791421592235565e-02
-2.908991649746894836e-02
2.155137015506625175e-03
-3.324579214677214622e-03
-1.210712548345327377e-02
-2.043820358812808990e-02
-1.918461918830871582e-02
4.388225264847278595e-03
-1.914418861269950867e-02
-2.758819423615932465e-02
-5.659663584083318710e-03
-2.432274818420410156e-02
-2.936150506138801575e-02
9.179512970149517059e-03
-2.908660657703876495e-02
-2.368196845054626465e-02
4.505858290940523148e-03
-1.341609936207532883e-02
3.250996768474578857e-02
-1.946771517395973206e-02
-2.005472965538501740e-02
6.142167374491691589e-02
-1.463786605745553970e-02
-4.446519538760185242e-02
6.173963658511638641e-03
-1.487413886934518814e-02
-5.750419199466705322e-02
6.370446179062128067e-03
-1.713073439896106720e-02
-2.178396331146359444e-03
7.557828724384307861e-02
-6.328523904085159302e-02
-3.946721181273460388e-02
4.747595265507698059e-02
-6.112714111804962158e-02
-6.067053228616714478e-02
7.829669117927551270e-02
-7.234445959329605103e-02
6.659872829914093018e-02
7.485987991094589233e-02
-8.709039539098739624e-02
-3.708845004439353943e-02
3.949451446533203125e-02
3.706077858805656433e-02
3.979486972093582153e-02
8.787181228399276733e-02
1.051354482769966125e-01
5.335211753845214844e-02
4.908220469951629639e-02
-3.618897497653961182e-02
1.578468643128871918e-02
1.009467896074056625e-02
-5.595008656382560730e-02
-2.773949503898620605e-02
1.578824222087860107e-02
-2.725333208218216896e-03
4.157221317291259766e-02
-2.034989371895790100e-02
2.491410449147224426e-02
3.557952120900154114e-03
-1.213825494050979614e-02
-5.593359470367431641e-02
-5.667585134506225586e-02
4.270879179239273071e-02
-4.400257393717765808e-02
2.028176747262477875e-02
-1.855327747762203217e-02
3.148696944117546082e-02
1.146089099347591400e-02
2.056559734046459198e-02
7.741183042526245117e-03
1.828475855290889740e-02
-6.561075802892446518e-03
-2.627020701766014099e-02
-1.539822015911340714e-02
-4.360797815024852753e-03
1.858659274876117706e-02
-1.367334928363561630e-02
-2.018088707700371742e-03
-8.132745511829853058e-03
-1.211366616189479828e-02
2.981097670271992683e-03
-2.741989213973283768e-03
-2.082947175949811935e-03
-3.198226541280746460e-02
-2.535241888836026192e-03
-3.293330967426300049e-02
-1.564541016705334187e-03
1.399801298975944519e-02
5.467246752232313156e-03
-1.625879481434822083e-02
-9.845307096838951111e-03
6.160464254207909107e-04
-2.412151731550693512e-02
-1.000873837620019913e-02
-1.159512531012296677e-02
-1.740940206218510866e-04
-1.389566576108336449e-03
-1.293405145406723022e-02
-8.193142712116241455e-03
-1.439276244491338730e-02
7.812111172825098038e-03
-1.625627162866294384e-03
-1.518650678917765617e-04
2.842180430889129639e-02
-4.892137832939624786e-03
-7.843282073736190796e-03
-1.745210587978363037e-02
-7.612871471792459488e-03
-1.316922344267368317e-02
-5.456500686705112457e-03
4.508687648922204971e-03
3.237599506974220276e-03
1.000656746327877045e-03
4.890369717031717300e-03
-4.848687443882226944e-03
8.118572295643389225e-04
7.887574844062328339e-03
1.208821777254343033e-03
4.819026216864585876e-03
1.076734811067581177e-02
5.028926767408847809e-03
1.152144279330968857e-03
-4.884486086666584015e-03
-2.492038998752832413e-03
-1.255445880815386772e-03
7.153390906751155853e-03
4.376429715193808079e-04
-1.181147247552871704e-02
-9.938279399648308754e-04
-4.164955113083124161e-03
-8.205947466194629669e-03
1.838310807943344116e-02
3.252162598073482513e-03
2.950946334749460220e-03
9.193532168865203857e-03
1.152396854013204575e-02
1.658923737704753876e-02
-6.220616400241851807e-03
4.250554484315216541e-04
-8.069362491369247437e-03
3.799070254899561405e-04
6.185680627822875977e-03
-2.229419536888599396e-03
-1.998817780986428261e-03
-2.029977506026625633e-03
-5.506845191121101379e-03
-2.928550238721072674e-04
-1.782362465746700764e-03
-5.102091818116605282e-04
-5.712116137146949768e-03
-5.322156008332967758e-03
-4.985570558346807957e-04
2.391102723777294159e-03
5.020825657993555069e-03
-6.158464122563600540e-03
2.960500540211796761e-03
5.278186872601509094e-04
-3.128636395558714867e-03
4.551061138045042753e-04
-7.551930379122495651e-03
-1.277866959571838379e-02
-3.037607530131936073e-03
-1.151831471361219883e-03
1.651637285249307752e-04
-2.272224519401788712e-03
-1.441271230578422546e-02
-2.513758838176727295e-03
-6.468146108090877533e-03
1.824833336286246777e-03
-5.190470721572637558e-03
-8.298327215015888214e-03
1.672885846346616745e-03
-5.987255834043025970e-03
-4.570640623569488525e-03
-5.229779984802007675e-03
-1.089272648096084595e-02
-4.602150525897741318e-03
-7.412818260490894318e-03
-3.379257023334503174e-02
-1.140267960727214813e-02
-5.283891689032316208e-03
-6.334932055324316025e-03
-2.118356293067336082e-03
-1.240730192512273788e-02
-1.017930638045072556e-02
-8.006867952644824982e-03
-3.437831066548824310e-03
-3.728524781763553619e-03
-4.180245101451873779e-03
-7.839920930564403534e-03
-3.563988953828811646e-02
-1.031596306711435318e-02
-6.388591974973678589e-02
-1.146648358553647995e-02
3.579730913043022156e-02
-2.800932386890053749e-03
-1.891215890645980835e-02
-1.851652376353740692e-02
-6.182026118040084839e-03
-1.031378656625747681e-02
9.652850218117237091e-03
-1.079780049622058868e-03
7.482994347810745239e-03
-9.700434282422065735e-03
-2.256641909480094910e-02
-9.170313365757465363e-03
-6.515542510896921158e-03
-1.990098273381590843e-03
-3.514271462336182594e-03
-1.995326951146125793e-02
-5.199657287448644638e-03
-3.571648616343736649e-03
-8.152469061315059662e-03
-5.209422670304775238e-03
3.008997812867164612e-02
-3.280978184193372726e-03
-1.915486156940460205e-02
-6.115191616117954254e-03
-5.912090186029672623e-03
-9.316094219684600830e-03
-7.550095673650503159e-03
-4.639844875782728195e-03
1.027979087666608393e-04
-4.122006241232156754e-03
-8.907123468816280365e-03
-8.925960282795131207e-04
8.663869812153279781e-04
-1.184090040624141693e-03
-9.096372872591018677e-03
-3.773015690967440605e-03
-3.439964959397912025e-03
-2.210055105388164520e-02
-8.303496055305004120e-03
-6.798882037401199341e-03
6.666101515293121338e-03
5.163536872714757919e-03
-4.046415910124778748e-03
-1.075047883205115795e-03
-7.174739614129066467e-03
-1.235412200912833214e-03
2.348237176192924380e-04
