6.687117856927216053e-04
4.873438156209886074e-04
7.083193631842732430e-04
4.287093179300427437e-04
4.185013822279870510e-04
3.958076704293489456e-04
3.712002944666892290e-04
4.138259100727736950e-04
2.788816927932202816e-04
5.266175721772015095e-04
5.394906038418412209e-04
4.579439410008490086e-04
2.936988603323698044e-04
2.966228348668664694e-04
3.703426627907902002e-04
2.919344988185912371e-04
5.586770712397992611e-04
4.411649133544415236e-04
5.165112088434398174e-04
2.980546269100159407e-04
4.047813999932259321e-04
5.747922696173191071e-04
4.171069886069744825e-04
1.031519379466772079e-03
2.764097880572080612e-04
2.717707538977265358e-04
3.348469617776572704e-04
5.903370329178869724e-04
6.754200439900159836e-04
4.290414508432149887e-04
6.135727744549512863e-05
6.024397443979978561e-04
5.550388596020638943e-04
5.920894327573478222e-04
2.056093944702297449e-04
4.313502577133476734e-04
2.673776762094348669e-04
6.957101286388933659e-04
4.923917003907263279e-04
2.999221323989331722e-04
4.836207663174718618e-04
4.099218931514769793e-04
3.712720645125955343e-04
5.254345596767961979e-04
4.196573863737285137e-04
3.747951122932136059e-04
3.021321317646652460e-04
4.145501879975199699e-04
3.075630520470440388e-04
7.836510194465517998e-04
4.180335963610559702e-04
3.143852809444069862e-04
5.446608993224799633e-04
5.335918976925313473e-04
4.685037420131266117e-04
3.405110037419945002e-04
4.227730969432741404e-04
3.516092547215521336e-04
4.573412588797509670e-04
4.707969492301344872e-04
4.354252305347472429e-04
5.478861276060342789e-04
4.311715892981737852e-04
6.601248169317841530e-04
2.289907133672386408e-04
8.660751045681536198e-04
3.932502004317939281e-04
5.369300488382577896e-04
5.626914207823574543e-04
7.271195063367486000e-04
1.989028532989323139e-04
4.058858030475676060e-04
2.485079166945070028e-04
6.609074189327657223e-04
4.527626151684671640e-04
3.597841714508831501e-04
4.199473187327384949e-04
2.885212888941168785e-04
5.585738690569996834e-04
4.195871006231755018e-04
3.896422567777335644e-04
4.117087810300290585e-04
4.360268358141183853e-04
1.253550290130078793e-04
4.743443860206753016e-04
5.791011499240994453e-04
3.884455072693526745e-04
4.244666779413819313e-04
4.007696988992393017e-04
5.308732506819069386e-04
4.319735744502395391e-04
2.716794260777533054e-04
2.965892199426889420e-04
4.364255291875451803e-04
3.075774875469505787e-04
2.528776531107723713e-04
3.369061741977930069e-04
3.143940411973744631e-04
3.894798282999545336e-04
2.452787011861801147e-04
3.721613029483705759e-04
4.095681942999362946e-04
3.641175280790776014e-04
1.751054369378834963e-04
1.749933871906250715e-04
2.314301382284611464e-04
4.483938973862677813e-04
3.016738628502935171e-04
3.155450394842773676e-04
2.398564101895317435e-04
3.712533507496118546e-04
3.828118497040122747e-04
3.539503377396613359e-04
3.238049102947115898e-04
2.290864213136956096e-04
3.582399222068488598e-04
3.817382093984633684e-04
2.469430619385093451e-04
1.910817809402942657e-04
2.594136749394237995e-04
2.747102116700261831e-04
2.306032693013548851e-04
1.981474488275125623e-04
1.264079473912715912e-04
2.547827025409787893e-04
1.071134247467853129e-04
1.833974820328876376e-04
1.627265301067382097e-04
3.930924576707184315e-04
4.576201026793569326e-04
3.227261186111718416e-04
2.395857591181993484e-04
2.464166900608688593e-04
2.277648600284010172e-04
4.244886804372072220e-04
2.626011846587061882e-04
4.567009746097028255e-04
4.647327587008476257e-04
1.555095077492296696e-03
4.369158763438463211e-03
9.283188730478286743e-03
1.285180076956748962e-02
1.651696860790252686e-02
1.952660456299781799e-02
2.901653014123439789e-02
3.158671036362648010e-02
3.733583912253379822e-02
4.037866368889808655e-02
5.209509283304214478e-02
5.517532303929328918e-02
6.084620580077171326e-02
6.497781723737716675e-02
7.683385908603668213e-02
8.005141466856002808e-02
8.812971413135528564e-02
9.132183343172073364e-02
1.053593903779983521e-01
1.036735773086547852e-01
1.174989938735961914e-01
1.167219430208206177e-01
1.287218481302261353e-01
1.288840025663375854e-01
1.333287954330444336e-01
1.432155519723892212e-01
1.435986161231994629e-01
1.504390686750411987e-01
1.532098948955535889e-01
1.530556678771972656e-01
1.568634212017059326e-01
1.577750891447067261e-01
1.539382487535476685e-01
1.556151211261749268e-01
1.512472331523895264e-01
1.497616618871688843e-01
1.464228481054306030e-01
1.426820158958435059e-01
1.401799023151397705e-01
1.311098486185073853e-01
1.265275776386260986e-01
1.212677955627441406e-01
1.124947145581245422e-01
1.103103831410408020e-01
1.000813022255897522e-01
9.790608286857604980e-02
9.297610074281692505e-02
8.968628197908401489e-02
8.079794794321060181e-02
7.952332496643066406e-02
7.581600546836853027e-02
6.710544228553771973e-02
6.465883553028106689e-02
5.988955125212669373e-02
5.107774585485458374e-02
4.608992859721183777e-02
3.775944933295249939e-02
3.478549793362617493e-02
2.824867516756057739e-02
1.826029270887374878e-02
1.474299095571041107e-02
-1.982250250875949860e-05
1.798857847461476922e-04
-2.754152985289692879e-03
-1.302929874509572983e-02
-1.808415167033672333e-02
-2.832870930433273315e-02
-3.481878712773323059e-02
-3.672071173787117004e-02
-4.575819522142410278e-02
-4.968593269586563110e-02
-5.828402936458587646e-02
-6.303025037050247192e-02
-6.842699646949768066e-02
-7.617153227329254150e-02
-7.672421634197235107e-02
-8.656789362430572510e-02
-8.693973720073699951e-02
-8.938997238874435425e-02
-9.509744495153427124e-02
-1.025209352374076843e-01
-1.087246462702751160e-01
-1.141866073012351990e-01
-1.201995685696601868e-01
-1.252314299345016479e-01
-1.331912279129028320e-01
-1.358515918254852295e-01
-1.427691727876663208e-01
-1.465655714273452759e-01
-1.535095274448394775e-01
-1.521887332201004028e-01
-1.527784466743469238e-01
-1.573940813541412354e-01
-1.547352969646453857e-01
-1.585323959589004517e-01
-1.534523814916610718e-01
-1.534652113914489746e-01
-1.477844566106796265e-01
-1.442292779684066772e-01
-1.441316455602645874e-01
-1.364931762218475342e-01
-1.342620849609375000e-01
-1.233811154961585999e-01
-1.221752688288688660e-01
-1.114843934774398804e-01
-1.108394414186477661e-01
-9.982594102621078491e-02
-9.667938202619552612e-02
-8.628284186124801636e-02
-8.326273411512374878e-02
-7.310066372156143188e-02
-6.948085129261016846e-02
-6.193722784519195557e-02
-5.400000512599945068e-02
-4.686364158987998962e-02
-4.397869110107421875e-02
-3.930140659213066101e-02
-2.959194779396057129e-02
-2.698936872184276581e-02
-1.845053955912590027e-02
-2.097434736788272858e-02
-1.036650594323873520e-02
-1.214715000241994858e-02
-1.217451412230730057e-03
-3.294306574389338493e-03
-3.828230837825685740e-04
-3.347853198647499084e-04
-3.939316084142774343e-04
-4.033047298435121775e-04
-4.673898511100560427e-04
-3.024743637070059776e-04
-2.881952386815100908e-04
-2.587579074315726757e-04
-2.248432574560865760e-04
-2.406858257018029690e-04
-2.571076911408454180e-04
-1.947162381839007139e-04
-2.996866824105381966e-04
-3.425369504839181900e-04
-2.330489369342103601e-04
-1.244119193870574236e-04
-1.886354875750839710e-04
-1.665539894020184875e-04
-1.296172122238203883e-04
-1.468206901336088777e-04
-4.560056258924305439e-04
-2.183057658839970827e-04
-2.587125636637210846e-04
-3.080093301832675934e-04
-3.779912076424807310e-04
-3.805990563705563545e-04
-3.362201096024364233e-04
-2.747030521277338266e-04
-1.979271182790398598e-04
-3.767213493119925261e-04
-2.907321322709321976e-04
-2.841913374140858650e-04
-5.676199798472225666e-04
-2.292705903528258204e-04
-3.229420399293303490e-04
-4.318717401474714279e-04
-4.366634530015289783e-04
-3.131985140498727560e-04
-4.334278346505016088e-04
-3.606530663091689348e-04
-3.530634276103228331e-04
-1.476317556807771325e-04
-1.593366323504596949e-04
-3.211579460185021162e-04
-2.938142861239612103e-04
-2.421784156467765570e-04
-2.108521293848752975e-04
-3.467696660663932562e-04
-3.316957736387848854e-04
-3.508903027977794409e-04
-5.623188917525112629e-04
-6.545273354277014732e-04
-3.073722473345696926e-04
-4.055808531120419502e-04
-2.423694240860641003e-04
-2.264161739731207490e-04
-3.013020032085478306e-04
-4.623011336661875248e-04
-1.231049682246521115e-04
-4.352801479399204254e-04
-3.805069718509912491e-04
-3.951797261834144592e-04
-4.204669385217130184e-04
-6.207088590599596500e-04
-4.881410277448594570e-04
-4.604193964041769505e-04
-3.014556423295289278e-04
-2.967685868497937918e-04
-4.018554172944277525e-04
-4.262900911271572113e-04
-5.017738440074026585e-04
-5.910855834372341633e-04
-2.947785251308232546e-04
-3.755626967176795006e-04
-5.320913624018430710e-04
-4.045282257720828056e-04
-3.804086009040474892e-04
-3.993623540736734867e-04
-1.638850371818989515e-04
-4.580246750265359879e-04
-5.551585345529019833e-04
-2.647198562044650316e-04
-1.096258856705389917e-04
-4.154243506491184235e-04
-7.538518984802067280e-04
-4.126624553464353085e-04
-4.501237126532942057e-04
-4.259288834873586893e-04
-6.179835181683301926e-04
-4.066256806254386902e-04
-5.445122951641678810e-04
-5.227247020229697227e-04
-4.928644630126655102e-04
-5.079135298728942871e-04
-7.406430668197572231e-04
-3.767353482544422150e-04
-4.051093419548124075e-04
-5.019271047785878181e-04
-5.244673811830580235e-04
-1.408873649779707193e-04
-5.107130273245275021e-04
-3.138054744340479374e-04
-3.396212996449321508e-04
-3.467152055236510932e-05
-3.979334724135696888e-04
-7.436346495524048805e-04
-5.652933032251894474e-04
-4.173908382654190063e-04
-5.393918836489319801e-04
-7.341285236179828644e-04
-3.892421664204448462e-04
-2.556831459514796734e-04
-1.461784268030896783e-04
-5.859973607584834099e-04
-4.309763608034700155e-04
-2.931122144218534231e-04
-7.868529064580798149e-04
-3.895517438650131226e-04
-5.018954980187118053e-04
-5.122686852701008320e-04
-5.253411945886909962e-04
-4.853181308135390282e-04
-4.930912400595843792e-04
-3.687050484586507082e-04
-4.310380609240382910e-04
-3.984492504969239235e-04
-5.676086875610053539e-04
-2.042044798145070672e-04
-5.316825699992477894e-04
-2.266974042868241668e-04
-2.282611385453492403e-04
-6.618442712351679802e-04
-8.035107748582959175e-05
-4.139661614317446947e-04
-8.213458349928259850e-04
-3.333140339236706495e-04
-4.348303773440420628e-04
-5.113450461067259312e-04
