-3.705927811097353697e-04
-7.018971955403685570e-04
-6.611022981815040112e-04
-5.696169100701808929e-04
-4.115179472137242556e-04
-3.814885858446359634e-04
9.851765353232622147e-04
-2.850252494681626558e-04
-4.759912844747304916e-04
-1.036701723933219910e-04
6.514228152809664607e-05
-4.394622519612312317e-04
-3.327111771795898676e-04
-5.467865048558451235e-05
-1.649481127969920635e-04
-3.716092323884367943e-04
3.697950392961502075e-03
-4.653565993066877127e-04
-3.060448216274380684e-04
2.921721606981009245e-04
3.471419040579348803e-04
-2.374139876337721944e-04
-2.968419867102056742e-04
-5.033387060393579304e-05
-5.313070723786950111e-04
-3.595951420720666647e-05
-9.084876364795491099e-05
3.420032444410026073e-04
-5.146531038917601109e-04
-4.576728970278054476e-04
-8.894141647033393383e-04
-6.722991238348186016e-04
-4.559798981063067913e-04
-2.261880581500008702e-04
-4.497029876802116632e-04
1.288203638978302479e-04
5.674979765899479389e-04
-5.567951593548059464e-04
-9.926432976499199867e-04
-8.636606507934629917e-04
7.193289638962596655e-05
-8.720113546587526798e-04
-8.822692325338721275e-04
3.956443630158901215e-03
-1.432998105883598328e-04
-3.718309162650257349e-04
-7.110389415174722672e-04
-5.278489552438259125e-04
1.433195866411551833e-04
-7.602634141221642494e-04
-1.200098660774528980e-03
-1.052647712640464306e-03
-8.369740098714828491e-04
-6.097163422964513302e-04
-9.074634726857766509e-05
2.889120660256594419e-04
-1.677003456279635429e-04
-6.786216981709003448e-04
-7.959887734614312649e-04
-1.646640012040734291e-04
-4.752876120619475842e-04
-8.304338552989065647e-04
-9.588271495886147022e-05
-6.361872656270861626e-04
-5.445050192065536976e-04
-6.944061024114489555e-04
-4.136007337365299463e-04
-2.524769515730440617e-04
-3.999367763753980398e-04
-9.803205030038952827e-04
-6.296433857642114162e-04
-6.201992509886622429e-04
-1.280990429222583771e-03
-1.555830385768786073e-04
-2.429761370876803994e-04
-7.110430306056514382e-05
-6.244977703317999840e-04
-6.704849074594676495e-04
3.091360849794000387e-04
2.209512967965565622e-05
-4.287048068363219500e-05
-5.703463684767484665e-04
-7.243449799716472626e-04
-6.678877980448305607e-04
-6.659823120571672916e-04
-6.664445390924811363e-04
-3.452786477282643318e-04
-4.771689418703317642e-04
-1.981650420930236578e-04
3.265043051214888692e-05
-3.887158818542957306e-04
-6.769954343326389790e-04
-8.569652563892304897e-04
-6.722233374603092670e-04
-3.475811972748488188e-04
-4.118178039789199829e-04
-3.905040211975574493e-04
-2.890248433686792850e-04
-9.293047478422522545e-04
-1.040327129885554314e-03
-1.440544496290385723e-03
-5.865384591743350029e-04
-3.177993639837950468e-04
-5.066870944574475288e-04
-4.298597050365060568e-04
-9.530808893032371998e-05
-2.551386205595918000e-05
-1.327372738160192966e-04
2.042314969003200531e-03
4.013853686046786606e-05
8.176083210855722427e-04
5.235032178461551666e-03
8.106034249067306519e-03
-7.348296348936855793e-04
2.897824160754680634e-02
-5.490342155098915100e-04
2.844426780939102173e-02
6.652570329606533051e-03
3.027262352406978607e-02
4.374367650598287582e-03
3.277828544378280640e-02
2.259404212236404419e-02
2.360858581960201263e-02
4.907147213816642761e-02
2.211945503950119019e-02
5.082985013723373413e-02
3.848248720169067383e-02
4.618493840098381042e-02
4.875159636139869690e-02
6.200359016656875610e-02
5.922491848468780518e-02
6.248915940523147583e-02
6.560211628675460815e-02
7.200315594673156738e-02
7.005397230386734009e-02
7.887469232082366943e-02
6.986717134714126587e-02
9.677891433238983154e-02
7.809032499790191650e-02
9.810344874858856201e-02
9.351374953985214233e-02
1.063847243785858154e-01
9.438725560903549194e-02
1.020841598510742188e-01
1.201634854078292847e-01
1.046900153160095215e-01
1.183810159564018250e-01
1.208122968673706055e-01
1.118207797408103943e-01
1.281770914793014526e-01
1.137534305453300476e-01
1.429861485958099365e-01
1.089018955826759338e-01
1.323163658380508423e-01
1.368154287338256836e-01
1.115580201148986816e-01
1.479868143796920776e-01
1.339023858308792114e-01
1.167169213294982910e-01
1.483932584524154663e-01
1.156462654471397400e-01
1.349458843469619751e-01
1.313234418630599976e-01
1.277540475130081177e-01
1.241322904825210571e-01
1.252104341983795166e-01
1.282555758953094482e-01
1.195874139666557312e-01
1.218131855130195618e-01
1.196493059396743774e-01
1.133067682385444641e-01
1.109788715839385986e-01
1.191858500242233276e-01
1.015689224004745483e-01
1.024327501654624939e-01
1.076704859733581543e-01
8.625968545675277710e-02
9.516689926385879517e-02
9.185198694467544556e-02
7.218348234891891479e-02
9.176605939865112305e-02
6.603366136550903320e-02
7.124028354883193970e-02
6.928623467683792114e-02
6.505405902862548828e-02
5.997316911816596985e-02
5.926012992858886719e-02
5.952997878193855286e-02
4.373934864997863770e-02
6.421514600515365601e-02
3.898970037698745728e-02
3.577331081032752991e-02
6.953408569097518921e-02
2.232933044433593750e-02
1.492402795702219009e-02
5.362310633063316345e-02
-1.626525819301605225e-02
4.065772891044616699e-02
5.195453390479087830e-02
-1.892782002687454224e-02
-1.774774718796834350e-04
-1.056850655004382133e-03
5.181663669645786285e-03
-1.312367059290409088e-02
-2.751509018708020449e-04
-7.784945424646139145e-03
-2.902167476713657379e-02
-2.031356841325759888e-02
-4.782430082559585571e-02
-3.641198948025703430e-02
-3.957932069897651672e-02
-5.477874353528022766e-02
-5.683989077806472778e-02
-4.130077734589576721e-02
-6.831904500722885132e-02
-4.774006083607673645e-02
-7.332368195056915283e-02
-6.228950619697570801e-02
-7.154433429241180420e-02
-7.344996929168701172e-02
-7.762780785560607910e-02
-9.494034200906753540e-02
-6.984671205282211304e-02
-1.137100383639335632e-01
-7.758646458387374878e-02
-1.118782088160514832e-01
-9.321815520524978638e-02
-1.187105476856231689e-01
-1.046608090400695801e-01
-1.193970143795013428e-01
-1.118823587894439697e-01
-1.194033622741699219e-01
-1.242233291268348694e-01
-1.193093359470367432e-01
-1.381619274616241455e-01
-1.098174378275871277e-01
-1.440856307744979858e-01
-1.219871193170547485e-01
-1.313974559307098389e-01
-1.380526423454284668e-01
-1.268397867679595947e-01
-1.354729980230331421e-01
-1.275948137044906616e-01
-1.439475864171981812e-01
-1.121933311223983765e-01
-1.509210318326950073e-01
-1.202335879206657410e-01
-1.336895972490310669e-01
-1.221907585859298706e-01
-1.313492953777313232e-01
-1.236088573932647705e-01
-1.125031560659408569e-01
-1.340051442384719849e-01
-1.085268631577491760e-01
-1.283995509147644043e-01
-1.007509380578994751e-01
-1.135733053088188171e-01
-1.049402207136154175e-01
-1.013614460825920105e-01
-1.039329618215560913e-01
-8.748497068881988525e-02
-9.482100605964660645e-02
-9.445980191230773926e-02
-6.973247975111007690e-02
-9.459196776151657104e-02
-6.155198067426681519e-02
-8.294903486967086792e-02
-6.454484909772872925e-02
-6.694106757640838623e-02
-6.598313897848129272e-02
-4.933478310704231262e-02
-6.114523112773895264e-02
-4.822526127099990845e-02
-5.299437791109085083e-02
-4.183134436607360840e-02
-4.686402529478073120e-02
-3.221061453223228455e-02
-3.662737458944320679e-02
-2.855739183723926544e-02
-2.716020867228507996e-02
-3.162155300378799438e-02
-1.204217970371246338e-02
-3.020241856575012207e-02
-7.630854845046997070e-03
-2.264945767819881439e-02
-6.968203932046890259e-03
-6.009921431541442871e-03
-2.025648579001426697e-02
2.262431953568011522e-04
-4.961566533893346786e-03
-6.119712488725781441e-04
-7.536732300650328398e-05
-5.221706349402666092e-03
5.159076536074280739e-04
5.083904834464192390e-04
7.355583366006612778e-04
3.916726273018866777e-04
7.501797517761588097e-04
5.940636037848889828e-04
1.502291124779731035e-04
2.021905675064772367e-04
8.074720390141010284e-04
4.609968164004385471e-04
2.385066909482702613e-04
2.470043546054512262e-04
2.734974259510636330e-04
4.179751267656683922e-04
5.293942522257566452e-04
5.137974512763321400e-04
5.415740306489169598e-04
8.345358073711395264e-04
4.410253022797405720e-04
4.858220345340669155e-04
5.932296044193208218e-04
6.680160877294838428e-04
2.469798891979735345e-05
2.663738268893212080e-04
9.657597402110695839e-04
4.920426872558891773e-04
4.382054903544485569e-04
8.574147068429738283e-05
5.083326250314712524e-04
6.570293917320668697e-04
6.530208338517695665e-05
4.631465417332947254e-04
9.402236173627898097e-05
5.655872519128024578e-04
4.696535179391503334e-04
4.980151425115764141e-04
7.657724199816584587e-04
8.438148652203381062e-04
4.914115997962653637e-04
3.396531974431127310e-04
6.978881428949534893e-04
8.556599495932459831e-04
4.013523866888135672e-04
2.463414566591382027e-04
4.943759413436055183e-04
4.084306128788739443e-04
3.948863377445377409e-05
-1.286026672460138798e-04
5.026083672419190407e-04
1.010049483738839626e-03
6.706555723212659359e-04
5.302531644701957703e-04
4.706580511992797256e-05
6.848056800663471222e-04
6.983735365793108940e-04
9.759309468790888786e-04
8.616063860245049000e-04
1.601313415449112654e-04
2.220677997684106231e-04
5.046325968578457832e-04
2.095256058964878321e-05
6.433614180423319340e-05
8.642912143841385841e-04
7.661545532755553722e-04
1.028449507430195808e-03
5.129627606947906315e-05
6.340804975479841232e-05
3.242333477828651667e-04
7.967936107888817787e-04
1.369038509437814355e-04
9.958181763067841530e-04
1.180352410301566124e-03
-7.446943782269954681e-03
-6.708999717375263572e-05
-9.542996849631890655e-05
-2.182608150178566575e-04
-1.317856367677450180e-04
7.643083226867020130e-04
4.120383891859091818e-05
1.299274503253400326e-03
9.190234704874455929e-04
1.715723337838426232e-04
7.676227251067757607e-04
-1.323438482359051704e-04
7.768879877403378487e-04
8.562512230128049850e-04
9.893314563669264317e-05
2.117939402523916215e-05
7.781527237966656685e-04
6.735763745382428169e-04
1.861231721704825759e-04
2.990546345245093107e-04
3.340321418363600969e-04
8.020699606277048588e-04
7.736183761153370142e-05
7.942692172946408391e-05
9.507334325462579727e-04
4.523186944425106049e-04
5.222509498707950115e-04
-2.504869480617344379e-04
5.627441569231450558e-04
1.254523755051195621e-03
4.571767640300095081e-04
-7.267901673913002014e-04
3.629351849667727947e-04
-4.021891436423175037e-05
5.779048660770058632e-04
2.898325037676841021e-04
