-4.607051960192620754e-04
-3.166150301694869995e-03
3.022282617166638374e-03
-1.164655573666095734e-02
-2.683967584744095802e-03
7.332642097026109695e-03
2.691669622436165810e-03
1.571927918121218681e-03
5.329983308911323547e-03
-2.232346683740615845e-03
6.070956122130155563e-03
4.295471590012311935e-03
5.071767140179872513e-03
7.321531884372234344e-03
9.510553791187703609e-04
-7.963668904267251492e-04
1.886985148303210735e-03
-1.045435201376676559e-02
8.197238203138113022e-04
4.816588480025529861e-03
3.927435260266065598e-03
3.624041331931948662e-03
9.893815964460372925e-03
3.200203413143754005e-03
4.332353826612234116e-03
4.459546878933906555e-03
1.039921678602695465e-02
6.287473719567060471e-03
5.405356176197528839e-03
-1.189993112348020077e-03
3.238457441329956055e-02
1.952512003481388092e-02
5.054269917309284210e-03
6.188585422933101654e-03
8.530801162123680115e-03
4.452499561011791229e-03
3.635650733485817909e-03
6.976248230785131454e-03
4.073924850672483444e-03
7.984858006238937378e-03
5.090120248496532440e-03
8.291399106383323669e-03
3.612292697653174400e-03
1.044025085866451263e-02
4.007801413536071777e-03
1.113288663327693939e-02
1.103018224239349365e-02
1.906529441475868225e-02
1.048902794718742371e-02
1.204527635127305984e-02
7.226984016597270966e-03
1.832401263527572155e-03
8.510668762028217316e-03
8.955904282629489899e-03
3.155522863380610943e-04
3.825146332383155823e-02
1.307923253625631332e-02
9.846958331763744354e-03
4.597734194248914719e-03
4.403767175972461700e-03
5.188299808651208878e-03
2.440841495990753174e-02
1.220443006604909897e-02
2.275945618748664856e-03
7.429484277963638306e-03
1.154994126409292221e-02
-1.010207924991846085e-02
-6.848374381661415100e-03
5.887775681912899017e-03
6.696882192045450211e-03
6.681517232209444046e-03
4.975029150955379009e-04
7.706734351813793182e-03
7.005586288869380951e-03
1.468367874622344971e-03
6.888304837048053741e-03
4.273780155926942825e-03
7.428137585520744324e-03
9.371240623295307159e-03
9.997768327593803406e-03
1.105394866317510605e-02
1.121840905398130417e-02
5.848451051861047745e-03
-1.321171061135828495e-03
-3.577014722395688295e-04
-8.465027436614036560e-03
1.072063110768795013e-02
-7.833224721252918243e-03
-1.715317252092063427e-03
1.481882482767105103e-02
8.498856797814369202e-03
1.240641064941883087e-02
9.940285235643386841e-04
1.136008370667695999e-02
-1.450790837407112122e-02
6.334238569252192974e-04
8.383274078369140625e-03
3.275085007771849632e-03
3.591647837311029434e-03
9.564908221364021301e-03
4.085161781404167414e-04
9.013826958835124969e-03
8.031412959098815918e-03
5.757249891757965088e-03
3.128247102722525597e-03
-5.723277572542428970e-03
5.560350604355335236e-03
1.175010018050670624e-02
5.488067399710416794e-03
-6.998097058385610580e-03
-5.506772082298994064e-03
3.707686904817819595e-03
1.265897974371910095e-02
-2.453212253749370575e-02
9.242893196642398834e-03
-2.002943493425846100e-02
-8.279351168312132359e-04
1.145275123417377472e-02
5.787824280560016632e-03
-4.612173419445753098e-03
7.362062577158212662e-03
-5.790283903479576111e-03
-3.224586602300405502e-03
2.157121151685714722e-02
-1.403000060236081481e-04
9.406082332134246826e-03
8.882160298526287079e-03
3.960479516535997391e-03
1.544390805065631866e-03
1.897394284605979919e-02
1.070165541023015976e-02
-3.566332161426544189e-03
1.087356475181877613e-03
-1.370348408818244934e-02
-9.066924452781677246e-03
-1.430024625733494759e-03
-1.634443923830986023e-02
1.453953608870506287e-02
-1.803352381102740765e-03
6.810343358665704727e-03
5.950948689132928848e-03
1.011933432891964912e-03
-2.955009788274765015e-02
-1.389670372009277344e-02
2.650741860270500183e-02
2.739031042438000441e-04
2.385137975215911865e-02
1.341202296316623688e-02
-2.139459131285548210e-03
-9.227559785358607769e-04
8.842694573104381561e-03
6.683462765067815781e-03
-3.323488309979438782e-02
-1.112192776054143906e-02
3.268259344622492790e-03
-3.984196856617927551e-02
1.551875378936529160e-02
-1.955570094287395477e-02
-5.492290109395980835e-02
-2.627871371805667877e-02
-3.139130398631095886e-02
2.480079187080264091e-03
-3.494740696623921394e-03
-1.349975820630788803e-02
-2.246489934623241425e-02
-2.001817524433135986e-02
6.543405819684267044e-03
-2.096038125455379486e-02
-2.931077592074871063e-02
-5.611157510429620743e-03
-2.585863694548606873e-02
-3.209287300705909729e-02
1.108330301940441132e-02
-3.179211169481277466e-02
-2.658652514219284058e-02
5.041536875069141388e-03
-1.594919152557849884e-02
3.483898565173149109e-02
-2.191691100597381592e-02
-2.306458540260791779e-02
6.504968553781509399e-02
-1.726111955940723419e-02
-4.917850717902183533e-02
7.157679181545972824e-03
-1.587973348796367645e-02
-6.159934774041175842e-02
8.338014595210552216e-03
-1.733777672052383423e-02
1.967186573892831802e-03
8.528055995702743530e-02
-6.111038103699684143e-02
-3.342048451304435730e-02
6.062080711126327515e-02
-5.206913873553276062e-02
-4.387250170111656189e-02
9.221031516790390015e-02
-6.598600000143051147e-02
6.992072612047195435e-02
7.569079846143722534e-02
-9.905248880386352539e-02
-4.879578575491905212e-02
4.432353749871253967e-02
3.726756200194358826e-02
3.238542377948760986e-02
7.740797102451324463e-02
9.128923714160919189e-02
3.816862404346466064e-02
3.699979186058044434e-02
-4.727554693818092346e-02
1.030687522143125534e-02
6.408610381186008453e-03
-6.076724827289581299e-02
-3.062398731708526611e-02
1.629740186035633087e-02
-3.536822739988565445e-03
4.496150836348533630e-02
-2.039705961942672729e-02
2.795882336795330048e-02
5.276173818856477737e-03
-1.017916854470968246e-02
-5.751884356141090393e-02
-5.892799794673919678e-02
4.778356850147247314e-02
-4.672583937644958496e-02
2.345411665737628937e-02
-1.955042965710163116e-02
3.553204983472824097e-02
1.281074900180101395e-02
2.332759276032447815e-02
8.281707763671875000e-03
2.081379666924476624e-02
-5.958005785942077637e-03
-2.714463882148265839e-02
-1.567049324512481689e-02
-3.981429617851972580e-03
2.189174294471740723e-02
-1.415469683706760406e-02
-1.285811769776046276e-03
-7.460479158908128738e-03
-1.158756390213966370e-02
5.626720376312732697e-03
-1.055479398928582668e-03
-7.211841875687241554e-04
-3.344685584306716919e-02
-3.589117550291121006e-04
-3.467545285820960999e-02
-3.805702726822346449e-04
1.686893589794635773e-02
7.669952698051929474e-03
-1.621371693909168243e-02
-8.561653085052967072e-03
2.972720656543970108e-03
-2.404003962874412537e-02
-9.177103638648986816e-03
-1.098250504583120346e-02
1.450558891519904137e-03
-1.701288711046800017e-04
-1.207547076046466827e-02
-7.803422864526510239e-03
-1.408253144472837448e-02
1.050641667097806931e-02
-3.715685743372887373e-04
1.326601370237767696e-03
3.159520030021667480e-02
-3.919896669685840607e-03
-6.579400971531867981e-03
-1.783026009798049927e-02
-6.476676557213068008e-03
-1.222371496260166168e-02
-4.157219547778367996e-03
6.085663102567195892e-03
4.298003390431404114e-03
2.984988735988736153e-03
6.222839001566171646e-03
-4.126243758946657181e-03
1.919510657899081707e-03
9.267142973840236664e-03
2.842457266524434090e-03
6.389662157744169235e-03
1.215408928692340851e-02
6.309420801699161530e-03
2.704438287764787674e-03
-4.200827796012163162e-03
-1.336709945462644100e-03
1.942306407727301121e-04
8.785945363342761993e-03
1.488360227085649967e-03
-1.141078025102615356e-02
3.199209168087691069e-04
-3.376426408067345619e-03
-7.883522659540176392e-03
1.986569538712501526e-02
4.812511615455150604e-03
4.118296317756175995e-03
1.041668746620416641e-02
1.282089576125144958e-02
1.780579797923564911e-02
-6.004191003739833832e-03
1.300804433412849903e-03
-7.546800654381513596e-03
1.302531105466187000e-03
7.319862488657236099e-03
-1.618404174223542213e-03
-1.254897913895547390e-03
-1.127800671383738518e-03
-5.183170083910226822e-03
7.335643167607486248e-04
-9.305544081144034863e-04
2.338849008083343506e-04
-5.011382978409528732e-03
-4.671858157962560654e-03
5.615233094431459904e-04
3.023301949724555016e-03
5.546592641621828079e-03
-5.854020826518535614e-03
3.847357584163546562e-03
1.258463016711175442e-03
-2.690020250156521797e-03
1.352202845737338066e-03
-7.249256130307912827e-03
-1.270615588873624802e-02
-2.256158040836453438e-03
-6.502627511508762836e-04
6.345763686113059521e-04
-1.551884924992918968e-03
-1.444200426340103149e-02
-1.764053828082978725e-03
-6.095945835113525391e-03
2.585916081443428993e-03
-4.843431990593671799e-03
-8.029285818338394165e-03
2.326866146177053452e-03
-5.846285726875066757e-03
-4.107944201678037643e-03
-4.894399549812078476e-03
-1.085668615996837616e-02
-4.252353217452764511e-03
-7.166991010308265686e-03
-3.437874838709831238e-02
-1.134258415549993515e-02
-4.902846645563840866e-03
-6.324913818389177322e-03
-1.742294640280306339e-03
-1.260999310761690140e-02
-1.001886744052171707e-02
-7.907919585704803467e-03
-3.330123610794544220e-03
-3.532607574015855789e-03
-4.134060814976692200e-03
-7.789159193634986877e-03
-3.626446053385734558e-02
-1.010920945554971695e-02
-6.471917033195495605e-02
-1.157883182168006897e-02
3.663016855716705322e-02
-2.855474362149834633e-03
-1.926253177225589752e-02
-1.880878955125808716e-02
-6.101299542933702469e-03
-1.046424172818660736e-02
1.005401927977800369e-02
-9.369631297886371613e-04
7.811173330992460251e-03
-1.000077277421951294e-02
-2.304336987435817719e-02
-9.359947405755519867e-03
-6.519436370581388474e-03
-1.974379410967230797e-03
-3.676384920254349709e-03
-2.034359239041805267e-02
-5.317365285009145737e-03
-3.525037551298737526e-03
-8.377338759601116180e-03
-5.496771540492773056e-03
3.071027435362339020e-02
-3.415883984416723251e-03
-1.965333707630634308e-02
-6.312612909823656082e-03
-6.011965684592723846e-03
-9.550744667649269104e-03
-7.751309778541326523e-03
-4.876903258264064789e-03
1.152450931840576231e-04
-4.202340263873338699e-03
-9.232093580067157745e-03
-8.927902672439813614e-04
8.129984489642083645e-04
-1.164115965366363525e-03
-9.358382783830165863e-03
-3.963570110499858856e-03
-3.563802689313888550e-03
-2.267207019031047821e-02
-8.612283505499362946e-03
-7.079349830746650696e-03
6.839119829237461090e-03
5.196731071919202805e-03
-4.151729401201009750e-03
-1.159220933914184570e-03
-7.479120045900344849e-03
-1.350999926216900349e-03
2.211614046245813370e-04
