2.747966209426522255e-05
1.092092679755296558e-05
-7.222041022032499313e-04
-1.331913372268900275e-04
1.292181666940450668e-03
-9.299160446971654892e-04
-9.058300056494772434e-04
4.477183756534941494e-05
-4.524364194367080927e-04
-2.504923846572637558e-03
-8.306089439429342747e-04
3.754837089218199253e-04
6.798226968385279179e-04
-2.863902773242443800e-04
-1.374833285808563232e-03
-3.724659618455916643e-04
-1.288367493543773890e-04
5.126011092215776443e-04
2.470196050126105547e-04
4.872364515904337168e-04
1.739344006637111306e-04
5.533662042580544949e-04
-3.947087388951331377e-04
9.620219352655112743e-04
8.049270254559814930e-04
2.016916405409574509e-03
1.409743679687380791e-03
-3.679788205772638321e-04
-3.384329611435532570e-04
6.284496630541980267e-04
7.406454533338546753e-04
3.101377515122294426e-04
-2.557319821789860725e-04
-2.311644348083063960e-04
5.266977241262793541e-04
-1.105573173845186830e-04
1.690372475422918797e-03
-4.698621924035251141e-04
-2.364097861573100090e-03
-9.256085031665861607e-04
-8.216665592044591904e-04
-4.445650847628712654e-04
-6.370564224198460579e-04
-1.678662956692278385e-03
-3.082121256738901138e-03
-2.738783077802509069e-04
7.351335370913147926e-04
-1.659951172769069672e-03
-1.432196702808141708e-03
9.693094762042164803e-04
3.411510551813989878e-04
6.665631663054227829e-04
-7.459577755071222782e-04
-1.068156416295096278e-04
7.978336070664227009e-04
-2.729957341216504574e-04
3.902893222402781248e-04
2.685132203623652458e-04
1.520913094282150269e-03
-3.257523640058934689e-04
-5.659916787408292294e-04
-5.340362986316904426e-05
-1.388745615258812904e-03
-7.528138230554759502e-04
-1.777069293893873692e-03
-2.132688532583415508e-04
3.786200250033289194e-04
-1.954701729118824005e-03
2.881630789488554001e-04
1.389784156344830990e-04
-1.756461570039391518e-03
-2.059801016002893448e-03
-6.643353844992816448e-04
-7.636099326191470027e-05
2.205750352004542947e-04
2.393170725554227829e-04
-2.092209178954362869e-03
-1.449627889087423682e-04
-1.028190949000418186e-03
-2.708804677240550518e-04
9.481380111537873745e-04
9.584688232280313969e-04
-7.386459765257313848e-05
4.405418585520237684e-04
1.400155480951070786e-03
7.496995385736227036e-04
-2.455819048918783665e-04
1.391081954352557659e-03
4.164719139225780964e-04
8.477365481667220592e-04
1.874192850664258003e-03
5.319346091710031033e-04
9.537665173411369324e-04
7.208047900348901749e-04
1.239484408870339394e-03
8.517349488101899624e-05
-3.300720127299427986e-04
9.368169703520834446e-04
2.314174780622124672e-04
-5.632246029563248158e-04
5.842092796228826046e-04
1.791586983017623425e-03
1.107073272578418255e-03
-1.037413967424072325e-04
4.681291757151484489e-04
1.558404415845870972e-03
2.713133580982685089e-03
2.722602337598800659e-03
1.296835369430482388e-03
1.537425676360726357e-03
1.587627572007477283e-03
1.741843647323548794e-03
-3.140538174193352461e-04
1.570085529237985611e-03
1.640241709537804127e-03
1.169818104244768620e-03
8.124039159156382084e-04
1.751169911585748196e-03
1.683273148955777287e-04
-1.126265487982891500e-04
4.745540500152856112e-04
-7.259806734509766102e-04
2.329781273147091269e-04
9.854998206719756126e-04
-5.972266080789268017e-04
-1.603324199095368385e-03
-4.661849234253168106e-03
-6.840749643743038177e-03
-1.298967190086841583e-02
-3.869794541969895363e-03
-7.566233165562152863e-03
-1.957215182483196259e-02
-1.389897987246513367e-02
-2.463960461318492889e-02
-3.059394843876361847e-02
-2.947786450386047363e-02
-3.284008800983428955e-02
-3.302470967173576355e-02
-4.272101446986198425e-02
-3.820375353097915649e-02
-6.466210633516311646e-02
-3.553430363535881042e-02
-6.618747115135192871e-02
-4.310940578579902649e-02
-7.537624239921569824e-02
-6.337615847587585449e-02
-8.520738780498504639e-02
-7.416803389787673950e-02
-8.833654224872589111e-02
-8.211440593004226685e-02
-1.012260317802429199e-01
-9.994706511497497559e-02
-1.013289839029312134e-01
-1.175892204046249390e-01
-1.047042310237884521e-01
-1.189526617527008057e-01
-1.174767240881919861e-01
-1.200950220227241516e-01
-1.352922916412353516e-01
-1.189695000648498535e-01
-1.368512362241744995e-01
-1.315250098705291748e-01
-1.392864733934402466e-01
-1.420542448759078979e-01
-1.406668126583099365e-01
-1.419646888971328735e-01
-1.285580098628997803e-01
-1.481256037950515747e-01
-1.321960538625717163e-01
-1.391637772321701050e-01
-1.391862481832504272e-01
-1.232605874538421631e-01
-1.375503242015838623e-01
-1.251024305820465088e-01
-1.266893297433853149e-01
-1.203021258115768433e-01
-1.181955784559249878e-01
-1.079304069280624390e-01
-1.175356134772300720e-01
-9.716951847076416016e-02
-1.078461408615112305e-01
-8.469869941473007202e-02
-9.473556280136108398e-02
-8.046256750822067261e-02
-8.169170469045639038e-02
-8.021637052297592163e-02
-7.708379626274108887e-02
-7.263315469026565552e-02
-6.847548484802246094e-02
-5.630235001444816589e-02
-6.017608568072319031e-02
-4.594011232256889343e-02
-5.176497250795364380e-02
-4.117666929960250854e-02
-3.719920292496681213e-02
-3.650336340069770813e-02
-2.439467981457710266e-02
-1.267611049115657806e-02
-1.499377097934484482e-02
-3.497164463624358177e-03
5.410545039921998978e-03
-5.001675453968346119e-04
6.750841625034809113e-03
1.284291967749595642e-02
1.589678972959518433e-02
2.038971707224845886e-02
2.573235519230365753e-02
2.994696050882339478e-02
4.308274760842323303e-02
4.543133825063705444e-02
5.230866000056266785e-02
4.875642061233520508e-02
6.476758420467376709e-02
5.577374622225761414e-02
7.207716256380081177e-02
7.142627239227294922e-02
6.905276328325271606e-02
8.811042457818984985e-02
6.620617955923080444e-02
9.552712738513946533e-02
8.511860668659210205e-02
1.043810024857521057e-01
9.401991218328475952e-02
1.080045774579048157e-01
1.031221896409988403e-01
1.202838644385337830e-01
1.053761243820190430e-01
1.305575966835021973e-01
1.180426999926567078e-01
1.226123943924903870e-01
1.327127516269683838e-01
1.200470700860023499e-01
1.458849459886550903e-01
1.281189471483230591e-01
1.384595483541488647e-01
1.356102228164672852e-01
1.346855163574218750e-01
1.293095946311950684e-01
1.242802813649177551e-01
1.317135095596313477e-01
1.206531748175621033e-01
1.222909465432167053e-01
1.240072920918464661e-01
1.121077910065650940e-01
1.130421161651611328e-01
1.102686896920204163e-01
1.064703837037086487e-01
1.101599410176277161e-01
9.848101437091827393e-02
9.919860213994979858e-02
8.026941865682601929e-02
8.420082926750183105e-02
8.321936428546905518e-02
6.248964369297027588e-02
8.139081299304962158e-02
5.306749045848846436e-02
7.390815764665603638e-02
4.094802215695381165e-02
6.304280459880828857e-02
3.725194185972213745e-02
5.049672722816467285e-02
3.740123659372329712e-02
3.979420289397239685e-02
3.129637986421585083e-02
3.006610088050365448e-02
2.707091160118579865e-02
2.314010262489318848e-02
1.480611134320497513e-02
2.335477247834205627e-02
4.001301247626543045e-03
1.762709021568298340e-02
2.502692223060876131e-04
7.609159220010042191e-03
6.027890834957361221e-03
9.537889127386733890e-05
5.257949698716402054e-03
-3.331612388137727976e-04
-6.310692988336086273e-04
-7.870739791542291641e-04
6.472937529906630516e-04
3.450090662227012217e-05
-1.424595247954130173e-04
-1.821696423576213419e-05
4.805983626283705235e-04
2.202633913839235902e-04
-1.104511553421616554e-03
-1.263679820112884045e-03
-1.341806724667549133e-03
-9.074685513041913509e-04
-2.317874692380428314e-03
-2.445887308567762375e-03
-1.435803133063018322e-03
-1.614017295651137829e-03
-1.990364631637930870e-03
-1.905430573970079422e-03
-7.594214403070509434e-04
-1.540188211947679520e-03
1.803007471607998013e-04
-4.965834086760878563e-04
-9.184610680676996708e-04
-6.234809989109635353e-04
-1.415276317857205868e-03
-2.272209618240594864e-03
-1.672676065936684608e-03
-1.033391105011105537e-03
-2.511474303901195526e-03
-1.098621869459748268e-03
-6.665216060355305672e-04
-1.942963222973048687e-03
-1.945548690855503082e-03
-2.277660183608531952e-03
-2.280027838423848152e-03
3.905233461409807205e-04
-6.886731716804206371e-04
-1.063092258846154436e-05
6.375987431965768337e-04
4.609676252584904432e-04
-8.546177414245903492e-04
-3.362628340255469084e-04
5.665870412485674024e-05
-3.705209819599986076e-04
1.551049354020506144e-05
7.546811502834316343e-06
-1.599987444933503866e-05
3.014228714164346457e-04
6.717042997479438782e-04
6.995454896241426468e-04
-6.720949022565037012e-05
-1.871390501037240028e-03
-4.951896262355148792e-04
9.945004712790250778e-04
1.066889730282127857e-03
2.372943708905950189e-04
1.752396638039499521e-04
2.996355469804257154e-04
-5.129215423949062824e-04
-2.393820468569174409e-04
3.321145486552268267e-04
1.210081041790544987e-03
1.012607244774699211e-03
9.275531047023832798e-04
3.589313710108399391e-04
4.642932035494595766e-04
-1.146337483078241348e-03
6.027211202308535576e-04
-1.664507544774096459e-05
6.218870403245091438e-04
1.127645373344421387e-03
9.450208162888884544e-04
4.443483194336295128e-04
3.260390658397227526e-04
1.422511879354715347e-03
-5.398578359745442867e-04
6.509117665700614452e-04
-1.048734411597251892e-03
-9.769644384505227208e-05
3.677207860164344311e-04
4.167726729065179825e-04
5.734235746785998344e-04
1.806364045478403568e-03
1.128437463194131851e-03
5.965628079138696194e-04
5.767968250438570976e-04
-3.897773276548832655e-04
1.034197513945400715e-03
1.286585466004908085e-03
-5.144852329976856709e-04
-1.380471396259963512e-03
-1.157095190137624741e-03
-3.097779990639537573e-04
6.321495675365440547e-06
4.955947515554726124e-04
-6.109728128649294376e-04
-1.168760063592344522e-04
1.443202636437490582e-04
-4.233078798279166222e-04
-1.175035024061799049e-03
-3.294191265013068914e-04
6.455095717683434486e-04
-2.367823908571153879e-04
-2.182597017963416874e-05
-3.772356722038239241e-04
1.227288390509784222e-03
2.656890719663351774e-04
-7.422773633152246475e-04
9.854108793660998344e-04
6.422323640435934067e-04
-1.041683251969516277e-03
-9.138882160186767578e-04
-7.813059492036700249e-04
-2.415589406155049801e-04
5.870732711628079414e-04
9.325961000286042690e-04
-5.322995129972696304e-04
1.535676419734954834e-03
5.592771922238171101e-04
1.469544658903032541e-04
4.530909354798495770e-04
6.609542178921401501e-04
-2.127550033037550747e-05
-5.809669964946806431e-04
