-6.337111117318272591e-04
6.053194374544546008e-05
2.035695360973477364e-03
1.774230506271123886e-03
8.765481761656701565e-04
2.358356956392526627e-03
2.678391756489872932e-03
1.666755997575819492e-03
2.121542580425739288e-03
6.927588256075978279e-04
1.261696335859596729e-03
1.377951819449663162e-03
1.089108758606016636e-03
2.140655182301998138e-03
1.449584611691534519e-03
1.280530588701367378e-03
1.025432487949728966e-03
1.248472370207309723e-03
1.485616900026798248e-03
-9.979787137126550078e-05
1.602042233571410179e-03
8.918878156691789627e-04
1.869009691290557384e-03
1.881778822280466557e-03
2.593199722468852997e-03
1.474475255236029625e-03
6.178161129355430603e-04
1.503385603427886963e-03
1.541805337183177471e-03
1.658057910390198231e-03
1.192174036987125874e-03
3.920431481674313545e-04
-1.011334010399878025e-03
-2.428654261166229844e-05
1.403931761160492897e-03
2.102612052112817764e-03
2.709117718040943146e-03
3.885895246639847755e-03
1.455592922866344452e-03
3.565349907148629427e-04
1.603516400791704655e-03
3.487729234620928764e-03
1.867294893600046635e-03
1.045012846589088440e-03
1.285638660192489624e-03
3.233831957913935184e-04
6.340562249533832073e-04
1.206183456815779209e-03
1.626678975299000740e-03
1.902152085676789284e-03
2.758923219516873360e-03
1.413116697221994400e-03
3.231521928682923317e-03
2.900868654251098633e-03
1.842489349655807018e-03
1.022428390569984913e-03
1.877770060673356056e-03
4.022349603474140167e-03
1.267240266315639019e-03
2.150944899767637253e-03
-8.353813900612294674e-04
1.218431745655834675e-03
1.071964041329920292e-03
-3.945444041164591908e-05
-2.623793669044971466e-03
1.536627300083637238e-03
3.452705917879939079e-03
2.676638076081871986e-03
3.594886802602559328e-04
1.836527721025049686e-03
8.317185565829277039e-04
2.399776130914688110e-04
2.854222431778907776e-03
1.783561310730874538e-03
1.080702786566689610e-04
4.511601582635194063e-04
2.031259238719940186e-03
2.119541866704821587e-03
2.145288977771997452e-03
2.558966632932424545e-03
2.140764379873871803e-03
2.246243413537740707e-03
3.055955050513148308e-03
3.003178630024194717e-03
1.434298465028405190e-03
4.788123536854982376e-03
2.218058099970221519e-03
3.219058562535792589e-04
1.112124300561845303e-03
1.693910220637917519e-03
8.909986354410648346e-04
1.335513428784906864e-03
1.809983630664646626e-03
1.465358305722475052e-03
2.272439742228016257e-04
1.484328065998852253e-03
-1.727945171296596527e-03
-2.789980790112167597e-04
1.720588072203099728e-03
6.610002019442617893e-04
4.626387963071465492e-04
8.108699112199246883e-04
9.574657306075096130e-04
1.587508129887282848e-03
2.983535407111048698e-03
2.088478533551096916e-03
8.482716511934995651e-04
1.174111457658000290e-04
1.467203255742788315e-03
9.941988391801714897e-04
2.115985378623008728e-03
2.671315101906657219e-03
1.368155120871961117e-03
2.076191303785890341e-04
1.209812588058412075e-03
3.562729340046644211e-03
3.047571284696459770e-03
2.706415019929409027e-03
5.152584984898567200e-03
1.920888782478868961e-03
8.747922256588935852e-03
8.685466833412647247e-03
8.350299671292304993e-03
1.948307827115058899e-02
5.135964136570692062e-03
2.421612478792667389e-02
1.986162737011909485e-02
2.833420783281326294e-02
2.824165299534797668e-02
4.033495858311653137e-02
4.311703890562057495e-02
4.648200795054435730e-02
4.861257225275039673e-02
5.525572225451469421e-02
5.780447274446487427e-02
6.298910081386566162e-02
6.075253710150718689e-02
8.014472573995590210e-02
7.076126337051391602e-02
8.568838238716125488e-02
8.520792424678802490e-02
9.170448780059814453e-02
8.720082044601440430e-02
9.404402971267700195e-02
1.038755252957344055e-01
9.764843434095382690e-02
1.130874827504158020e-01
1.146563291549682617e-01
1.114447712898254395e-01
1.232165768742561340e-01
1.126474216580390930e-01
1.385040432214736938e-01
1.186070367693901062e-01
1.338895112276077271e-01
1.325683593750000000e-01
1.248362213373184204e-01
1.416425555944442749e-01
1.341608762741088867e-01
1.269063949584960938e-01
1.451412588357925415e-01
1.293563991785049438e-01
1.410797685384750366e-01
1.325240135192871094e-01
1.339024305343627930e-01
1.322781294584274292e-01
1.311460137367248535e-01
1.333658546209335327e-01
1.287111639976501465e-01
1.291804909706115723e-01
1.230294257402420044e-01
1.201101168990135193e-01
1.193155497312545776e-01
1.202540695667266846e-01
1.056048199534416199e-01
1.040391027927398682e-01
1.136725395917892456e-01
9.772870689630508423e-02
1.007037237286567688e-01
9.644072502851486206e-02
8.562500029802322388e-02
9.342187643051147461e-02
8.119545131921768188e-02
8.267483860254287720e-02
7.683860510587692261e-02
7.241042703390121460e-02
7.085493206977844238e-02
6.228648871183395386e-02
6.316933035850524902e-02
5.397496372461318970e-02
6.037626788020133972e-02
4.834289103746414185e-02
4.231176152825355530e-02
5.746470391750335693e-02
3.372218832373619080e-02
2.288787253201007843e-02
4.529177770018577576e-02
2.996385563164949417e-03
2.421815320849418640e-02
3.284080326557159424e-02
-6.848803604952991009e-04
2.210467755503486842e-05
-6.821068818680942059e-04
-6.110453978180885315e-04
-9.674255736172199249e-03
-6.318722385913133621e-03
-1.620340906083583832e-02
-3.428379818797111511e-02
-2.867425046861171722e-02
-4.612004384398460388e-02
-4.144908115267753601e-02
-4.432365670800209045e-02
-5.201825499534606934e-02
-5.527386814355850220e-02
-4.915648326277732849e-02
-6.516619026660919189e-02
-6.245575100183486938e-02
-7.550837844610214233e-02
-6.848755478858947754e-02
-7.905422151088714600e-02
-8.589476346969604492e-02
-8.510638028383255005e-02
-9.718181192874908447e-02
-8.466422557830810547e-02
-1.114306151866912842e-01
-9.220793098211288452e-02
-1.107051149010658264e-01
-1.008297055959701538e-01
-1.192972287535667419e-01
-1.083165109157562256e-01
-1.222384050488471985e-01
-1.186788156628608704e-01
-1.198407635092735291e-01
-1.243644207715988159e-01
-1.205639392137527466e-01
-1.331847459077835083e-01
-1.183622479438781738e-01
-1.411289721727371216e-01
-1.291770935058593750e-01
-1.287363767623901367e-01
-1.342853754758834839e-01
-1.307447403669357300e-01
-1.403699368238449097e-01
-1.262133121490478516e-01
-1.424526572227478027e-01
-1.223937198519706726e-01
-1.417804360389709473e-01
-1.187784820795059204e-01
-1.335027068853378296e-01
-1.222067773342132568e-01
-1.272547841072082520e-01
-1.222316771745681763e-01
-1.104846075177192688e-01
-1.230217218399047852e-01
-1.051937565207481384e-01
-1.176822036504745483e-01
-9.465695917606353760e-02
-1.039247438311576843e-01
-9.186557680368423462e-02
-9.191803634166717529e-02
-8.864344656467437744e-02
-8.102477341890335083e-02
-8.087973296642303467e-02
-7.939257472753524780e-02
-6.623167544603347778e-02
-7.484803348779678345e-02
-5.548392236232757568e-02
-6.544347107410430908e-02
-4.881923645734786987e-02
-4.557348042726516724e-02
-4.617177322506904602e-02
-3.773559257388114929e-02
-4.541187733411788940e-02
-3.294306993484497070e-02
-3.496943414211273193e-02
-2.209293842315673828e-02
-2.186809852719306946e-02
-1.600217074155807495e-02
-2.073304355144500732e-02
-1.062200870364904404e-02
-1.115487050265073776e-02
-7.247116882354021072e-03
-1.449481584131717682e-03
-3.117708489298820496e-03
-2.126671839505434036e-03
-2.907710848376154900e-03
-1.511404756456613541e-03
-2.235116204246878624e-03
-2.339345170184969902e-03
-4.238032735884189606e-03
-2.895487006753683090e-03
-1.821150886826217175e-03
-2.357193734496831894e-03
-1.330054015852510929e-03
-2.222910523414611816e-03
-6.000432185828685760e-04
-7.883312064222991467e-04
-8.704404463060200214e-04
-1.521036145277321339e-03
-1.789630390703678131e-03
-8.623004541732370853e-04
-1.470189308747649193e-03
-2.387932734563946724e-03
-2.356772776693105698e-03
-3.794707590714097023e-03
-2.887546084821224213e-03
-1.300767064094543457e-03
-1.740045729093253613e-03
-2.459873212501406670e-04
-1.615102286450564861e-03
-6.003458402119576931e-04
-1.113294507376849651e-03
-1.543597085401415825e-03
-1.738524180836975574e-03
-1.659923465922474861e-03
-2.150405896827578545e-03
-6.571139092557132244e-04
2.543586306273937225e-04
2.696210285648703575e-04
4.192765336483716965e-04
-9.459184366278350353e-04
-3.696386120282113552e-04
9.466147748753428459e-04
-1.780368911568075418e-04
-1.111176330596208572e-03
-1.235792646184563637e-03
-1.731484429910778999e-03
-1.014752662740647793e-03
-1.590167172253131866e-03
-1.448536786483600736e-04
-1.211166149005293846e-03
-8.475135546177625656e-04
-2.470956242177635431e-04
-1.030625775456428528e-03
-4.990845336578786373e-04
-2.515367465093731880e-03
-1.604623743332922459e-03
-5.165534676052629948e-04
-1.631860854104161263e-03
-3.815825795754790306e-03
5.714834551326930523e-04
-2.480393042787909508e-03
-2.559055807068943977e-03
-1.103765331208705902e-03
-1.454431563615798950e-03
-3.237834898754954338e-03
-3.156659426167607307e-03
-1.303617726080119610e-03
-6.813421496190130711e-04
-1.042998861521482468e-03
-5.073827924206852913e-04
-6.560874171555042267e-04
-8.381259394809603691e-04
-2.595676342025399208e-03
-2.310523850610479712e-04
-1.373134786263108253e-03
7.268838089657947421e-05
-3.675158659461885691e-04
-1.384868635796010494e-03
-1.842822879552841187e-03
-1.248933840543031693e-03
-3.525957930833101273e-03
-2.543553244322538376e-03
-1.392561127431690693e-03
-4.922135267406702042e-04
-1.526714302599430084e-03
-3.812825016211718321e-04
3.238559002056717873e-04
6.456405390053987503e-04
7.900554919615387917e-05
-1.534670940600335598e-03
-4.746307095047086477e-04
-7.549903239123523235e-04
-1.089125988073647022e-03
-9.695263579487800598e-04
-4.623004642780870199e-04
3.942323019145987928e-05
3.687634598463773727e-04
-4.905635141767561436e-04
-9.219247149303555489e-04
-6.422688020393252373e-04
-2.796381304506212473e-04
-4.223068244755268097e-04
-1.867347280494868755e-03
-3.739799140021204948e-04
-1.145855989307165146e-03
-3.928936494048684835e-04
4.630929033737629652e-04
1.597793452674522996e-04
-9.533367119729518890e-04
-1.368747674860060215e-03
-6.628833361901342869e-04
-2.420037053525447845e-03
-2.350655151531100273e-03
-1.708536176010966301e-03
-1.318686758168041706e-03
-1.502013066783547401e-03
-2.119684795616194606e-04
-2.907317539211362600e-04
-1.048957696184515953e-03
-1.949744531884789467e-03
-9.654004243202507496e-04
