-1.545719860587269068e-04
-1.784888008842244744e-04
-1.682056608842685819e-04
-1.228076871484518051e-04
-1.143804256571456790e-04
-2.048281021416187286e-04
-1.511107984697446227e-04
-2.743020595517009497e-04
-1.105012415791861713e-04
-2.773804299067705870e-04
-6.664833927061408758e-05
-1.432744029443711042e-04
-2.175941772293299437e-04
-1.357585424557328224e-04
-1.145934002124704421e-04
-1.495453470852226019e-04
-1.109889271901920438e-04
-2.289084659423679113e-05
-6.893424870213493705e-05
-1.075582185876555741e-04
-1.251408320968039334e-05
-7.154331251513212919e-05
4.151895700488239527e-05
1.880943455034866929e-05
-1.287350096390582621e-05
-4.291612640372477472e-05
9.973451960831880569e-05
7.939805072965100408e-05
1.564868580317124724e-04
1.058220223058015108e-04
2.796604239847511053e-04
1.391558034811168909e-04
2.290802076458930969e-04
3.101096372120082378e-04
4.346971691120415926e-04
4.160288372077047825e-04
4.378792946226894855e-04
3.978115855716168880e-04
5.702205235138535500e-04
5.792023148387670517e-04
6.868359050713479519e-04
7.379141752608120441e-04
7.451841374859213829e-04
8.544356678612530231e-04
9.067214559763669968e-04
9.531466639600694180e-04
1.068754005245864391e-03
1.156656653620302677e-03
1.212275354191660881e-03
1.130939344875514507e-03
1.295015797950327396e-03
1.459967112168669701e-03
1.619263202883303165e-03
1.604995224624872208e-03
1.656363951042294502e-03
1.834931201301515102e-03
1.860775984823703766e-03
2.107154345139861107e-03
2.102967118844389915e-03
2.238369314000010490e-03
2.293949946761131287e-03
2.381111262366175652e-03
2.603817731142044067e-03
2.614287426695227623e-03
2.755096182227134705e-03
2.931911032646894455e-03
3.153152065351605415e-03
3.193351905792951584e-03
3.236823016777634621e-03
3.375813364982604980e-03
3.468926763162016869e-03
3.592801047489047050e-03
3.741299733519554138e-03
3.702705027535557747e-03
4.060595296323299408e-03
3.920405171811580658e-03
4.171441774815320969e-03
4.176634363830089569e-03
4.321493674069643021e-03
4.492707084864377975e-03
4.391612950712442398e-03
4.622452892363071442e-03
4.798959009349346161e-03
4.827518947422504425e-03
5.024703685194253922e-03
4.996133502572774887e-03
5.013347603380680084e-03
5.171086639165878296e-03
5.341333802789449692e-03
5.298202857375144958e-03
5.595159716904163361e-03
5.613688379526138306e-03
5.611084867268800735e-03
5.778808612376451492e-03
5.736485123634338379e-03
5.999786313623189926e-03
6.107412278652191162e-03
6.213349755853414536e-03
5.940465722233057022e-03
6.115803960710763931e-03
6.438090931624174118e-03
6.355938967317342758e-03
6.246254779398441315e-03
6.601990666240453720e-03
6.581823807209730148e-03
6.505260244011878967e-03
6.702941376715898514e-03
6.697506643831729889e-03
6.786132231354713440e-03
6.735617294907569885e-03
6.638225167989730835e-03
6.678516510874032974e-03
6.701537873595952988e-03
6.651157513260841370e-03
6.467565428465604782e-03
6.577706430107355118e-03
6.143590435385704041e-03
6.075148470699787140e-03
6.072382908314466476e-03
5.861176643520593643e-03
5.590835586190223694e-03
5.528623703867197037e-03
5.128803662955760956e-03
5.008810199797153473e-03
4.740245640277862549e-03
4.561996087431907654e-03
4.469381645321846008e-03
4.113754723221063614e-03
4.140852950513362885e-03
3.935833461582660675e-03
3.863418940454721451e-03
3.598342882469296455e-03
3.416615771129727364e-03
3.370910417288541794e-03
2.945046871900558472e-03
2.773141022771596909e-03
2.486386569216847420e-03
2.036275574937462807e-03
1.815090072341263294e-03
1.624466152861714363e-03
1.366667333059012890e-03
9.140823967754840851e-04
1.004556310363113880e-03
1.111994613893330097e-03
1.307976432144641876e-03
1.595661276951432228e-03
1.752875046804547310e-03
2.634984906762838364e-03
3.883050754666328430e-03
4.673125687986612320e-03
5.472228396683931351e-03
6.887074559926986694e-03
6.914853118360042572e-03
8.684646338224411011e-03
9.650694206357002258e-03
9.792957454919815063e-03
1.116401329636573792e-02
9.192093275487422943e-03
7.320376113057136536e-03
6.857861764729022980e-03
6.417513824999332428e-03
2.713902387768030167e-03
3.284681588411331177e-03
-1.309296814724802971e-03
-6.141104968264698982e-04
-3.450962249189615250e-03
-6.112119182944297791e-03
-2.970761386677622795e-03
-3.142450703307986259e-03
-1.887201098725199699e-03
-5.506455432623624802e-03
-3.341624280437827110e-03
8.597297593951225281e-03
4.519707988947629929e-03
6.867065560072660446e-03
3.821251913905143738e-03
1.548089087009429932e-03
-6.793146021664142609e-03
1.639912091195583344e-02
3.013968002051115036e-03
1.071014162153005600e-02
-2.883481234312057495e-02
2.013723133131861687e-03
2.927185967564582825e-03
-1.272436324506998062e-02
2.569106034934520721e-02
7.273911684751510620e-02
5.505710374563932419e-03
1.001850236207246780e-03
8.877069503068923950e-02
2.357175201177597046e-02
5.360196530818939209e-02
1.841952092945575714e-02
-7.059682160615921021e-02
1.914817653596401215e-02
5.142631381750106812e-02
-2.110062353312969208e-02
6.772624794393777847e-03
-9.826163295656442642e-04
2.085573505610227585e-03
-4.234117455780506134e-03
1.209464948624372482e-02
2.489833906292915344e-02
-5.596611648797988892e-02
-8.761832863092422485e-02
5.419302266091108322e-03
-6.010342761874198914e-02
-2.642155438661575317e-02
-2.867648750543594360e-02
-1.656737737357616425e-02
-2.031610719859600067e-02
3.530804440379142761e-02
1.861935108900070190e-02
-2.596811950206756592e-02
-2.211152575910091400e-03
-1.015027170069515705e-03
1.177795697003602982e-02
-3.079179301857948303e-02
-6.877901032567024231e-03
-2.711515128612518311e-02
-1.134479139000177383e-02
-6.593168247491121292e-03
-2.687946893274784088e-03
-8.857341483235359192e-03
-1.232114620506763458e-02
-1.523948367685079575e-02
-1.810286939144134521e-02
-1.675070449709892273e-02
-1.136627420783042908e-02
-1.751549728214740753e-02
-1.495083142071962357e-02
-2.073569782078266144e-02
-1.831454224884510040e-02
-1.571868173778057098e-02
-1.521923951804637909e-02
-1.325282733887434006e-02
-1.264377031475305557e-02
-9.502764791250228882e-03
-1.084892638027667999e-02
-1.100583374500274658e-02
-1.163929793983697891e-02
-1.212480757385492325e-02
-1.089820545166730881e-02
-9.983461350202560425e-03
-8.316309191286563873e-03
-7.444735150784254074e-03
-6.176096852868795395e-03
-5.221556406468153000e-03
-3.754061646759510040e-03
-1.995140453800559044e-03
-2.091205911710858345e-03
-1.375863561406731606e-03
-9.382282587466761470e-05
-4.407994565553963184e-04
8.118996047414839268e-04
5.233623669482767582e-04
-2.857765593944350258e-06
-9.216175531037151814e-04
-1.195050892420113087e-03
-1.919865841045975685e-03
-2.204146236181259155e-03
-2.557475818321108818e-03
-3.298185067251324654e-03
-3.865659702569246292e-03
-4.503691103309392929e-03
-5.052481777966022491e-03
-5.617793649435043335e-03
-5.738144740462303162e-03
-6.132072769105434418e-03
-6.177002098411321640e-03
-6.609491538256406784e-03
-7.056201808154582977e-03
-7.372220512479543686e-03
-7.756290957331657410e-03
-7.987849414348602295e-03
-8.324089460074901581e-03
-8.551775477826595306e-03
-8.943646214902400970e-03
-8.945942856371402740e-03
-9.519685059785842896e-03
-9.504093788564205170e-03
-9.964006021618843079e-03
-1.006849948316812515e-02
-1.007940154522657394e-02
-1.015470270067453384e-02
-1.031818147748708725e-02
-1.060858834534883499e-02
-1.065358333289623260e-02
-1.081492286175489426e-02
-1.092433650046586990e-02
-1.092309039086103439e-02
-1.087869703769683838e-02
-1.099919714033603668e-02
-1.108555309474468231e-02
-1.100765727460384369e-02
-1.109735108911991119e-02
-1.098906993865966797e-02
-1.108271256089210510e-02
-1.106072962284088135e-02
-1.094686146825551987e-02
-1.068855822086334229e-02
-1.066123135387897491e-02
-1.058218535035848618e-02
-1.073728874325752258e-02
-1.064481958746910095e-02
-1.052772253751754761e-02
-1.054035872220993042e-02
-1.048220880329608917e-02
-1.032819505780935287e-02
-1.025433279573917389e-02
-1.027120463550090790e-02
-1.019640639424324036e-02
-9.937408380210399628e-03
-9.860491380095481873e-03
-9.789124131202697754e-03
-9.802746586501598358e-03
-9.709767065942287445e-03
-9.468148462474346161e-03
-9.375299327075481415e-03
-9.360129013657569885e-03
-9.253256022930145264e-03
-9.367519058287143707e-03
-9.046181105077266693e-03
-8.957755751907825470e-03
-8.808550424873828888e-03
-8.684171363711357117e-03
-8.642927743494510651e-03
-8.342974819242954254e-03
-8.073726668953895569e-03
-7.933993823826313019e-03
-7.926783524453639984e-03
-7.670373190194368362e-03
-7.515983190387487411e-03
-7.284861523658037186e-03
-7.228538393974304199e-03
-7.037911564111709595e-03
-6.844170391559600830e-03
-6.735724862664937973e-03
-6.459332536906003952e-03
-6.316923536360263824e-03
-6.079281214624643326e-03
-6.006801966577768326e-03
-5.690130870789289474e-03
-5.528276320546865463e-03
-5.420246161520481110e-03
-5.260885693132877350e-03
-5.068570841103792191e-03
-4.800579976290464401e-03
-4.651394672691822052e-03
-4.572121892124414444e-03
-4.390609450638294220e-03
-4.250194877386093140e-03
-4.008700139820575714e-03
-3.946044016629457474e-03
-3.778781741857528687e-03
-3.727587405592203140e-03
-3.388754092156887054e-03
-3.221401479095220566e-03
-3.260032506659626961e-03
-3.035960486158728600e-03
-2.877865917980670929e-03
-2.790735801681876183e-03
-2.621552674099802971e-03
-2.541171154007315636e-03
-2.405587583780288696e-03
-2.402094425633549690e-03
-2.172557404264807701e-03
-2.052312018349766731e-03
-2.034754725173115730e-03
-2.048083813861012459e-03
-1.824465580284595490e-03
-1.744233770295977592e-03
-1.560756121762096882e-03
-1.560096396133303642e-03
-1.487431116402149200e-03
-1.348690595477819443e-03
-1.323498087003827095e-03
-1.206977991387248039e-03
-1.161667285487055779e-03
-1.139020780101418495e-03
-9.525244822725653648e-04
-1.028454164043068886e-03
-9.625364909879863262e-04
-8.876672363840043545e-04
-7.406580261886119843e-04
-7.413388229906558990e-04
-7.141451351344585419e-04
-6.648829439654946327e-04
-5.498207174241542816e-04
-6.239665672183036804e-04
-5.730072734877467155e-04
-3.996531304437667131e-04
-5.201656604185700417e-04
-3.864022146444767714e-04
-4.883945221081376076e-04
-3.547329397406429052e-04
-4.168841696809977293e-04
-2.345281536690890789e-04
-3.777282836381345987e-04
-2.992385416291654110e-04
-3.611004794947803020e-04
