-6.439513526856899261e-05
-3.026663580385502428e-05
-3.385572426850558259e-06
1.635482622077688575e-04
6.237703928491100669e-05
-1.699382846709340811e-04
3.319500683574005961e-05
-1.429207186447456479e-04
-2.082052815239876509e-04
-1.623356365598738194e-04
-1.976030034711584449e-04
-2.346560359001159668e-04
-4.498174821492284536e-04
-2.327242109458893538e-04
-2.916574885603040457e-04
-3.293719200883060694e-04
-4.605797585099935532e-04
-4.538734501693397760e-04
-5.254166899248957634e-04
-4.409312969073653221e-04
-5.585639155469834805e-04
-4.548168799374252558e-04
-7.012110436335206032e-04
-6.563435890711843967e-04
-7.283236482180655003e-04
-8.652843534946441650e-04
-8.738006581552326679e-04
-8.018960361368954182e-04
-1.022555748932063580e-03
-1.115888124331831932e-03
-9.016419062390923500e-04
-1.013366621918976307e-03
-9.867055341601371765e-04
-1.158237340860068798e-03
-1.235030591487884521e-03
-1.282784272916615009e-03
-1.323827542364597321e-03
-1.458121114410459995e-03
-1.674397615715861320e-03
-1.554388552904129028e-03
-1.541963778436183929e-03
-1.634624204598367214e-03
-1.792847411707043648e-03
-1.838875701650977135e-03
-1.953644910827279091e-03
-1.994201680645346642e-03
-1.907912897877395153e-03
-1.970329787582159042e-03
-2.091318136081099510e-03
-2.401463454589247704e-03
-2.205039840191602707e-03
-2.317473990842700005e-03
-2.580156084150075912e-03
-2.696114126592874527e-03
-2.477050060406327248e-03
-2.628016518428921700e-03
-2.579295309260487556e-03
-2.709616906940937042e-03
-2.993101486936211586e-03
-2.894788747653365135e-03
-2.908987924456596375e-03
-3.114246064797043800e-03
-3.165552392601966858e-03
-3.224791260436177254e-03
-3.184666391462087631e-03
-3.570174099877476692e-03
-3.397763008251786232e-03
-3.261711215600371361e-03
-3.626259276643395424e-03
-3.894554683938622475e-03
-3.648292506113648415e-03
-4.038000479340553284e-03
-3.733048215508460999e-03
-3.831392852589488029e-03
-3.877549432218074799e-03
-4.256065469235181808e-03
-4.022702109068632126e-03
-3.768470603972673416e-03
-4.010675009340047836e-03
-3.991547506302595139e-03
-4.349939059466123581e-03
-4.157855641096830368e-03
-4.059933591634035110e-03
-4.332405980676412582e-03
-4.412570968270301819e-03
-4.410042893141508102e-03
-4.287715069949626923e-03
-4.426097497344017029e-03
-4.628957249224185944e-03
-4.439415410161018372e-03
-4.420468583703041077e-03
-4.572625271975994110e-03
-4.402216989547014236e-03
-4.310398828238248825e-03
-4.635788965970277786e-03
-4.220730159431695938e-03
-4.425365943461656570e-03
-4.684368614107370377e-03
-4.112221766263246536e-03
-4.057402256876230240e-03
-4.227538593113422394e-03
-4.487270954996347427e-03
-4.239813890308141708e-03
-4.134940449148416519e-03
-4.122770391404628754e-03
-3.975602332502603531e-03
-4.013420082628726959e-03
-4.034228622913360596e-03
-3.810177324339747429e-03
-3.751118900254368782e-03
-3.641934366896748543e-03
-3.380081383511424065e-03
-3.453847020864486694e-03
-3.623626893386244774e-03
-3.237035125494003296e-03
-3.020603675395250320e-03
-2.857181010767817497e-03
-2.823370741680264473e-03
-2.402500715106725693e-03
-2.468877006322145462e-03
-2.114642178639769554e-03
-2.058824291452765465e-03
-2.079353900626301765e-03
-1.867664395831525326e-03
-1.446236274205148220e-03
-1.068518729880452156e-03
-1.004387042485177517e-03
-5.974880768917500973e-04
-9.554906282573938370e-04
-5.245457286946475506e-04
-4.459527553990483284e-04
-2.325789537280797958e-04
-7.461628410965204239e-05
3.648352285381406546e-04
3.477834397926926613e-04
6.092453841120004654e-04
9.117182926274836063e-04
1.328603713773190975e-03
1.252184621989727020e-03
1.275038928724825382e-03
1.547055435366928577e-03
1.803030609153211117e-03
2.461174037307500839e-03
2.294882200658321381e-03
2.541788853704929352e-03
2.994745736941695213e-03
3.119830042123794556e-03
3.146520815789699554e-03
3.244084771722555161e-03
3.259368240833282471e-03
4.322879947721958160e-03
3.655428299680352211e-03
4.431687295436859131e-03
4.030860029160976410e-03
4.141451790928840637e-03
4.794743843376636505e-03
4.838347900658845901e-03
5.138095002621412277e-03
5.038259085267782211e-03
5.493258591741323471e-03
5.756449420005083084e-03
5.703247152268886566e-03
5.488527938723564148e-03
6.255875341594219208e-03
5.862565711140632629e-03
6.432448513805866241e-03
5.752394441515207291e-03
5.855501163750886917e-03
6.123063154518604279e-03
5.637490656226873398e-03
4.022881388664245605e-03
4.883266985416412354e-03
5.043460521847009659e-03
3.147740149870514870e-03
2.105645136907696724e-03
1.508479006588459015e-03
1.838863012380897999e-03
2.532976912334561348e-03
-7.750666118226945400e-04
-2.314737939741462469e-04
-1.003936165943741798e-03
-1.690892502665519714e-03
-3.900818526744842529e-03
-4.465645179152488708e-03
-4.756096284836530685e-03
-8.801911026239395142e-03
-6.489356048405170441e-03
-4.174597095698118210e-03
-2.219055546447634697e-03
5.066471057943999767e-04
-6.932348944246768951e-03
-1.235537510365247726e-02
-1.869487389922142029e-02
-1.958423666656017303e-02
-3.099716641008853912e-02
-4.514257423579692841e-03
-1.246282737702131271e-02
2.442818880081176758e-02
3.427908569574356079e-02
2.573640346527099609e-01
-2.839324474334716797e-01
2.959575876593589783e-02
8.255312219262123108e-03
3.594465553760528564e-03
-1.066388003528118134e-02
2.177060581743717194e-02
1.117086689919233322e-02
2.289048628881573677e-03
4.510981671046465635e-04
-4.854823462665081024e-03
-5.937240086495876312e-03
-2.166796708479523659e-03
1.557584851980209351e-03
7.040080148726701736e-03
8.613834157586097717e-03
9.362626820802688599e-03
9.591390378773212433e-03
1.245672628283500671e-02
1.047581247985363007e-02
1.116729620844125748e-02
9.268335998058319092e-03
1.036033220589160919e-02
1.139007508754730225e-02
9.366050362586975098e-03
8.691443130373954773e-03
8.553096093237400055e-03
7.823190651834011078e-03
7.276632357388734818e-03
6.118779536336660385e-03
5.545345135033130646e-03
4.967153538018465042e-03
4.213022068142890930e-03
3.727434668689966202e-03
3.766532056033611298e-03
3.742460859939455986e-03
3.035026369616389275e-03
3.693085862323641777e-03
3.809577552601695061e-03
3.027837956324219704e-03
2.901029773056507111e-03
2.536159940063953400e-03
2.494950313121080399e-03
2.769370097666978836e-03
2.951437374576926231e-03
2.731097163632512093e-03
2.721640048548579216e-03
2.356406068429350853e-03
2.611650852486491203e-03
2.664080122485756874e-03
2.992921974509954453e-03
3.076341701671481133e-03
2.292084041982889175e-03
2.928005997091531754e-03
3.102247137576341629e-03
2.797201275825500488e-03
3.258345648646354675e-03
3.532910486683249474e-03
3.250494133681058884e-03
3.643376519903540611e-03
3.517456585541367531e-03
3.467134665697813034e-03
4.198756068944931030e-03
3.963575698435306549e-03
4.361398983746767044e-03
4.334319382905960083e-03
4.628170747309923172e-03
4.975923802703619003e-03
4.594104830175638199e-03
5.238696001470088959e-03
5.393046885728836060e-03
5.388044752180576324e-03
5.863990634679794312e-03
5.805880762636661530e-03
5.924909375607967377e-03
6.542513612657785416e-03
6.266070064157247543e-03
6.596128921955823898e-03
6.877702660858631134e-03
6.770971696823835373e-03
6.933402270078659058e-03
7.024035323411226273e-03
7.544991560280323029e-03
7.873197086155414581e-03
7.639382034540176392e-03
7.766574621200561523e-03
8.167726919054985046e-03
8.244792930781841278e-03
8.007898926734924316e-03
8.421572856605052948e-03
8.292783051729202271e-03
8.498292416334152222e-03
8.477902039885520935e-03
8.507995866239070892e-03
8.648951537907123566e-03
8.336901664733886719e-03
8.520383387804031372e-03
8.576946333050727844e-03
8.647830225527286530e-03
8.601669222116470337e-03
8.691842667758464813e-03
8.571628481149673462e-03
8.357702754437923431e-03
8.256435394287109375e-03
8.556325919926166534e-03
8.335764519870281219e-03
8.488370105624198914e-03
8.177414536476135254e-03
8.286762982606887817e-03
8.077986538410186768e-03
8.175679482519626617e-03
8.175068534910678864e-03
7.865290157496929169e-03
8.031887933611869812e-03
7.892776280641555786e-03
7.821301929652690887e-03
7.694701664149761200e-03
7.799549493938684464e-03
7.563674822449684143e-03
7.230823393911123276e-03
7.228416390717029572e-03
7.203393150120973587e-03
6.965092383325099945e-03
6.823511794209480286e-03
6.739115808159112930e-03
6.558289751410484314e-03
6.630253512412309647e-03
6.769782397896051407e-03
6.412077695131301880e-03
5.966950207948684692e-03
6.098384968936443329e-03
5.971428006887435913e-03
5.622860509902238846e-03
5.683918483555316925e-03
5.792780779302120209e-03
5.530174355953931808e-03
5.568263120949268341e-03
5.242599640041589737e-03
5.143252201378345490e-03
4.975750576704740524e-03
5.034414120018482208e-03
4.698434844613075256e-03
4.525832366198301315e-03
4.541860427707433701e-03
4.350201692432165146e-03
4.279639571905136108e-03
4.061610437929630280e-03
4.160478711128234863e-03
3.898299532011151314e-03
3.787724301218986511e-03
3.548633307218551636e-03
3.588881809264421463e-03
3.434552345424890518e-03
3.411928657442331314e-03
3.195105120539665222e-03
3.077961038798093796e-03
3.008689265698194504e-03
2.896733116358518600e-03
2.775544766336679459e-03
2.494476968422532082e-03
2.549551893025636673e-03
2.485200064256787300e-03
2.181076444685459137e-03
2.357626333832740784e-03
2.022430533543229103e-03
2.047486137598752975e-03
1.957815606147050858e-03
1.692625926807522774e-03
1.711590914055705070e-03
1.730453572236001492e-03
1.654441701248288155e-03
1.523823244497179985e-03
1.438326667994260788e-03
1.361080678179860115e-03
1.330788596533238888e-03
1.265290542505681515e-03
1.324816257692873478e-03
1.241294201463460922e-03
1.123636146076023579e-03
9.638423216529190540e-04
9.099866147153079510e-04
8.268789970315992832e-04
8.434019400738179684e-04
7.290524663403630257e-04
6.736690993420779705e-04
7.206925074569880962e-04
6.847501499578356743e-04
5.860509118065237999e-04
4.513520980253815651e-04
3.885623009409755468e-04
5.098191322758793831e-04
5.287994863465428352e-04
3.339803952258080244e-04
4.411212867125868797e-04
2.639913873281329870e-04
4.408300446812063456e-04
2.560339344199746847e-04
2.428899460937827826e-04
3.500599632388912141e-05
2.203063195338472724e-04
1.384048955515027046e-04
2.158524002879858017e-04
