1.023658784106373787e-03
1.499070669524371624e-03
8.501229458488523960e-04
1.000158605165779591e-03
1.060146722011268139e-03
1.023808843456208706e-03
3.035020490642637014e-04
1.125040347687900066e-03
-4.566943098325282335e-04
7.209884352050721645e-04
1.101173460483551025e-03
1.450544106774032116e-03
1.521253259852528572e-03
1.476393430493772030e-03
1.365160569548606873e-03
1.388955512084066868e-03
1.549080247059464455e-03
6.533442647196352482e-04
9.449209901504218578e-04
1.131901750341057777e-03
1.211865339428186417e-03
1.377862063236534595e-03
1.174638397060334682e-03
1.473650452680885792e-03
1.137756160460412502e-03
6.977625307627022266e-04
9.364018333144485950e-04
1.719164894893765450e-03
1.464433269575238228e-03
-1.149512099800631404e-04
4.291219811420887709e-04
1.356771332211792469e-03
1.451261108741164207e-03
1.290407148189842701e-03
1.279723946936428547e-03
1.298460992984473705e-03
1.330028986558318138e-03
1.652655424550175667e-03
1.381702139042317867e-03
8.308028336614370346e-04
7.476304890587925911e-04
1.543007092550396919e-03
2.800212241709232330e-03
1.710902084596455097e-03
1.374797662720084190e-03
1.031298306770622730e-03
1.197042525745928288e-03
1.310588326305150986e-03
1.392263337038457394e-03
1.564246951602399349e-03
1.469015143811702728e-03
6.043355679139494896e-04
1.271941582672297955e-03
1.532846246846020222e-03
1.896026777103543282e-03
1.802417449653148651e-03
1.529475674033164978e-03
8.535629021935164928e-04
1.208416069857776165e-03
1.320429262705147266e-03
8.805522811599075794e-04
1.726237125694751740e-03
2.386728301644325256e-03
2.007687464356422424e-03
1.896328292787075043e-03
1.377025037072598934e-03
7.607274455949664116e-04
8.254452841356396675e-04
1.355518936179578304e-03
1.330647384747862816e-03
6.801360868848860264e-04
1.650032121688127518e-03
1.805200939998030663e-03
1.250570989213883877e-03
9.629206615500152111e-04
1.436708407709375024e-04
1.520960940979421139e-03
1.339308335445821285e-03
1.714584301225841045e-03
1.448019407689571381e-03
1.089741592295467854e-03
1.394604798406362534e-03
1.568194711580872536e-03
1.553455484099686146e-03
1.207389985211193562e-03
1.126971212215721607e-03
1.593683846294879913e-03
1.664891839027404785e-03
1.454212586395442486e-03
1.262136851437389851e-03
8.555207168683409691e-04
1.085277879610657692e-03
1.923019182868301868e-03
2.603781176730990410e-03
1.827901811338961124e-03
1.211963593959808350e-03
1.630429760552942753e-03
1.611677813343703747e-03
1.910873805172741413e-03
2.650318434461951256e-03
1.662845374085009098e-03
1.285200240090489388e-03
1.180598512291908264e-03
7.622477714903652668e-04
1.222054124809801579e-03
1.780378865078091621e-03
1.521736499853432178e-03
1.049825572408735752e-03
1.630973652936518192e-03
1.011890941299498081e-03
7.925837417133152485e-04
1.557176001369953156e-03
2.207413548603653908e-03
1.222794293425977230e-03
8.285460062325000763e-04
2.346782130189239979e-04
2.188380807638168335e-03
1.812841859646141529e-03
1.152397948317229748e-03
1.658392138779163361e-03
1.624972559511661530e-03
1.312111038714647293e-03
1.634789863601326942e-03
1.276917872019112110e-03
1.334242173470556736e-03
8.586416370235383511e-04
1.060143131326185539e-05
-1.018647380988113582e-04
1.349679427221417427e-03
1.185820437967777252e-03
6.546855438500642776e-04
1.028869737638160586e-04
-1.095576118677854538e-02
-7.348814979195594788e-03
-1.228126697242259979e-02
-1.522638835012912750e-02
-1.821110583841800690e-02
-3.208309784531593323e-02
-2.696876786649227142e-02
-3.780554980039596558e-02
-3.894503787159919739e-02
-4.861545935273170471e-02
-4.298897460103034973e-02
-6.336261332035064697e-02
-5.772868916392326355e-02
-7.507635653018951416e-02
-7.416585087776184082e-02
-8.601312339305877686e-02
-8.786736428737640381e-02
-9.532564878463745117e-02
-1.017591506242752075e-01
-1.021457165479660034e-01
-1.129997596144676208e-01
-1.041484549641609192e-01
-1.215495765209197998e-01
-1.208177357912063599e-01
-1.302871704101562500e-01
-1.296222656965255737e-01
-1.288424432277679443e-01
-1.346508264541625977e-01
-1.314874440431594849e-01
-1.351082623004913330e-01
-1.383875608444213867e-01
-1.307119280099868774e-01
-1.400136202573776245e-01
-1.287369877099990845e-01
-1.363349556922912598e-01
-1.300747543573379517e-01
-1.283588409423828125e-01
-1.240142732858657837e-01
-1.232639923691749573e-01
-1.235806867480278015e-01
-1.204858571290969849e-01
-1.208840236067771912e-01
-1.139076650142669678e-01
-1.142747774720191956e-01
-1.087472289800643921e-01
-1.102605536580085754e-01
-1.073936894536018372e-01
-9.930312633514404297e-02
-9.799975156784057617e-02
-9.656370431184768677e-02
-8.976873010396957397e-02
-8.873920142650604248e-02
-8.284881711006164551e-02
-8.323108404874801636e-02
-7.062824815511703491e-02
-6.719122081995010376e-02
-6.001098826527595520e-02
-6.013275682926177979e-02
-4.862002655863761902e-02
-5.187743157148361206e-02
-4.688195139169692993e-02
-3.906586766242980957e-02
-3.218570351600646973e-02
-2.882743068039417267e-02
-1.532832253724336624e-02
-1.829649694263935089e-02
-1.062545645982027054e-02
-3.522310871630907059e-03
1.489789341576397419e-03
5.913831293582916260e-03
8.054603822529315948e-03
1.667228899896144867e-02
1.529418211430311203e-02
2.852718904614448547e-02
2.461967058479785919e-02
3.337384015321731567e-02
3.930433094501495361e-02
4.376933351159095764e-02
5.387281998991966248e-02
5.283703282475471497e-02
6.660766154527664185e-02
6.430266797542572021e-02
6.935448199510574341e-02
7.941842079162597656e-02
8.430525660514831543e-02
8.680626004934310913e-02
9.434416890144348145e-02
9.588474035263061523e-02
9.944034367799758911e-02
9.907968342304229736e-02
1.006266102194786072e-01
1.103799343109130859e-01
1.105088740587234497e-01
1.142854243516921997e-01
1.164942011237144470e-01
1.165445595979690552e-01
1.205678954720497131e-01
1.191536411643028259e-01
1.248050406575202942e-01
1.203939393162727356e-01
1.392920911312103271e-01
1.261724978685379028e-01
1.394917070865631104e-01
1.268003582954406738e-01
1.370795667171478271e-01
1.312562227249145508e-01
1.391707360744476318e-01
1.314450949430465698e-01
1.363382786512374878e-01
1.363630890846252441e-01
1.261786222457885742e-01
1.279975771903991699e-01
1.183631047606468201e-01
1.266083270311355591e-01
1.152921095490455627e-01
1.137499436736106873e-01
1.066333279013633728e-01
1.026224642992019653e-01
9.519076347351074219e-02
9.855670481920242310e-02
8.436863869428634644e-02
8.477848023176193237e-02
7.217146456241607666e-02
7.222039997577667236e-02
6.073949113488197327e-02
5.978729203343391418e-02
5.175155401229858398e-02
4.644064977765083313e-02
3.983254358172416687e-02
3.897046297788619995e-02
2.498908899724483490e-02
1.785706169903278351e-02
2.203780971467494965e-02
1.768657565116882324e-02
1.079808268696069717e-02
4.341788124293088913e-03
-2.021578402491286397e-04
-7.745365728624165058e-04
-4.206379817333072424e-04
-4.282160371076315641e-04
-7.533637108281254768e-04
-9.372683707624673843e-04
-6.703552207909524441e-04
-8.694155258126556873e-04
-1.129626529291272163e-03
-6.260194932110607624e-04
-1.090248930267989635e-03
-2.498628804460167885e-03
-1.694015809334814548e-03
-2.221954055130481720e-03
-2.108517568558454514e-03
4.755848494824022055e-04
-1.327684149146080017e-03
-1.169834169559180737e-03
-1.152526354417204857e-03
-1.809848821721971035e-03
-2.072123577818274498e-03
-1.487243454903364182e-03
-3.055624198168516159e-03
-2.802143571898341179e-03
-7.684544543735682964e-04
-9.360496187582612038e-04
-1.086112926714122295e-03
-2.001972170546650887e-03
-6.977987941354513168e-04
-1.595585141330957413e-03
-1.192428520880639553e-03
-1.026543555781245232e-03
-1.575133064761757851e-03
-1.716327620670199394e-03
-1.376767992042005062e-03
-4.749945364892482758e-04
-8.394543547183275223e-04
-8.529610349796712399e-04
-4.533486790023744106e-04
-2.345849497942253947e-04
-4.040646017529070377e-04
-1.820406876504421234e-03
-1.574861118569970131e-03
-1.919715781696140766e-03
-8.627237984910607338e-04
-1.143403467722237110e-03
-1.958638429641723633e-03
-1.498312340117990971e-03
-1.448625698685646057e-03
-1.720800064504146576e-03
-1.973918406292796135e-03
-1.664819545112550259e-03
-9.378352551721036434e-04
-1.102973590604960918e-03
-2.023924840614199638e-03
-1.214253832586109638e-03
-8.659118902869522572e-04
-6.580334738828241825e-04
-1.418209867551922798e-03
-1.390835735946893692e-03
-8.592421654611825943e-04
-1.469163689762353897e-03
-1.016133930534124374e-03
-1.173012191429734230e-03
-1.306820195168256760e-03
-1.180030405521392822e-03
-2.286829520016908646e-03
-1.942118280567228794e-03
-1.842071185819804668e-03
-1.003416604362428188e-03
-9.979300666600465775e-04
-9.364943834953010082e-04
-5.811291048303246498e-04
-1.542294863611459732e-03
-1.318507129326462746e-03
-1.178402570076286793e-03
-1.793450443074107170e-03
-1.854834728874266148e-03
-1.460722531192004681e-03
-9.213241282850503922e-04
-6.615691818296909332e-04
-1.514140865765511990e-03
-1.224643550813198090e-03
-9.568543755449354649e-04
-1.314750988967716694e-03
-8.646760834380984306e-04
-1.494072261266410351e-03
-1.451798481866717339e-03
-1.927924924530088902e-03
-1.747256959788501263e-03
-1.769174705259501934e-03
-2.113132039085030556e-03
-1.303576864302158356e-03
-1.872590626589953899e-03
-1.305985148064792156e-03
-1.055664033629000187e-03
-1.549065811559557915e-03
-1.378939137794077396e-03
-1.066272729076445103e-03
-1.074902014806866646e-03
-1.623942982405424118e-03
-1.624512253329157829e-03
-1.276524155400693417e-03
-1.134162419475615025e-03
-1.659413916058838367e-03
-1.053350279107689857e-03
-1.473150332458317280e-03
-2.024847548454999924e-03
-1.086290692910552025e-03
-6.616128375753760338e-04
-1.249518943950533867e-03
-1.189749920740723610e-03
-1.086764852516353130e-03
-2.277508378028869629e-03
-1.346562290564179420e-03
-1.492879469878971577e-03
-1.480188686400651932e-03
-1.342615811154246330e-03
-1.163117005489766598e-03
-7.748749922029674053e-04
-1.108983997255563736e-03
-1.335782581008970737e-03
-1.000538701191544533e-03
-4.636037920136004686e-04
-1.611837767995893955e-03
-1.209696056321263313e-03
-1.122527639381587505e-03
-8.844733820296823978e-04
-1.050218124873936176e-03
-1.747390488162636757e-03
-1.321420422755181789e-03
-1.510741072706878185e-03
-8.234028355218470097e-04
