1.110830417019315064e-04
6.134276045486330986e-04
1.048292033374309540e-03
6.169044063426554203e-04
6.507650832645595074e-04
3.634049789980053902e-04
7.727322517894208431e-04
4.417750169523060322e-04
1.255342067452147603e-04
9.648265549913048744e-04
-9.302892431151121855e-05
3.520561585901305079e-05
3.472230455372482538e-04
5.171127268113195896e-04
2.123386802850291133e-04
-2.435056230751797557e-04
-3.463223692961037159e-04
2.105210151057690382e-04
-1.091130543500185013e-04
8.439013035967946053e-04
-5.945435841567814350e-04
-1.005776066449470818e-04
3.803750732913613319e-04
-1.160334650194272399e-04
-9.209849522449076176e-04
6.221455405466258526e-04
7.632608758285641670e-04
4.821890033781528473e-04
-4.715233517345041037e-04
4.694873059634119272e-04
8.203700417652726173e-05
-4.466426325961947441e-04
3.516479628160595894e-04
1.181681291200220585e-03
1.131702674683765508e-06
3.189442213624715805e-04
1.016324822558090091e-04
-1.605610159458592534e-04
1.323072683589998633e-05
4.881817148998379707e-04
3.030704974662512541e-04
9.597372845746576786e-04
4.156207141932100058e-04
-3.049986844416707754e-04
7.620942778885364532e-04
-1.081047012121416628e-04
-6.004535825923085213e-04
-5.873123882338404655e-05
2.734797599259763956e-04
-9.963822958525270224e-05
1.667475298745557666e-04
7.679403061047196388e-04
8.712047711014747620e-04
3.472577736829407513e-05
-2.038113016169518232e-04
9.595762821845710278e-04
6.740442477166652679e-04
4.348340371507219970e-05
1.297857033932814375e-05
1.573865738464519382e-04
-4.257842956576496363e-04
-1.779103622538968921e-04
2.632434188853949308e-04
1.215266456711106002e-04
2.223506890004500747e-04
1.958942448254674673e-04
-3.124499053228646517e-04
-6.423200829885900021e-05
4.678435798268765211e-04
3.059817827306687832e-04
-4.614132340066134930e-04
7.023856742307543755e-04
6.439016433432698250e-04
1.097447355277836323e-03
3.709411248564720154e-04
-3.445861802902072668e-04
-7.315972470678389072e-05
-3.999321415903978050e-05
4.390477843116968870e-04
3.210073627997189760e-04
1.917514600791037083e-04
-5.099322152091190219e-05
2.276588929817080498e-04
4.355661803856492043e-04
3.343837743159383535e-04
2.144031750503927469e-04
-2.870957541745156050e-04
5.423031980171799660e-04
8.588997879996895790e-04
5.659746238961815834e-04
3.844179736915975809e-04
-7.916345202829688787e-05
2.469197497703135014e-04
3.148804244119673967e-04
4.783777403645217419e-04
1.120335145969875157e-04
-4.657883837353438139e-04
2.944093102996703237e-05
7.401810580631718040e-05
2.464909921400249004e-04
7.039013435132801533e-04
6.507696234621107578e-04
2.561677829362452030e-04
4.650943446904420853e-04
1.832012058002874255e-04
2.915640361607074738e-04
4.861761990468949080e-04
7.846478183637373149e-06
3.939033194910734892e-04
7.621130498591810465e-05
3.260870653321035206e-05
1.644343283260241151e-04
-7.279180863406509161e-05
-4.715089162345975637e-04
6.038889841875061393e-05
-3.505999047774821520e-04
-7.685672608204185963e-04
-4.409652028698474169e-04
-2.171435189666226506e-04
-5.381529917940497398e-04
5.161428998690098524e-05
-1.837868512666318566e-05
-6.862792070023715496e-04
-6.434737588278949261e-04
2.733684086706489325e-04
3.473856195341795683e-04
-5.625701160170137882e-04
-4.149646556470543146e-04
3.817309334408491850e-04
-6.204419150890316814e-06
3.125403600279241800e-04
3.772975760512053967e-04
2.195615525124594569e-04
5.640250165015459061e-03
1.151107833720743656e-03
1.047329790890216827e-02
9.318199940025806427e-03
1.476618554443120956e-02
2.175889164209365845e-02
1.966737583279609680e-02
2.634435519576072693e-02
3.215184062719345093e-02
3.061816468834877014e-02
4.464850202202796936e-02
4.119424521923065186e-02
5.602822825312614441e-02
5.626939982175827026e-02
6.232736259698867798e-02
6.840827316045761108e-02
7.451548427343368530e-02
7.623095065355300903e-02
9.203428030014038086e-02
9.005928039550781250e-02
1.006461679935455322e-01
1.009213775396347046e-01
1.111414954066276550e-01
1.143304929137229919e-01
1.233044266700744629e-01
1.252022087574005127e-01
1.325483620166778564e-01
1.364611536264419556e-01
1.376021653413772583e-01
1.427286565303802490e-01
1.429390162229537964e-01
1.455569416284561157e-01
1.435599774122238159e-01
1.422861069440841675e-01
1.429614126682281494e-01
1.455360054969787598e-01
1.409716606140136719e-01
1.425120085477828979e-01
1.380682587623596191e-01
1.369979828596115112e-01
1.328931897878646851e-01
1.285294592380523682e-01
1.246268376708030701e-01
1.216284632682800293e-01
1.133060455322265625e-01
1.183626502752304077e-01
1.050936132669448853e-01
1.066658422350883484e-01
1.003375872969627380e-01
9.785561263561248779e-02
9.341915696859359741e-02
8.818782866001129150e-02
8.698964118957519531e-02
7.991705089807510376e-02
8.151543885469436646e-02
7.217541337013244629e-02
6.602613627910614014e-02
6.490612030029296875e-02
5.094867572188377380e-02
5.069081112742424011e-02
4.086910188198089600e-02
3.537960350513458252e-02
3.376575559377670288e-02
2.458893880248069763e-02
1.545911934226751328e-02
1.251089107245206833e-02
3.712236881256103516e-03
-2.368106739595532417e-03
-7.098712958395481110e-03
-1.174030825495719910e-02
-1.550693996250629425e-02
-2.633058466017246246e-02
-2.774090878665447235e-02
-3.891414031386375427e-02
-4.276682808995246887e-02
-5.086925253272056580e-02
-5.289244279265403748e-02
-6.157185882329940796e-02
-7.046694308519363403e-02
-7.247150689363479614e-02
-7.996392995119094849e-02
-8.526888489723205566e-02
-8.481292426586151123e-02
-8.884996175765991211e-02
-9.216876327991485596e-02
-9.681050479412078857e-02
-1.029282212257385254e-01
-1.017210483551025391e-01
-1.078719049692153931e-01
-1.113976538181304932e-01
-1.198267042636871338e-01
-1.221507936716079712e-01
-1.245796084403991699e-01
-1.294991225004196167e-01
-1.309505701065063477e-01
-1.377537250518798828e-01
-1.380854696035385132e-01
-1.443743109703063965e-01
-1.354483664035797119e-01
-1.498797833919525146e-01
-1.415417790412902832e-01
-1.480443477630615234e-01
-1.428374350070953369e-01
-1.414609104394912720e-01
-1.457426548004150391e-01
-1.392283886671066284e-01
-1.388552486896514893e-01
-1.311582773923873901e-01
-1.311358511447906494e-01
-1.260206848382949829e-01
-1.217649132013320923e-01
-1.172736287117004395e-01
-1.088362187147140503e-01
-1.074529439210891724e-01
-9.800607711076736450e-02
-9.717763960361480713e-02
-8.188588917255401611e-02
-8.556348830461502075e-02
-6.996372342109680176e-02
-7.177179306745529175e-02
-6.244202330708503723e-02
-5.595909804105758667e-02
-5.019961670041084290e-02
-4.752625524997711182e-02
-4.188353568315505981e-02
-3.658004477620124817e-02
-3.054875880479812622e-02
-2.108820341527462006e-02
-2.686253376305103302e-02
-1.201477460563182831e-02
-2.072937227785587311e-02
-5.643032956868410110e-03
-1.577175594866275787e-02
-5.820541991852223873e-04
-6.050409749150276184e-03
-1.309616607613861561e-03
-7.300995639525353909e-04
-5.431426106952130795e-04
-9.101795876631513238e-05
9.363983554067090154e-05
4.997212090529501438e-04
5.383553216233849525e-04
-7.347101200139150023e-05
-7.477263570763170719e-04
1.909511629492044449e-04
7.364168413914740086e-04
7.990230806171894073e-04
-1.173510536318644881e-04
-8.783144039625767618e-06
1.909585407702252269e-04
-4.547504431684501469e-05
-1.170208561234176159e-04
-1.799444871721789241e-04
-1.910078281071037054e-04
3.083485935349017382e-04
3.022224700544029474e-04
1.673381484579294920e-04
-2.034664794337004423e-04
2.795182808768004179e-04
1.154984856839291751e-04
-7.814849959686398506e-05
1.351546234218403697e-04
-2.048756869044154882e-04
-2.305931993760168552e-04
-1.878198818303644657e-04
-3.179072518832981586e-04
-8.374095195904374123e-04
-5.265249637886881828e-04
-2.802786184474825859e-04
-5.443624104373157024e-04
-2.695705334190279245e-04
-1.541082456242293119e-04
-3.561332705430686474e-04
-3.920002782251685858e-04
2.775475732050836086e-04
-9.462754678679630160e-05
-2.399230725131928921e-04
-1.149383315350860357e-04
-2.624767075758427382e-04
-3.385395684745162725e-04
-2.114877279382199049e-04
5.835914998897351325e-05
4.008874529972672462e-04
-2.671535003173630685e-05
1.516834618087159470e-05
-6.118300952948629856e-04
-5.349842831492424011e-04
-1.377559965476393700e-05
1.855061236710753292e-05
-1.203681676997803152e-04
-4.568782169371843338e-04
2.655352582223713398e-04
1.329422811977565289e-04
-5.138763808645308018e-04
-4.739114665426313877e-04
-6.656475015915930271e-04
2.683011989574879408e-04
-6.717490759911015630e-05
-1.697925181360915303e-04
-3.337861562613397837e-04
3.119403554592281580e-04
3.493085096124559641e-04
-3.233162860851734877e-04
4.713014641311019659e-04
-6.771117914468050003e-04
-4.110687295906245708e-04
4.557141437544487417e-05
-4.165148420725017786e-04
-4.576389910653233528e-04
-7.859768811613321304e-04
-5.648913211189210415e-04
1.868405670393258333e-04
2.531925856601446867e-04
-6.713952752761542797e-04
-5.313783185556530952e-04
-5.245276261121034622e-04
-6.721083191223442554e-04
-3.540353791322559118e-04
-5.512770731002092361e-04
-3.800031554419547319e-04
-5.149505450390279293e-04
4.483675584197044373e-04
-5.003260448575019836e-04
-4.744383040815591812e-04
-1.071908161975443363e-03
-2.060063525277655572e-05
2.199378359364345670e-04
-8.769238775130361319e-05
3.278878284618258476e-04
2.174017135985195637e-04
-3.153705038130283356e-04
-2.751466236077249050e-04
-2.323567459825426340e-04
-6.586334784515202045e-04
1.610571489436551929e-04
2.689844695851206779e-04
2.935545635409653187e-04
2.303380460944026709e-04
-6.443255697377026081e-04
-2.920277765952050686e-04
5.741164786741137505e-04
8.700023172423243523e-04
-4.045894311275333166e-04
-3.912276006303727627e-04
-4.498939961194992065e-04
1.532452588435262442e-04
1.654804946156218648e-04
9.723447146825492382e-05
-2.048523310804739594e-04
4.437768948264420033e-04
-8.137636905303224921e-05
2.889370662160217762e-04
2.096677235385868698e-05
-1.021077274344861507e-03
-2.785991819109767675e-04
-4.443942161742597818e-04
-5.692276754416525364e-04
-5.666268407367169857e-05
2.556086110416799784e-04
-1.386488147545605898e-04
-3.217322519049048424e-04
-4.364200576674193144e-04
-1.581835967954248190e-04
1.068878336809575558e-04
4.722532175946980715e-04
-3.341016708873212337e-04
-8.115998934954404831e-04
-1.439386862330138683e-03
