5.850894376635551453e-03
1.522946637123823166e-02
8.347017690539360046e-03
-4.649055656045675278e-03
1.906076446175575256e-03
-8.335419930517673492e-03
6.378407124429941177e-03
4.882173612713813782e-03
1.308377552777528763e-02
1.804328989237546921e-03
-4.787474498152732849e-02
-8.592476136982440948e-03
-9.256068617105484009e-03
-1.125651597976684570e-02
3.232477465644478798e-03
-4.216916393488645554e-03
-5.140163470059633255e-03
2.805816009640693665e-02
-3.308557905256748199e-03
-1.717930100858211517e-02
1.719999685883522034e-02
-3.065444296225905418e-03
-4.766209516674280167e-03
-2.650896273553371429e-02
-1.506380550563335419e-02
-2.425051527097821236e-03
-9.275235788663849235e-05
-1.402963139116764069e-02
-2.424569102004170418e-03
1.004419755190610886e-02
-6.039984058588743210e-03
-2.355536213144659996e-03
-7.524315267801284790e-03
-5.146434530615806580e-02
-1.836898736655712128e-02
-4.189955070614814758e-02
-1.136887446045875549e-02
-5.130165372975170612e-04
-1.028830185532569885e-02
-4.536541178822517395e-03
-5.252641276456415653e-04
2.129925851477310061e-04
3.191340947523713112e-03
-1.752701587975025177e-02
1.260684570297598839e-03
-7.941401563584804535e-03
-9.886803105473518372e-03
9.266680106520652771e-03
-7.049438543617725372e-03
-4.875110927969217300e-03
2.818795293569564819e-02
-1.568960770964622498e-02
8.056722581386566162e-03
-1.190428622066974640e-02
3.512341761961579323e-03
7.062429096549749374e-03
-2.504909969866275787e-02
1.441131625324487686e-02
4.079832695424556732e-03
-1.302213757298886776e-03
-9.670711122453212738e-03
-1.451111165806651115e-03
1.517948135733604431e-02
-9.215231984853744507e-03
-1.269343867897987366e-02
-7.842134684324264526e-03
-1.078425790183246136e-03
5.689268931746482849e-03
-1.739849452860653400e-03
-2.612124197185039520e-03
-8.519988507032394409e-03
6.279510911554098129e-03
-6.709010805934667587e-03
1.707204058766365051e-02
4.157620132900774479e-04
-3.781853988766670227e-02
7.544667925685644150e-03
-7.618788164108991623e-03
1.439004298299551010e-02
1.639758422970771790e-02
6.188948755152523518e-04
-2.398226782679557800e-02
-1.582500711083412170e-02
-1.560556702315807343e-02
-5.825174506753683090e-03
-4.808373050764203072e-04
-2.160064689815044403e-02
1.467856205999851227e-02
2.476630918681621552e-02
-7.033302914351224899e-03
1.281717885285615921e-02
2.744899364188313484e-03
5.004381295293569565e-03
5.142849870026111603e-03
-5.135526880621910095e-03
-6.008033081889152527e-02
5.106974020600318909e-02
2.090424066409468651e-03
-2.041949890553951263e-02
1.086943410336971283e-02
-5.684472620487213135e-02
-1.152392011135816574e-02
1.410649344325065613e-02
1.123438030481338501e-02
-3.739695996046066284e-02
4.153396934270858765e-03
-5.483680870383977890e-03
-2.463679760694503784e-02
-4.576019570231437683e-02
-8.302642963826656342e-03
1.265142392367124557e-02
-4.454093798995018005e-02
2.082159556448459625e-02
1.835756376385688782e-02
-1.895426213741302490e-02
3.091246820986270905e-02
1.254403032362461090e-03
-7.410763762891292572e-03
1.359565556049346924e-02
2.424732968211174011e-02
4.357519093900918961e-03
3.667791374027729034e-03
-6.250324076972901821e-04
-4.964128602296113968e-03
-1.136536430567502975e-02
2.288651093840599060e-02
2.495586872100830078e-02
-1.613171771168708801e-02
-2.569071575999259949e-02
7.247814908623695374e-03
-2.991074696183204651e-02
3.531063906848430634e-03
-9.809649549424648285e-03
-4.632188752293586731e-02
5.120521411299705505e-03
-3.379310481250286102e-03
-3.063836880028247833e-02
-2.038536127656698227e-03
-2.841599285602569580e-02
-1.996670290827751160e-02
3.951219469308853149e-02
-6.883103866130113602e-03
-2.920348942279815674e-02
2.895726822316646576e-02
4.980346187949180603e-02
-2.689783833920955658e-02
3.156659007072448730e-02
4.651855304837226868e-02
1.014964096248149872e-02
4.776704683899879456e-02
2.335312776267528534e-02
-4.952958971261978149e-02
5.276680365204811096e-02
-1.498589874245226383e-03
4.593044519424438477e-02
1.374439615756273270e-02
4.582226276397705078e-02
1.041113492101430893e-02
-2.720627933740615845e-02
-1.446600724011659622e-02
5.829785764217376709e-02
-6.723158992826938629e-03
2.699809707701206207e-02
6.077511236071586609e-02
-8.039065636694431305e-03
2.465967647731304169e-02
2.956605888903141022e-02
1.818363927304744720e-02
-9.504912048578262329e-02
9.885362349450588226e-03
3.587302519008517265e-03
-5.145031493157148361e-03
6.071563437581062317e-02
6.746513396501541138e-02
2.178520895540714264e-03
-2.809150889515876770e-02
-7.715020328760147095e-02
5.662335082888603210e-02
-1.912933774292469025e-02
-2.762930700555443764e-03
2.129025524482131004e-03
-5.185659974813461304e-02
-1.587304845452308655e-02
4.120975360274314880e-02
2.372673526406288147e-02
-1.626532338559627533e-02
-5.077520012855529785e-02
1.003071293234825134e-01
5.475908890366554260e-02
-6.593567878007888794e-02
-1.121909450739622116e-02
-7.001261413097381592e-02
-6.614780519157648087e-03
1.093536056578159332e-02
-3.000386990606784821e-02
1.170012983493506908e-03
-2.096395567059516907e-02
4.094001650810241699e-02
-1.172519009560346603e-02
6.603904068470001221e-02
-3.809784352779388428e-02
7.831940427422523499e-03
2.597843483090400696e-02
1.360528450459241867e-02
-4.052642732858657837e-03
9.141560643911361694e-03
-7.332099974155426025e-02
1.698029041290283203e-02
-4.045772925019264221e-02
1.958409696817398071e-02
7.024829392321407795e-04
-6.875877827405929565e-02
-1.034299880266189575e-01
-7.701588422060012817e-02
5.538658425211906433e-02
-5.242142453789710999e-02
-4.004774615168571472e-02
4.605543613433837891e-02
6.463329493999481201e-02
5.495133250951766968e-02
-5.101346876472234726e-03
5.992258340120315552e-02
-2.434037253260612488e-02
6.340594589710235596e-02
7.836937904357910156e-03
6.731322407722473145e-02
-1.528234407305717468e-02
3.550437977537512779e-03
4.538277909159660339e-02
2.459428831934928894e-02
-4.106989502906799316e-02
4.639634862542152405e-02
-5.419049039483070374e-02
-1.701903901994228363e-02
-5.170758068561553955e-02
-4.542606323957443237e-02
-3.954138234257698059e-02
-1.007250417023897171e-02
2.846285142004489899e-02
-3.291585482656955719e-03
3.018823638558387756e-02
-6.549860537052154541e-02
6.679573655128479004e-02
6.330490112304687500e-03
4.490885883569717407e-02
1.362102478742599487e-02
1.801352389156818390e-02
-7.827352732419967651e-03
3.557510673999786377e-02
-2.430541813373565674e-02
2.179274335503578186e-02
5.454685539007186890e-02
1.524602994322776794e-02
2.031201682984828949e-02
-2.106626145541667938e-02
1.982430182397365570e-02
7.521820953115820885e-04
-1.359994430094957352e-02
3.828436508774757385e-02
-4.578210040926933289e-02
6.760702002793550491e-03
-2.794361906126141548e-03
-2.376385591924190521e-02
-1.862754859030246735e-02
-1.481886487454175949e-02
-3.054830059409141541e-02
1.212996803224086761e-02
-5.317088682204484940e-03
1.376875489950180054e-02
1.880209706723690033e-02
-6.510396953672170639e-03
2.817537263035774231e-02
-7.328609377145767212e-02
-2.385668642818927765e-02
-6.163161247968673706e-03
3.328140452504158020e-02
4.892873112112283707e-03
1.365570258349180222e-02
-2.107164449989795685e-02
1.686917059123516083e-02
2.373495604842901230e-03
-2.766129188239574432e-02
3.910750616341829300e-03
-8.174658752977848053e-03
1.870986633002758026e-02
-4.607170075178146362e-02
-1.670673862099647522e-02
-2.206780016422271729e-02
1.192232221364974976e-02
-1.188476011157035828e-02
3.162180632352828979e-02
6.848092377185821533e-02
6.212320551276206970e-02
2.694614697247743607e-03
-1.694897003471851349e-02
5.119066685438156128e-02
3.783168504014611244e-03
-7.594591472297906876e-03
3.629269823431968689e-02
4.350041504949331284e-03
2.161060832440853119e-02
-2.823975309729576111e-02
-1.144309062510728836e-02
2.514669857919216156e-02
1.710823364555835724e-02
6.615088786929845810e-04
1.351194572634994984e-03
4.024385660886764526e-02
-8.511033840477466583e-03
3.549431636929512024e-02
7.515026722103357315e-03
2.009337209165096283e-02
9.199067950248718262e-03
2.162965759634971619e-02
1.771078072488307953e-02
2.573222108185291290e-02
-6.894954480230808258e-03
7.955551147460937500e-03
1.676229573786258698e-02
3.711705282330513000e-02
6.192621309310197830e-03
6.547814700752496719e-03
1.631122082471847534e-02
1.507043652236461639e-02
4.943232983350753784e-03
2.627005055546760559e-02
-7.323192898184061050e-03
3.572789207100868225e-02
7.345256861299276352e-03
1.042993552982807159e-02
5.289372056722640991e-04
1.427762582898139954e-02
1.335271447896957397e-02
-1.170867029577493668e-02
4.632967058569192886e-03
5.539765208959579468e-02
1.422777120023965836e-02
1.419449411332607269e-02
1.423489116132259369e-02
-7.105452008545398712e-03
2.007694356143474579e-02
2.132904157042503357e-02
9.904543403536081314e-04
2.078525535762310028e-02
-8.431367576122283936e-03
7.675406523048877716e-03
1.185799483209848404e-02
6.933510303497314453e-03
9.031022898852825165e-03
4.158135037869215012e-03
2.044265903532505035e-02
-5.441297776997089386e-03
5.969831254333257675e-03
4.764304496347904205e-03
2.683372236788272858e-03
3.071306273341178894e-03
1.261865999549627304e-02
2.341983094811439514e-02
5.068998318165540695e-03
5.642646923661231995e-03
1.480924431234598160e-03
2.614231966435909271e-02
2.924907719716429710e-03
8.929306641221046448e-03
6.100723985582590103e-03
2.394058182835578918e-02
2.809352613985538483e-02
9.366529993712902069e-03
1.012055668979883194e-02
8.373997174203395844e-03
-1.214909018017351627e-03
9.848222136497497559e-03
1.431075576692819595e-02
1.336952578276395798e-02
-6.861786358058452606e-03
1.236458588391542435e-02
1.520715840160846710e-02
1.538738328963518143e-02
3.589806705713272095e-02
1.147137302905321121e-02
2.105762623250484467e-02
3.673868253827095032e-03
-2.382976934313774109e-03
7.023172453045845032e-03
-1.023925747722387314e-02
5.034498870372772217e-03
8.384973742067813873e-03
-1.112700998783111572e-02
7.132750935852527618e-03
3.755192272365093231e-03
2.076266333460807800e-02
8.252825587987899780e-03
-1.067780237644910812e-02
5.115610547363758087e-03
6.138109602034091949e-03
6.828657351434230804e-03
6.899740081280469894e-03
4.907776135951280594e-03
3.339797025546431541e-03
7.032506167888641357e-03
-7.005167426541447639e-04
