-2.819653600454330444e-04
3.344608194311149418e-05
-4.330019874032586813e-05
-2.273022801091428846e-05
-1.935113323270343244e-05
-8.869387966115027666e-05
-1.412588753737509251e-04
-3.571356646716594696e-04
1.278385752812027931e-04
-1.359998132102191448e-04
4.464125959202647209e-05
7.999068475328385830e-05
5.503980719367973506e-05
1.410798868164420128e-04
6.779241084586828947e-05
-1.926166733028367162e-04
-1.761530584190040827e-04
-6.643177039222791791e-05
-1.539098448120057583e-04
7.301916775759309530e-05
-1.815910072764381766e-04
1.465234709030482918e-05
-6.893140380270779133e-05
2.774243512249086052e-06
-2.750918383753742091e-06
-1.811732654459774494e-04
-3.192491712979972363e-04
-1.478975173085927963e-04
-1.486555356677854434e-05
3.796122655330691487e-06
-1.711678633000701666e-04
-1.417311868863180280e-04
-1.106281997635960579e-04
5.785977919003926218e-05
1.865753438323736191e-05
1.317371934419497848e-04
3.258312790421769023e-05
6.477410352090373635e-05
1.893148000817745924e-04
9.335157665191218257e-05
-5.743434667238034308e-05
-1.965967821888625622e-04
-5.602920282399281859e-05
4.144264676142483950e-05
-1.642377901589497924e-04
-8.615099068265408278e-05
-1.782999170245602727e-04
1.912639527290593833e-05
-6.842712900834158063e-05
8.184547186829149723e-05
-3.968587043345905840e-05
-8.468904707115143538e-05
-1.016385140246711671e-04
-1.154917335952632129e-04
-1.243658189196139574e-04
-1.455194578738883138e-04
-6.248879071790724993e-05
5.835472256876528263e-05
3.751198164536617696e-05
-2.122994483215734363e-04
-6.194350862642750144e-05
-9.481139568379148841e-05
-8.077211532508954406e-06
2.992447116412222385e-05
1.052022198564372957e-04
7.859799370635300875e-05
4.365471613709814847e-05
-1.526279811514541507e-04
-1.520191872259601951e-04
-1.380593039357336238e-05
-5.451628021546639502e-05
-8.019009692361578345e-05
-8.177787094609811902e-05
-6.636433681705966592e-05
-1.028192709782160819e-04
-1.277026167372241616e-04
4.039931809529662132e-05
2.417052630335092545e-03
-1.658547989791259170e-05
1.477789828641107306e-05
-4.556400017463602126e-05
3.305194259155541658e-04
-6.824900083302054554e-06
-1.511967711849138141e-04
2.665122792677721009e-06
-2.570842334534972906e-04
3.686900017783045769e-03
-7.764995098114013672e-05
4.041465581394731998e-05
3.314273635623976588e-05
-2.095889649353921413e-04
1.698907362879253924e-05
-1.131696189986541867e-04
-1.458940278098452836e-05
3.976266270910855383e-06
-1.883782388176769018e-04
-2.218047302449122071e-05
5.699569010175764561e-04
-2.469507604837417603e-02
2.852221950888633728e-02
-1.409189682453870773e-02
-1.887828228063881397e-03
-1.285770704271271825e-04
-3.075992208323441446e-05
-1.331409718841314316e-02
-1.464916422264650464e-04
-1.417528931051492691e-02
-1.037254987750202417e-04
-2.231758262496441603e-04
-1.154422760009765625e-02
-2.513308572815731168e-05
-2.510418556630611420e-02
-1.883311488199979067e-04
-1.789923757314682007e-02
-4.254778905306011438e-04
-3.643887490034103394e-02
-9.293548646382987499e-04
-2.492628805339336395e-02
-5.659266933798789978e-02
-2.215103158960118890e-04
-2.299624122679233551e-02
-3.700872510671615601e-02
-2.036036364734172821e-02
-4.505914449691772461e-02
-2.397762425243854523e-02
-4.829713702201843262e-02
-3.575325012207031250e-02
-3.518517315387725830e-02
-6.262169033288955688e-02
-3.258664160966873169e-02
-3.606909140944480896e-02
-9.493144601583480835e-02
-4.407005384564399719e-02
-4.764376953244209290e-02
-8.614125102758407593e-02
-4.286618530750274658e-02
-7.301439344882965088e-02
-1.020244807004928589e-01
-7.878489792346954346e-02
-5.574583634734153748e-02
-1.155300885438919067e-01
-4.299623519182205200e-02
-1.206836551427841187e-01
-6.779661774635314941e-02
-1.100272014737129211e-01
-7.972712814807891846e-02
-1.133129298686981201e-01
-1.024125441908836365e-01
-1.119579151272773743e-01
-7.918293029069900513e-02
-1.522001922130584717e-01
-1.029862612485885620e-01
-6.305339187383651733e-02
-1.460084915161132812e-01
-9.903977811336517334e-02
-1.563159674406051636e-01
-1.259846985340118408e-01
-1.028761267662048340e-01
-1.621182411909103394e-01
-9.060896188020706177e-02
-1.539213359355926514e-01
-1.388427019119262695e-01
-1.355080753564834595e-01
-1.425465792417526245e-01
-1.192655935883522034e-01
-1.123294532299041748e-01
-1.001770272850990295e-01
-1.592696756124496460e-01
-8.577501028776168823e-02
-1.242476701736450195e-01
-1.526720672845840454e-01
-9.781559556722640991e-02
-1.505899280309677124e-01
-1.106784194707870483e-01
-1.133779361844062805e-01
-1.312618553638458252e-01
-1.107026189565658569e-01
-8.014953136444091797e-02
-1.226092055439949036e-01
-8.952309191226959229e-02
-1.157380491495132446e-01
-5.551164224743843079e-02
-9.982211887836456299e-02
-9.638474136590957642e-02
-9.231255948543548584e-02
-8.308845013380050659e-02
-5.850242823362350464e-02
-6.125621870160102844e-02
-8.242135494947433472e-02
-1.878742501139640808e-02
-5.052509531378746033e-02
-4.857609421014785767e-02
-4.767769947648048401e-02
-2.037399820983409882e-02
-3.867565467953681946e-02
-5.706786178052425385e-03
-6.063969433307647705e-02
-8.679792517796158791e-04
-2.499280683696269989e-02
-7.919004186987876892e-03
-1.465267559979110956e-04
-2.220489783212542534e-03
1.805101492209360003e-04
2.199858240783214569e-02
3.429455449804663658e-03
5.402647890150547028e-03
4.959618300199508667e-02
1.532147545367479324e-02
5.453224852681159973e-02
4.840457811951637268e-02
3.252388909459114075e-02
2.741484344005584717e-02
1.010631695389747620e-01
2.042946778237819672e-02
6.933991611003875732e-02
6.957537680864334106e-02
5.446797236800193787e-02
9.922841936349868774e-02
3.316491097211837769e-02
8.998002111911773682e-02
4.712281376123428345e-02
9.394065290689468384e-02
8.972389996051788330e-02
9.247382730245590210e-02
6.629882007837295532e-02
1.200409233570098877e-01
6.665945053100585938e-02
1.433587819337844849e-01
8.795772492885589600e-02
1.215624213218688965e-01
1.436029076576232910e-01
7.724041491746902466e-02
1.613373607397079468e-01
1.260487586259841919e-01
1.101751625537872314e-01
1.076597869396209717e-01
1.414367854595184326e-01
1.179205104708671570e-01
1.103404983878135681e-01
1.397743076086044312e-01
1.175356358289718628e-01
9.380661696195602417e-02
1.303305327892303467e-01
1.353054344654083252e-01
1.025955229997634888e-01
1.073767542839050293e-01
1.225969642400741577e-01
1.272653639316558838e-01
1.037642732262611389e-01
1.282577514648437500e-01
8.598031103610992432e-02
1.112088784575462341e-01
1.042392179369926453e-01
7.055199146270751953e-02
1.287614107131958008e-01
7.628144323825836182e-02
1.332693547010421753e-01
4.902816191315650940e-02
1.147920787334442139e-01
6.113271042704582214e-02
7.838933169841766357e-02
6.558828800916671753e-02
7.942266017198562622e-02
7.566795498132705688e-02
6.034936010837554932e-02
6.558093428611755371e-02
5.684865266084671021e-02
5.263408645987510681e-02
7.025916874408721924e-02
1.253276690840721130e-02
7.635638862848281860e-02
2.481634356081485748e-02
3.825494274497032166e-02
5.790515244007110596e-02
1.245346665382385254e-02
4.519774764776229858e-02
2.861880697309970856e-02
3.827570006251335144e-02
1.664101146161556244e-02
2.019024826586246490e-02
3.145372122526168823e-02
1.921713468618690968e-03
1.949601620435714722e-02
4.866596683859825134e-02
1.413039899489376694e-05
1.411139871925115585e-02
1.004950795322656631e-02
2.063650754280388355e-04
6.955615710467100143e-03
1.695503015071153641e-04
3.907359205186367035e-03
3.843466693069785833e-04
2.377301920205354691e-03
9.467827156186103821e-03
3.119077882729470730e-04
9.800372645258903503e-04
5.127036274643614888e-05
1.512602320872247219e-04
1.114969607442617416e-02
1.071300139301456511e-04
3.044270211830735207e-03
6.746962753823027015e-05
-1.827891974244266748e-04
9.340436372440308332e-05
1.948713907040655613e-04
1.700279390206560493e-04
2.091073693009093404e-04
1.056596811395138502e-04
-8.963385334936901927e-05
1.505907712271437049e-04
1.793382398318499327e-04
-9.663438049756223336e-07
-1.032491709338501096e-04
-1.781949504220392555e-05
9.718620276544243097e-05
-7.560716039733961225e-05
2.192584179283585399e-05
-1.985850511118769646e-03
-6.597587344003841281e-05
6.354682409437373281e-05
-7.739151827991008759e-03
1.212859715451486409e-04
-8.648430230095982552e-05
-1.163882296532392502e-02
-8.110781345749273896e-05
-5.259431418380700052e-05
-3.411443685763515532e-05
6.043667599442414939e-05
8.208773579099215567e-06
-1.891705469461157918e-04
-6.737884541507810354e-05
1.304243924096226692e-04
5.414896349975606427e-06
1.142073160735890269e-04
1.400773089699214324e-05
1.947071577887982130e-04
-1.083906954590929672e-05
1.371951220789924264e-04
2.600297448225319386e-04
-6.373789074132218957e-05
-2.114117145538330078e-03
-2.177955684601329267e-05
2.201782990596257150e-05
1.123407946579391137e-05
1.567088329466059804e-04
9.001423677545972168e-07
-4.264640210749348626e-06
-2.889153256546705961e-04
4.170272859482793137e-06
3.715320781338959932e-05
-1.289396826177835464e-02
8.451991016045212746e-05
3.739808380487374961e-05
-1.574185304343700409e-02
3.913067848770879209e-05
-4.055150930071249604e-05
-4.800128863280406222e-06
-5.778703780379146338e-05
-1.757197651386377402e-06
2.346851979382336140e-04
1.780403363227378577e-05
-9.279769983550067991e-06
2.609678485896438360e-04
2.288469404447823763e-04
-3.769943941733799875e-05
-4.128085856791585684e-05
-5.251415132079273462e-05
-8.578607958042994142e-05
9.019778372021391988e-05
-1.937506567628588527e-05
1.043961310642771423e-05
-2.033833006862550974e-04
-4.099879879504442215e-05
-7.390392420347779989e-05
-5.723212962038815022e-05
-2.806019983836449683e-05
-3.023097406185115688e-06
1.406928931828588247e-04
3.268802829552441835e-04
1.477832702221348882e-04
-2.274799408041872084e-05
-1.384391507599502802e-04
-5.261580008664168417e-05
1.131373937823809683e-04
4.720910146716050804e-05
-5.924507058807648718e-05
4.500330032897181809e-05
2.398529904894530773e-04
7.421093323500826955e-05
-4.685073872678913176e-05
1.040087954606860876e-04
7.652643398614600301e-05
2.813149767462164164e-04
2.849719894584268332e-04
8.443836850346997380e-05
-3.331459538458148018e-06
-2.013064658967778087e-06
3.001622098963707685e-04
1.613685599295422435e-04
5.379776484915055335e-05
2.513953077141195536e-04
