-6.522231851704418659e-04
-7.184533169493079185e-04
-1.934103638632223010e-04
-4.706248728325590491e-05
1.050901992130093277e-04
5.504643777385354042e-04
-1.012143795378506184e-03
-9.464837785344570875e-05
2.426936989650130272e-04
7.875194569351151586e-06
-6.235898035811260343e-05
-2.097721589962020516e-04
-1.149389354395680130e-04
-6.953166448511183262e-04
2.960494311992079020e-04
4.773804394062608480e-04
6.628968549193814397e-05
-3.080956812482327223e-04
2.089077315758913755e-04
-4.532359307631850243e-04
-1.769911468727514148e-04
1.533097529318183661e-04
1.233712246175855398e-04
9.252854215446859598e-05
1.507438282715156674e-04
-1.780222009983845055e-05
-1.365381322102621198e-04
-1.508060813648626208e-04
6.691859452985227108e-04
1.622722775209695101e-04
-3.641842340584844351e-04
-9.256287012249231339e-05
5.269205576041713357e-05
-2.723970974329859018e-04
-2.332181902602314949e-04
2.429705782560631633e-04
-9.687992860563099384e-05
-8.487067680107429624e-05
1.377645385218784213e-04
-1.367092190776020288e-04
3.404140006750822067e-04
1.824398932512849569e-04
-4.415625589899718761e-04
1.716501537885051221e-05
9.245816909242421389e-05
5.175092519493773580e-05
-1.117625506594777107e-04
-2.367450506426393986e-04
-4.421233825269155204e-05
-4.220980918034911156e-04
-2.398422839178238064e-05
-2.572110970504581928e-04
-4.166776489000767469e-04
3.348487080074846745e-04
3.146245435345917940e-04
-4.433327994775027037e-04
-4.075699689565226436e-05
-6.754159403499215841e-05
-4.561629248200915754e-05
-5.565025730902561918e-06
-3.099389432463794947e-04
-2.640568418428301811e-04
2.176939051423687488e-05
-2.803963798214681447e-05
-4.958492354489862919e-04
2.239719324279576540e-04
6.274861516430974007e-05
-2.480105613358318806e-04
-3.012467932421714067e-04
-3.157162573188543320e-04
-2.756338508334010839e-04
-3.703073016367852688e-04
-1.633149513509124517e-04
1.060600698110647500e-04
-3.473444667179137468e-04
-2.782802330330014229e-04
-2.484798897057771683e-04
-6.138293247204273939e-05
-2.374235191382467747e-04
-3.287229919806122780e-04
-5.863043479621410370e-04
-3.637399640865623951e-04
-4.962219973094761372e-04
-3.665226395241916180e-04
3.743955167010426521e-04
3.500120947137475014e-04
-1.499965728726238012e-04
-3.690511803142726421e-04
8.146918116835877299e-05
-4.587204311974346638e-04
-6.874292739666998386e-05
1.614260690985247493e-05
-1.803973427740857005e-04
-5.802369560115039349e-04
-4.868723626714199781e-04
-3.834738745354115963e-04
-4.408320528455078602e-04
-4.692953079938888550e-04
3.536335134413093328e-05
-1.979545777430757880e-04
1.342285686405375600e-04
-2.085833257297053933e-04
-2.022721455432474613e-04
-5.736237508244812489e-04
-4.057193582411855459e-04
-6.164892110973596573e-04
-6.710544112138450146e-04
-6.804781151004135609e-05
-1.472013391321524978e-04
-5.562544683925807476e-04
-6.475032423622906208e-04
-6.938807200640439987e-04
-9.396215900778770447e-04
-1.580690877744928002e-04
-2.889001916628330946e-04
-3.446632472332566977e-04
-1.943275128724053502e-04
-6.568040116690099239e-04
-3.935858549084514380e-04
2.016692160395905375e-04
-5.498389509739354253e-05
-1.698289561318233609e-04
-3.412209043744951487e-04
1.672551297815516591e-04
-4.040359926875680685e-04
-4.206037265248596668e-04
-9.517451981082558632e-04
-1.085706404410302639e-03
-3.529500972945243120e-04
-9.959553426597267389e-05
-7.327563362196087837e-04
-8.974864031188189983e-04
-1.297928392887115479e-03
-1.042601303197443485e-03
-8.173807873390614986e-04
-2.090458292514085770e-03
-2.144435886293649673e-03
-9.778033010661602020e-03
-1.116189640015363693e-02
-1.723154261708259583e-02
-1.867154985666275024e-02
-2.996086142957210541e-02
-2.998170815408229828e-02
-4.244418069720268250e-02
-4.217206314206123352e-02
-5.324034392833709717e-02
-5.462138354778289795e-02
-6.593397259712219238e-02
-7.121377438306808472e-02
-7.830895483493804932e-02
-8.823350816965103149e-02
-9.018950909376144409e-02
-1.003462746739387512e-01
-9.889017790555953979e-02
-1.138400956988334656e-01
-1.164618954062461853e-01
-1.219284161925315857e-01
-1.263832449913024902e-01
-1.303885281085968018e-01
-1.337250918149948120e-01
-1.361577510833740234e-01
-1.419852972030639648e-01
-1.446661502122879028e-01
-1.436652839183807373e-01
-1.462785303592681885e-01
-1.396090537309646606e-01
-1.456194072961807251e-01
-1.396727412939071655e-01
-1.375841349363327026e-01
-1.338174939155578613e-01
-1.344135403633117676e-01
-1.301884055137634277e-01
-1.327122598886489868e-01
-1.322041600942611694e-01
-1.223682016134262085e-01
-1.231699213385581970e-01
-1.192810162901878357e-01
-1.143254563212394714e-01
-1.132317259907722473e-01
-1.105242595076560974e-01
-1.101865172386169434e-01
-1.069444119930267334e-01
-9.649856388568878174e-02
-9.683617204427719116e-02
-9.181462228298187256e-02
-8.822266757488250732e-02
-8.029533177614212036e-02
-7.655739784240722656e-02
-6.875299662351608276e-02
-6.360696256160736084e-02
-5.692747235298156738e-02
-5.427328497171401978e-02
-4.639330133795738220e-02
-3.790802508592605591e-02
-3.289607539772987366e-02
-2.458538115024566650e-02
-1.906671002507209778e-02
-1.298561692237854004e-02
-8.434054441750049591e-03
6.685026455670595169e-03
-4.203709773719310760e-03
-8.121620863676071167e-03
3.953237552195787430e-03
1.042499579489231110e-02
1.744075119495391846e-02
2.728038839995861053e-02
3.286388143897056580e-02
4.246959835290908813e-02
4.810799285769462585e-02
5.082138255238533020e-02
5.908142402768135071e-02
5.952405929565429688e-02
7.253704965114593506e-02
7.316754013299942017e-02
7.746819406747817993e-02
8.723986893892288208e-02
9.262293577194213867e-02
9.471470117568969727e-02
9.946009516716003418e-02
1.012464091181755066e-01
1.080685108900070190e-01
1.092764660716056824e-01
1.142501607537269592e-01
1.199927553534507751e-01
1.186492145061492920e-01
1.238927543163299561e-01
1.253958642482757568e-01
1.290595531463623047e-01
1.316829621791839600e-01
1.317060142755508423e-01
1.347237229347229004e-01
1.363708078861236572e-01
1.448140442371368408e-01
1.376946866512298584e-01
1.473331749439239502e-01
1.430295258760452271e-01
1.459251940250396729e-01
1.430387794971466064e-01
1.435587406158447266e-01
1.403904408216476440e-01
1.393959671258926392e-01
1.369683742523193359e-01
1.258597522974014282e-01
1.309974491596221924e-01
1.184693798422813416e-01
1.170646324753761292e-01
1.092283874750137329e-01
1.031198427081108093e-01
9.797360748052597046e-02
9.217425435781478882e-02
8.431871980428695679e-02
8.162643015384674072e-02
6.852392107248306274e-02
6.621370464563369751e-02
5.350258573889732361e-02
5.239784345030784607e-02
4.598801583051681519e-02
3.919883072376251221e-02
3.039190918207168579e-02
2.803427726030349731e-02
1.896932348608970642e-02
1.924416795372962952e-02
8.793789893388748169e-03
5.951215047389268875e-03
2.391331130638718605e-03
9.806657908484339714e-04
1.113141071982681751e-03
1.375757739879190922e-03
1.293423003517091274e-03
9.764716960489749908e-04
7.392363040708005428e-04
7.796030258759856224e-04
6.732082692906260490e-04
-1.085985641111619771e-04
-4.487214609980583191e-04
2.381043450441211462e-04
-8.936829544836655259e-05
4.287193296477198601e-04
6.402386934496462345e-04
2.243475610157474875e-04
2.802748931571841240e-04
1.130643358919769526e-04
3.043109427380841225e-05
4.435404844116419554e-04
2.694347640499472618e-04
2.314913581358268857e-04
4.584278212860226631e-04
9.574517025612294674e-04
2.926352608483284712e-04
4.008560790680348873e-04
2.964237646665424109e-04
1.892594737000763416e-04
3.153029247187077999e-04
2.367732522543519735e-04
4.870511766057461500e-04
6.309698801487684250e-04
6.797666428610682487e-04
9.468793869018554688e-04
1.177148777060210705e-03
5.767398397438228130e-04
4.275980463717132807e-04
5.309334374032914639e-04
3.479986626189202070e-04
2.808001299854367971e-04
-8.742356294533237815e-05
4.788863880094140768e-04
6.425676401704549789e-04
4.327600181568413973e-04
2.766433462966233492e-04
4.445868253242224455e-04
2.300609485246241093e-04
2.300820488017052412e-04
5.121791036799550056e-04
1.418656174791976810e-04
1.448511611670255661e-04
5.855361232534050941e-04
-1.074147148756310344e-04
-1.751501986291259527e-04
1.218833422171883285e-04
3.322714765090495348e-04
1.648347388254478574e-04
1.824133651098236442e-04
3.678767534438520670e-04
5.430355085991322994e-04
5.623244214802980423e-04
-2.238575107185170054e-04
-2.219778543803840876e-04
5.673313280567526817e-04
5.570807261392474174e-04
1.398048916598781943e-04
-3.234655741835013032e-05
2.410425804555416107e-04
1.052804072969593108e-04
-3.640348222688771784e-05
2.167596976505592465e-04
4.813136183656752110e-04
4.025551315862685442e-04
2.426530772936530411e-05
-1.231743954122066498e-04
1.863285433501005173e-04
-7.200765594461699948e-06
2.411462992313317955e-05
-2.143200108548626304e-04
3.138928441330790520e-04
2.086922177113592625e-04
3.941319009754806757e-04
3.674700856208801270e-04
-9.683832467999309301e-05
7.367580838035792112e-05
1.174567078123800457e-04
5.144755705259740353e-04
3.569747495930641890e-04
1.269794884137809277e-04
-5.591244189417921007e-05
-2.888215385610237718e-05
2.123215381288900971e-04
2.658519661054015160e-04
2.061884297290816903e-04
3.889849176630377769e-04
3.579454205464571714e-04
1.298068382311612368e-04
-3.598109469749033451e-04
-1.482492079958319664e-04
4.416326919454149902e-05
-1.303263707086443901e-04
3.461212618276476860e-04
3.053128966712392867e-05
-1.939094363478943706e-04
-1.040131974150426686e-04
-3.828120825346559286e-04
2.548939482949208468e-05
-1.415188744431361556e-04
2.964039413200225681e-05
-4.272890801075845957e-04
-2.731293789111077785e-04
-4.856073064729571342e-04
4.775049819727428257e-05
-5.371716179070062935e-05
6.252870662137866020e-04
3.866082115564495325e-04
-3.135037550237029791e-04
1.495121432526502758e-05
5.706434239982627332e-05
-2.571841760072857141e-04
6.944682809262303635e-06
1.773936091922223568e-04
2.360015787417069077e-04
5.878952797502279282e-04
1.338594884146004915e-04
3.480030864011496305e-04
-1.887130747491028160e-05
-2.583792665973305702e-04
-3.736462094821035862e-04
2.603033499326556921e-04
-4.226407618261873722e-04
-6.346118170768022537e-04
-3.071828687097877264e-04
5.954249718342907727e-05
3.346790908835828304e-04
3.055919078178703785e-04
5.077623063698410988e-04
