1.242882921360433102e-03
-1.351342420093715191e-03
-1.420767745003104210e-03
-2.361633582040667534e-03
1.934078289195895195e-03
1.280167722143232822e-03
-2.619950333610177040e-03
-4.238524124957621098e-04
-9.859807323664426804e-04
9.781796485185623169e-03
-6.672055460512638092e-03
-5.598994903266429901e-04
-3.035791683942079544e-03
-1.807175576686859131e-03
-2.744379919022321701e-03
-5.742507055401802063e-03
-7.048440165817737579e-03
-9.824742563068866730e-03
-1.598700415343046188e-03
-1.427812618203461170e-03
-1.825958956032991409e-03
-2.663989784196019173e-03
-1.350656896829605103e-02
-6.237100809812545776e-03
-2.934841671958565712e-03
-5.300093907862901688e-03
-8.192370296455919743e-05
-2.373232739046216011e-03
-2.068764064460992813e-03
-5.075525026768445969e-03
-3.324811579659581184e-03
-4.958169534802436829e-03
-3.805798769462853670e-04
-1.320036593824625015e-03
-1.009489758871495724e-03
-6.954190321266651154e-03
3.283900014139362611e-07
-2.767599932849407196e-02
-5.216882564127445221e-03
-4.287032410502433777e-03
-2.849938580766320229e-03
-2.755717141553759575e-03
-5.856250878423452377e-03
-2.329481067135930061e-03
-7.821399718523025513e-03
-1.095207780599594116e-02
-4.396358039230108261e-03
-5.901579745113849640e-03
-6.381966173648834229e-03
-1.119796745479106903e-02
-3.811696777120232582e-03
-6.780917290598154068e-03
-1.074028760194778442e-02
-9.269471280276775360e-03
-2.352959942072629929e-03
-2.865877235308289528e-03
-1.190493232570588589e-03
-3.737863851711153984e-03
-1.153074204921722412e-02
-6.620712112635374069e-03
-7.558895274996757507e-03
-1.398966461420059204e-02
-7.056777365505695343e-03
-1.173512544482946396e-02
3.291391069069504738e-03
-4.326315596699714661e-03
-3.801639890298247337e-03
2.942858263850212097e-03
-1.785417320206761360e-03
4.488448321353644133e-04
-4.830535035580396652e-03
-7.852843962609767914e-03
3.948304336518049240e-03
-4.034773632884025574e-02
-5.342814140021800995e-03
-1.695631816983222961e-02
-1.071879989467561245e-03
2.489917166531085968e-02
-1.538450643420219421e-02
9.388447739183902740e-03
4.453648813068866730e-03
-4.270279780030250549e-03
-5.683960393071174622e-03
7.970003061927855015e-04
-6.098377984017133713e-03
1.870024367235600948e-03
-3.548968117684125900e-03
2.680924080777913332e-04
1.044002175331115723e-02
2.151178661733865738e-03
7.395375519990921021e-03
-8.876131614670157433e-04
5.134140606969594955e-03
-7.811892777681350708e-03
1.223113387823104858e-02
-7.726596668362617493e-03
-1.437632250599563122e-03
2.076118951663374901e-03
4.091902635991573334e-03
8.974157972261309624e-04
6.743330974131822586e-03
3.901750547811388969e-03
-6.285398267209529877e-03
5.758195184171199799e-03
2.434467431157827377e-03
6.189676467329263687e-03
5.442239344120025635e-03
1.948951929807662964e-02
5.177355557680130005e-02
1.943753659725189209e-02
1.588522829115390778e-02
-1.101846061646938324e-02
8.799688890576362610e-03
6.972897797822952271e-03
1.025610882788896561e-02
2.810573391616344452e-02
9.542487561702728271e-03
2.044925495283678174e-04
-1.361537259072065353e-02
5.286481231451034546e-03
2.210644818842411041e-02
-2.769386162981390953e-03
5.437997635453939438e-03
5.354127380996942520e-03
1.437912788242101669e-02
8.984878659248352051e-03
2.009335346519947052e-02
1.415657903999090195e-02
-1.199815608561038971e-02
2.288386691361665726e-03
1.590039581060409546e-02
1.650635898113250732e-02
-1.429427415132522583e-02
1.698893867433071136e-02
1.019830349832773209e-02
-1.658381707966327667e-02
-6.183264777064323425e-03
-4.274806007742881775e-03
-7.281381171196699142e-03
-7.234786171466112137e-03
1.458721514791250229e-02
-1.056601479649543762e-02
7.961366325616836548e-03
5.325013771653175354e-02
-1.626362092792987823e-02
-7.511133328080177307e-03
-4.851775709539651871e-03
1.423737499862909317e-02
4.568172618746757507e-03
3.133316338062286377e-02
-3.046000143513083458e-03
8.019747212529182434e-03
5.586133804172277451e-03
4.897100385278463364e-03
-6.795721594244241714e-03
7.891412824392318726e-03
-3.260207548737525940e-02
-1.464139577001333237e-02
2.414092188701033592e-03
4.074194282293319702e-02
2.490109205245971680e-02
1.909577101469039917e-02
5.127416551113128662e-02
1.784243993461132050e-02
-1.683845184743404388e-02
2.170319296419620514e-02
3.770529478788375854e-02
-1.017579622566699982e-02
2.610203623771667480e-02
6.959004793316125870e-03
4.381949082016944885e-02
-1.464328542351722717e-02
-2.633498981595039368e-02
1.494582835584878922e-02
3.377731516957283020e-02
2.730775740928947926e-04
5.568855255842208862e-02
2.519218437373638153e-02
3.165986016392707825e-02
-2.112202718853950500e-02
1.118747610598802567e-02
9.884237311780452728e-03
1.397611107677221298e-03
5.893071368336677551e-02
2.691090293228626251e-02
-8.154176175594329834e-03
-4.701992869377136230e-02
4.397985711693763733e-02
3.741947188973426819e-02
-3.222972853109240532e-03
5.796945095062255859e-02
1.148027554154396057e-02
3.906959295272827148e-02
-3.093780204653739929e-02
-7.067650556564331055e-02
-3.449084609746932983e-02
-5.621058121323585510e-02
3.610484674572944641e-02
8.883828669786453247e-02
-1.404156982898712158e-01
1.592895574867725372e-02
-1.032690778374671936e-01
-5.897397920489311218e-02
-8.821864612400531769e-03
6.479727476835250854e-02
-3.713689744472503662e-02
-9.766050428152084351e-02
5.834676697850227356e-02
-8.289034664630889893e-02
-4.310688003897666931e-03
-5.401035305112600327e-03
-7.765114773064851761e-03
-2.326284535229206085e-02
9.439444169402122498e-03
2.515555545687675476e-02
-1.833577081561088562e-02
-2.961726114153862000e-02
5.591436102986335754e-02
-2.511511929333209991e-02
-3.004904277622699738e-02
-2.089080866426229477e-03
-6.025388464331626892e-02
2.894506603479385376e-02
2.030342258512973785e-02
-2.690251916646957397e-02
4.095576703548431396e-03
-5.307343322783708572e-03
-5.055636912584304810e-02
-3.826423361897468567e-02
2.592286840081214905e-02
1.527317054569721222e-02
4.053477197885513306e-02
-3.203444182872772217e-02
-4.665167361963540316e-04
-2.659492753446102142e-02
-1.058886200189590454e-02
1.438371650874614716e-02
1.629759557545185089e-02
2.261625975370407104e-02
-2.169293351471424103e-02
-2.883223118260502815e-03
-2.860041707754135132e-02
-2.749913558363914490e-02
3.284554230049252510e-03
6.259700283408164978e-03
-1.698720082640647888e-02
-1.282601803541183472e-02
-2.007110975682735443e-02
-2.987651899456977844e-02
3.006324172019958496e-02
-1.086255069822072983e-02
1.136971917003393173e-02
4.530932288616895676e-03
-2.621961990371346474e-03
-1.150968455476686358e-04
3.059726674109697342e-03
6.355880759656429291e-03
6.583577953279018402e-03
-1.277919486165046692e-02
-1.491156592965126038e-02
-1.564887352287769318e-02
-2.132666110992431641e-02
-1.424760557711124420e-02
-5.771574564278125763e-03
1.209509465843439102e-02
-2.680566348135471344e-02
3.381833434104919434e-03
-3.454840742051601410e-03
-1.813771668821573257e-03
-3.287794813513755798e-02
-4.342880856711417437e-04
-7.314055226743221283e-03
4.185484256595373154e-03
-1.093953475356101990e-02
-6.337384693324565887e-03
-1.415790803730487823e-02
-1.802581362426280975e-02
-5.467199254781007767e-03
-6.186066940426826477e-02
-1.256382185965776443e-02
-7.898017764091491699e-03
2.054081670939922333e-02
-3.761354601010680199e-03
-1.854483038187026978e-02
-3.369024954736232758e-03
1.493943040259182453e-03
-4.145476501435041428e-03
2.496525994502007961e-04
3.683868562802672386e-03
1.735135796479880810e-03
-1.382313854992389679e-02
-3.872919827699661255e-03
-9.134585037827491760e-03
8.642848581075668335e-03
-3.491374896839261055e-03
-9.075753390789031982e-03
-1.014931034296751022e-02
-1.030927873216569424e-03
-9.453562088310718536e-03
-4.769742023199796677e-03
1.445960626006126404e-02
-3.974965773522853851e-03
-2.867618575692176819e-03
9.074982255697250366e-03
-1.325896102935075760e-02
-1.643077097833156586e-02
-6.391535513103008270e-03
7.029691245406866074e-03
1.301901135593652725e-02
-5.467860959470272064e-03
-5.262208171188831329e-03
5.683216266334056854e-03
7.643608842045068741e-03
-3.373444452881813049e-02
6.344596389681100845e-03
-2.677013399079442024e-03
-4.158449824899435043e-03
-5.351577885448932648e-03
-8.786570280790328979e-03
-9.149883873760700226e-03
-3.972645848989486694e-02
-1.717113330960273743e-02
2.583263628184795380e-02
-6.270288489758968353e-03
-7.027768995612859726e-03
5.867250729352235794e-04
-1.002492289990186691e-02
-5.909625906497240067e-03
-1.183412969112396240e-02
-7.750005461275577545e-03
-1.054693479090929031e-02
-5.686971708200871944e-04
8.680163882672786713e-03
-9.251175448298454285e-03
-5.828509107232093811e-03
-5.105102900415658951e-03
-7.715680636465549469e-03
-1.036730463965795934e-05
-1.100708497688174248e-03
-9.624464437365531921e-03
-9.816695004701614380e-03
-5.084869451820850372e-03
1.756379380822181702e-03
-1.230747345834970474e-02
-9.753277525305747986e-03
-7.043894380331039429e-03
-6.105141248553991318e-03
-9.455814957618713379e-03
-7.668354548513889313e-03
-5.755373276770114899e-03
-7.290018722414970398e-03
-2.001537010073661804e-02
-1.177855581045150757e-02
-1.469224784523248672e-02
-5.366345867514610291e-03
-3.767841029912233353e-03
-3.617508569732308388e-03
-3.595106070861220360e-03
-2.683488186448812485e-03
-3.690377576276659966e-03
-3.935831598937511444e-03
-4.004884045571088791e-03
-3.179339226335287094e-03
1.029027625918388367e-02
-1.322160474956035614e-03
-2.529678633436560631e-03
-3.542012069374322891e-03
-8.731468580663204193e-03
-4.363548010587692261e-03
-5.677626468241214752e-03
1.764382235705852509e-03
-4.654750600457191467e-02
-8.371204137802124023e-03
-8.812037296593189240e-03
-6.108045112341642380e-03
-3.843249753117561340e-03
-5.346698220819234848e-03
-4.058261867612600327e-03
-9.195256978273391724e-03
-3.636718494817614555e-03
-4.757943563163280487e-03
-3.503369400277733803e-03
-4.623524378985166550e-03
-1.603950280696153641e-03
-4.723103716969490051e-03
-2.278005005791783333e-03
-2.571958582848310471e-03
-7.728298660367727280e-03
-9.592444635927677155e-03
4.885062226094305515e-04
-5.342503543943166733e-03
-9.400283452123403549e-04
-4.287390969693660736e-03
-2.960836980491876602e-03
-4.046653397381305695e-03
-2.441015793010592461e-03
-2.520575188100337982e-03
1.139301620423793793e-02
-1.309633953496813774e-03
-1.645573298446834087e-03
4.895730875432491302e-03
