-1.246478292159736156e-03
8.231334388256072998e-03
-6.708041764795780182e-04
-2.536836313083767891e-03
-4.501257557421922684e-03
-9.576710872352123260e-03
-1.520083169452846050e-03
4.275817889720201492e-03
7.197096711024641991e-04
-4.175487265456467867e-04
-1.149480976164340973e-02
-2.796855056658387184e-03
-3.022310091182589531e-03
-1.479456550441682339e-03
3.951811697334051132e-03
2.392394526395946741e-04
1.769196987152099609e-02
2.471040003001689911e-03
1.722767204046249390e-02
-6.345203146338462830e-03
-1.607340062037110329e-03
-1.961237518116831779e-03
-6.790329236537218094e-03
8.261292241513729095e-03
-2.120695542544126511e-03
1.466545276343822479e-03
-2.519505843520164490e-02
-3.861670615151524544e-03
1.631952938623726368e-03
8.195045404136180878e-03
-1.282647438347339630e-02
7.309904322028160095e-03
3.716263920068740845e-03
-2.300864434801042080e-04
-2.636808436363935471e-03
4.630487412214279175e-03
8.312484133057296276e-04
1.531603280454874039e-03
5.187995266169309616e-03
1.923362724483013153e-03
1.547425519675016403e-03
-1.667043752968311310e-02
-7.516037207096815109e-03
-2.302593924105167389e-02
8.767215535044670105e-03
1.609460078179836273e-02
2.758711576461791992e-03
2.876975573599338531e-03
-6.560604088008403778e-03
-1.533307414501905441e-02
2.386700725764967501e-05
1.182341948151588440e-02
3.736222162842750549e-03
-2.412173338234424591e-02
4.377727396786212921e-03
7.931781001389026642e-03
-1.501707360148429871e-03
-5.895704030990600586e-03
1.104544941335916519e-02
2.855837810784578323e-03
1.020261459052562714e-02
1.825166679918766022e-02
-4.510697908699512482e-03
8.269776008091866970e-04
4.456324037164449692e-03
-1.236942503601312637e-02
1.308401394635438919e-02
3.310079220682382584e-03
-1.815650262869894505e-03
6.891437806189060211e-03
1.210405398160219193e-02
1.769712893292307854e-03
7.197323255240917206e-03
-1.465398725122213364e-02
-8.652047836221754551e-04
9.088226594030857086e-03
6.991615053266286850e-03
1.534348819404840469e-03
4.960341611877083778e-04
5.572644993662834167e-03
8.004669100046157837e-03
1.655963994562625885e-02
1.481973007321357727e-02
-2.907570078969001770e-02
-4.102543462067842484e-03
-1.249277871102094650e-02
-5.453139543533325195e-03
8.330420590937137604e-03
2.315540798008441925e-03
-3.361644223332405090e-03
-1.451155077666044235e-02
-1.350968237966299057e-02
4.414501134306192398e-03
-6.220534443855285645e-03
6.228317972272634506e-03
1.537220366299152374e-02
6.926169153302907944e-03
3.936944995075464249e-03
6.089824065566062927e-02
-3.418440173845738173e-04
7.077708840370178223e-03
2.723579527810215950e-03
-6.858729757368564606e-03
7.684644777327775955e-03
-2.348864264786243439e-02
1.868006656877696514e-03
-1.178357750177383423e-02
1.567181781865656376e-03
9.693371132016181946e-03
3.321247547864913940e-02
1.200887467712163925e-02
-3.781161969527602196e-03
9.163498878479003906e-03
-1.195096503943204880e-02
-9.727129712700843811e-03
-4.931296687573194504e-03
1.229025609791278839e-02
1.166869536973536015e-03
3.603601455688476562e-02
9.952692780643701553e-04
-1.166920270770788193e-02
1.579975336790084839e-02
1.389275211840867996e-02
-2.247661910951137543e-02
8.216861635446548462e-03
-1.437975279986858368e-02
1.391699817031621933e-02
-6.067549344152212143e-03
6.907445844262838364e-03
-7.812906056642532349e-03
3.489854745566844940e-03
2.832413301803171635e-04
-4.295765422284603119e-03
4.022236913442611694e-03
-9.315732866525650024e-03
6.580989807844161987e-03
9.551631286740303040e-03
1.072473265230655670e-02
7.279370911419391632e-03
1.882638409733772278e-02
1.719096302986145020e-02
5.227503832429647446e-03
-1.388977630995213985e-03
1.780859939754009247e-02
1.942277885973453522e-02
1.373932696878910065e-02
1.149585284292697906e-02
1.617670059204101562e-02
-5.687786731868982315e-03
1.145507115870714188e-02
2.639212086796760559e-02
1.485881512053310871e-03
-2.707151509821414948e-02
5.619921255856752396e-03
-4.338426515460014343e-02
-5.618599243462085724e-03
-8.664682507514953613e-03
1.534803584218025208e-02
-3.654919564723968506e-03
1.151304459199309349e-04
-1.881989650428295135e-02
3.607689961791038513e-02
-2.939768135547637939e-03
4.969127941876649857e-03
2.230807021260261536e-02
3.785436600446701050e-02
-1.153140049427747726e-02
1.080227456986904144e-02
2.662746934220194817e-03
3.740310296416282654e-02
1.661863923072814941e-02
-1.208022423088550568e-02
-2.514622360467910767e-02
-3.462257236242294312e-02
1.431706361472606659e-03
2.195277065038681030e-02
-1.800928264856338501e-02
4.191076755523681641e-02
-1.516833342611789703e-02
1.644426770508289337e-02
-4.098676145076751709e-02
4.077044315636157990e-03
-4.102183878421783447e-02
2.191281691193580627e-02
9.678408503532409668e-02
-4.575342684984207153e-02
1.368334703147411346e-02
-1.666245609521865845e-02
3.809028863906860352e-02
-7.864135503768920898e-02
6.857125461101531982e-02
3.911112435162067413e-03
9.025833755731582642e-02
-5.983734503388404846e-03
-4.620466381311416626e-02
-4.652242362499237061e-02
-6.846873462200164795e-02
1.444028876721858978e-02
-2.996426075696945190e-02
-1.849443465471267700e-02
3.545232862234115601e-02
1.425687037408351898e-02
-5.897935479879379272e-02
-2.616504579782485962e-02
2.889803610742092133e-02
7.495798170566558838e-02
-3.942047245800495148e-03
4.752281680703163147e-02
-3.404964506626129150e-02
3.844523429870605469e-02
3.409368172287940979e-02
3.930201381444931030e-02
3.109565936028957367e-02
-1.703575812280178070e-02
6.284303218126296997e-02
6.105824932456016541e-02
-3.066708520054817200e-02
1.239864807575941086e-02
1.528891921043395996e-02
9.386259480379521847e-04
3.674893453717231750e-02
2.767984755337238312e-03
-4.308327287435531616e-02
7.116008084267377853e-03
2.813929505646228790e-02
5.851028952747583389e-03
-7.527637761086225510e-03
-3.523675352334976196e-02
3.133476246148347855e-03
-2.170785889029502869e-02
-2.062504366040229797e-02
2.321987226605415344e-02
4.238138347864151001e-02
-2.015830948948860168e-03
2.276877500116825104e-02
1.398276444524526596e-02
-1.739420369267463684e-02
1.047388091683387756e-02
-2.035354729741811752e-03
3.130652755498886108e-02
3.704486787319183350e-02
-7.832011207938194275e-03
1.954493112862110138e-02
4.702213336713612080e-04
-9.233511053025722504e-03
-6.491891108453273773e-04
-1.669381186366081238e-02
-6.307411473244428635e-03
8.358296938240528107e-03
2.399803698062896729e-02
3.527338057756423950e-02
2.458426542580127716e-02
-8.630222640931606293e-03
-1.617539487779140472e-02
-1.322520710527896881e-02
-2.008206956088542938e-02
-2.001042850315570831e-02
-2.229635603725910187e-03
-3.041565977036952972e-02
-2.177208289504051208e-02
2.704861015081405640e-02
1.548866741359233856e-03
1.933214813470840454e-02
1.524251326918601990e-02
-6.621223874390125275e-03
8.069305680692195892e-03
-1.012475602328777313e-02
-2.136097103357315063e-02
1.030678581446409225e-02
6.447579246014356613e-03
1.255741692148149014e-03
-3.593394998461008072e-03
-3.272613743320107460e-03
4.683861974626779556e-03
1.937552914023399353e-02
-7.871417328715324402e-03
-2.618276700377464294e-02
1.603511348366737366e-02
1.902782358229160309e-02
-1.496906671673059464e-02
-1.600788382347673178e-04
-2.509782277047634125e-02
2.346498891711235046e-03
1.673344522714614868e-02
3.328397637233138084e-03
9.315185248851776123e-03
1.252250559628009796e-02
1.572265289723873138e-03
-6.926355417817831039e-03
-3.058637492358684540e-03
2.055721543729305267e-02
8.166454732418060303e-03
1.019487972371280193e-03
-1.125382166355848312e-02
5.439531058073043823e-03
6.176200229674577713e-03
1.326096244156360626e-02
4.574651364237070084e-03
5.076680681668221951e-04
-1.083721965551376343e-02
1.453105546534061432e-02
-4.301428794860839844e-03
1.205845270305871964e-03
9.416598826646804810e-03
1.018052641302347183e-02
6.263758055865764618e-03
9.044406935572624207e-03
-1.076659746468067169e-02
5.552391987293958664e-03
-8.586902171373367310e-03
-1.375944167375564575e-02
1.464358344674110413e-02
-7.802053354680538177e-03
-1.172855030745267868e-02
-2.875709906220436096e-03
-1.301024295389652252e-02
8.212273940443992615e-03
9.062600322067737579e-03
7.220057770609855652e-03
3.934950567781925201e-03
-4.872035607695579529e-02
-2.421465702354907990e-03
-1.173432543873786926e-02
-1.228636712767183781e-03
-1.941521768458187580e-03
4.685075487941503525e-03
1.098976191133260727e-02
-1.279296725988388062e-02
6.240888964384794235e-03
1.024186844006180763e-03
6.719459779560565948e-03
6.959464866667985916e-03
-5.107672419399023056e-03
4.444951191544532776e-03
-8.617380633950233459e-03
-8.316747844219207764e-03
8.949818438850343227e-04
2.819558605551719666e-02
-7.298501674085855484e-03
-6.710259709507226944e-03
4.156654234975576401e-03
2.276930026710033417e-03
1.291512278839945793e-03
-3.321008291095495224e-03
-7.563574472442269325e-04
-1.415798813104629517e-02
-7.527444511651992798e-03
5.467725452035665512e-03
-7.403173949569463730e-03
-1.160887163132429123e-02
4.583824891597032547e-03
5.045230034738779068e-03
7.301328587345778942e-04
5.090438295155763626e-03
-2.482989511918276548e-04
-6.322072353214025497e-03
-1.589907216839492321e-03
-2.297938801348209381e-03
-8.713281713426113129e-03
-1.054761349223554134e-03
5.915619432926177979e-03
-1.564689329825341702e-03
9.888732805848121643e-03
2.211273967986926436e-04
-5.165658425539731979e-03
4.399290774017572403e-03
9.459005086682736874e-04
-6.622591055929660797e-03
4.231642466038465500e-03
9.749111719429492950e-03
9.902964346110820770e-03
-1.641113543882966042e-03
2.257510786876082420e-03
2.205021912232041359e-03
-1.437837723642587662e-02
-1.149653457105159760e-03
3.145263297483325005e-03
-5.145326256752014160e-03
2.547902753576636314e-03
-4.438677337020635605e-03
4.962392617017030716e-03
-3.097678418271243572e-04
3.671685699373483658e-04
-7.167628500610589981e-03
-8.051214390434324741e-04
3.205562010407447815e-02
-1.824338361620903015e-02
-2.384955063462257385e-03
1.415842957794666290e-02
-6.414898484945297241e-02
2.122303005307912827e-03
-2.308652270585298538e-03
-1.919694826938211918e-03
-2.114271000027656555e-02
-2.603200264275074005e-03
1.962493406608700752e-03
4.205208097118884325e-04
5.395286250859498978e-03
2.306948881596326828e-03
-2.123866975307464600e-02
-2.003375906497240067e-03
