1.108424257836304605e-04
-1.160821648227283731e-05
-2.523667062632739544e-04
-1.061704315361566842e-04
-2.430231106700375676e-04
3.504194901324808598e-04
-1.493358286097645760e-04
4.149120650254189968e-04
-3.183363296557217836e-04
-1.721606386126950383e-04
-1.493130548624321818e-04
-5.028850864619016647e-05
1.478365884395316243e-04
-1.996958890231326222e-04
-1.144198904512450099e-04
1.057128174579702318e-04
-1.474392138334224001e-05
-3.606127866078168154e-04
4.511100632953457534e-05
1.216585296788252890e-04
2.684138053155038506e-05
-1.276928087463602424e-04
7.757431740174070001e-05
-1.436009479220956564e-04
-1.116634011850692332e-04
-1.716456172289326787e-04
9.855133976088836789e-05
5.346033503883518279e-05
-6.874863174743950367e-04
-1.760264713084325194e-04
2.255461731692776084e-04
1.150610187323763967e-04
-1.979388907784596086e-04
2.366247208556160331e-04
2.585219044703990221e-04
-3.638241469161584973e-05
2.254387509310618043e-04
2.217640430899336934e-04
4.107656423002481461e-05
-4.327596252551302314e-05
-4.799692542292177677e-04
-7.773578545311465859e-07
-1.995648017327766865e-05
-4.614150093402713537e-04
-5.499364924617111683e-04
1.223479775944724679e-04
-4.123835533391684294e-04
1.074671308742836118e-04
-1.196547600557096303e-04
-1.216729560837848112e-05
-2.639739541336894035e-04
8.825064287520945072e-05
2.191985258832573891e-04
-2.405367413302883506e-04
3.043044416699558496e-04
6.596160528715699911e-05
4.444862133823335171e-05
-4.319493891671299934e-04
-3.416668914724141359e-04
-1.460862695239484310e-04
-2.482478448655456305e-04
-2.859288069885224104e-04
-2.388197572145145386e-06
2.020994434133172035e-04
-4.419322795001789927e-05
-8.252116822404786944e-05
3.289986052550375462e-04
-1.674802915658801794e-04
-2.214206178905442357e-04
3.745359936146996915e-05
-2.167698257835581899e-04
-5.516217061085626483e-05
-1.303142198594287038e-04
7.832526898710057139e-05
-4.726771439891308546e-04
-5.854491028003394604e-04
1.446524838684126735e-04
2.821459784172475338e-04
4.269259225111454725e-04
-2.808182616718113422e-04
-1.969880249816924334e-04
-6.169488187879323959e-05
-1.205764565384015441e-04
8.569848432671278715e-05
-7.441906927851960063e-05
-3.453464159974828362e-05
-8.842255192575976253e-05
6.819361587986350060e-04
9.468020289205014706e-04
2.276004670420661569e-04
-1.852427376434206963e-04
-2.352381998207420111e-04
1.448737736791372299e-02
2.096633688779547811e-04
5.349900675355456769e-05
-1.467068796046078205e-04
1.128281373530626297e-02
3.464073524810373783e-04
1.563973637530580163e-04
7.602869300171732903e-05
1.987123861908912659e-02
1.143745612353086472e-03
7.991741877049207687e-04
3.515507280826568604e-02
-1.951939921127632260e-04
7.104130872903624550e-06
2.151439152657985687e-02
-1.481529470765963197e-04
3.514005616307258606e-02
7.367252692347392440e-05
3.239994123578071594e-02
1.303003728389739990e-02
1.218258310109376907e-02
1.405098848044872284e-02
8.330862969160079956e-03
3.061241097748279572e-02
1.121834618970751762e-03
5.966531857848167419e-02
3.767174854874610901e-02
5.785100162029266357e-03
2.069896459579467773e-02
4.957355186343193054e-02
1.239749137312173843e-02
5.917952209711074829e-02
2.508816681802272797e-02
4.596829786896705627e-02
4.648225381970405579e-02
6.156793236732482910e-02
6.210606545209884644e-02
5.312379822134971619e-02
9.837622754275798798e-03
8.187187463045120239e-02
9.800925850868225098e-02
6.321972608566284180e-02
6.557422876358032227e-02
9.113772213459014893e-02
7.546357810497283936e-02
6.520143896341323853e-02
7.098583877086639404e-02
7.016239315271377563e-02
6.228680536150932312e-02
5.486126244068145752e-02
1.133606657385826111e-01
7.695131003856658936e-02
6.981061398983001709e-02
1.148628965020179749e-01
9.882187098264694214e-02
8.350250124931335449e-02
1.003222465515136719e-01
9.532693028450012207e-02
1.310087442398071289e-01
8.872012794017791748e-02
1.128049269318580627e-01
1.309761852025985718e-01
9.729187190532684326e-02
1.047723442316055298e-01
1.259810030460357666e-01
8.875454217195510864e-02
1.111239641904830933e-01
1.268118321895599365e-01
1.378010958433151245e-01
8.766890317201614380e-02
1.056171134114265442e-01
7.693933695554733276e-02
1.320163607597351074e-01
8.614018559455871582e-02
9.114082157611846924e-02
7.940454035997390747e-02
1.726031750440597534e-01
4.134448617696762085e-02
6.507233530282974243e-02
1.240544691681861877e-01
5.222601443529129028e-02
7.860446721315383911e-02
1.016469225287437439e-01
4.799141734838485718e-02
6.733681261539459229e-02
1.041411310434341431e-01
9.983623772859573364e-02
6.643106788396835327e-02
8.598598837852478027e-02
3.208883851766586304e-02
1.269932985305786133e-01
5.974080041050910950e-02
7.405965775251388550e-02
1.407465245574712753e-02
5.882717296481132507e-02
4.753397405147552490e-02
1.134962961077690125e-02
6.569631397724151611e-02
1.571543887257575989e-02
6.101769208908081055e-02
1.834818162024021149e-02
3.383286297321319580e-02
1.865440397523343563e-03
2.888705208897590637e-02
2.917883358895778656e-02
1.507422141730785370e-02
9.984265780076384544e-04
1.091334619559347630e-03
-1.136566232889890671e-02
1.560695562511682510e-02
-1.498440862633287907e-03
-1.361234951764345169e-02
3.528518974781036377e-02
2.812199294567108154e-02
-7.563681155443191528e-02
4.407946765422821045e-02
-5.200259387493133545e-02
2.773988433182239532e-02
8.528962644049897790e-05
7.423783652484416962e-03
7.007784675806760788e-03
4.299275678931735456e-05
1.051417086273431778e-02
-2.847259305417537689e-02
1.739978604018688202e-02
-1.583274934091605246e-05
2.432304463582113385e-04
3.517627774272114038e-04
1.173027849290519953e-04
3.034255314560141414e-05
5.577383097261190414e-03
2.657941728830337524e-02
2.422391262371093035e-04
2.220531925559043884e-02
-1.308944338234141469e-04
4.615192767232656479e-03
-9.899297583615407348e-05
4.414724826347082853e-04
-8.153134956955909729e-03
-1.255482638953253627e-04
6.968407426029443741e-03
2.319280616939067841e-02
-9.420392598258331418e-05
-1.181666593765839934e-04
-1.261751458514481783e-04
-8.129879279294982553e-05
-1.825744053348898888e-03
4.730410501360893250e-02
6.598367326660081744e-05
-1.605926081538200378e-04
1.356661878526210785e-02
-1.125185590353794396e-04
-3.456968115642666817e-04
-2.218627196270972490e-04
-3.227827983209863305e-05
-1.390566321788355708e-04
-3.174513722115079872e-06
-2.190962113672867417e-04
-2.788109122775495052e-04
-3.126676019746810198e-04
-3.360267146490514278e-04
-2.632686810102313757e-04
-4.359659942565485835e-05
2.022368367761373520e-03
-1.039499475155025721e-04
-2.746206300798803568e-04
-2.613541146274656057e-04
-2.015279023908078671e-04
-1.363613409921526909e-03
-2.070502087008208036e-04
-1.502831582911312580e-04
-9.773358760867267847e-05
-1.842037454480305314e-04
-1.579748117364943027e-03
-3.363285795785486698e-04
-1.686269097262993455e-04
-3.831184003502130508e-04
3.002698998898267746e-03
2.438243791402783245e-05
-1.890469429781660438e-04
-2.520792186260223389e-04
-7.307417690753936768e-04
-7.418738678097724915e-03
1.412888013874180615e-05
-2.891525509767234325e-04
-1.201038539875298738e-04
-5.893884735996834934e-05
-4.600182874128222466e-04
-1.427508832421153784e-04
-3.705541894305497408e-04
-2.392240567132830620e-04
-2.933594805654138327e-04
-2.643195621203631163e-04
-2.659476303961127996e-04
-1.539627410238608718e-04
-1.668104523560032248e-04
-1.275638787774369121e-04
-7.463742076652124524e-05
-4.631144838640466332e-05
-2.076915407087653875e-04
-1.356548746116459370e-04
-7.479843770852312446e-05
-2.918809477705508471e-04
-3.398419939912855625e-04
-1.325237244600430131e-04
-3.059464797843247652e-04
-1.614541374146938324e-02
-3.951659891754388809e-04
-9.641379583626985550e-04
-2.075799711747094989e-04
-3.715532657224684954e-04
-1.480523496866226196e-04
-1.526689302409067750e-04
-2.660994359757751226e-04
-2.880374959204345942e-04
-7.847188680898398161e-05
-9.249673894373700023e-05
-5.737751052947714925e-05
4.926305791741469875e-06
-2.302429129485972226e-05
-2.583006862550973892e-04
-3.658386995084583759e-04
-3.600851050578057766e-04
-1.552380272187292576e-04
-9.059797594090923667e-05
-3.242570164729841053e-05
-3.306650905869901180e-04
-1.222857390530407429e-04
-8.806092082522809505e-04
-8.162120502674952149e-05
-2.866913564503192902e-05
-4.702706064563244581e-05
-6.779555696994066238e-03
-1.198720419779419899e-04
-4.864934307988733053e-04
-1.759278529789298773e-04
-9.733292245073243976e-05
-3.658619534689933062e-04
-1.753670658217743039e-04
-2.630458911880850792e-04
-2.418993535684421659e-04
-2.874047495424747467e-04
-1.110973316826857626e-04
-1.237042597495019436e-04
-3.445491020102053881e-04
-3.266140411142259836e-04
-4.128156579099595547e-04
-9.099651651922613382e-05
-2.109244087478145957e-05
-3.982307316618971527e-05
-1.108235737774521112e-04
1.270813208975596353e-05
-3.540679463185369968e-04
-1.165375579148530960e-04
-5.426053758128546178e-05
2.826415584422647953e-05
-2.542559814173728228e-04
-1.188532842206768692e-04
-1.479730999562889338e-04
-5.644118209602311254e-05
-1.990191958611831069e-04
-2.286544040543958545e-04
-2.901475236285477877e-04
8.691020775586366653e-05
-1.673482183832675219e-04
-8.924971189117059112e-05
5.068295286037027836e-05
-1.597829977981746197e-04
-1.152185814135009423e-05
-8.398417776334099472e-06
-2.890011237468570471e-04
-1.539844524813815951e-04
1.092888633138500154e-04
-2.712616114877164364e-04
-4.155984497629106045e-04
2.940284684882499278e-05
6.584579750779084861e-06
-1.009743937174789608e-04
4.783655094797722995e-05
1.401623012498021126e-04
5.616163980448618531e-05
-2.087105967802926898e-04
-3.210240101907402277e-04
-3.580484190024435520e-04
-3.251633897889405489e-04
-1.323066971963271499e-04
-1.252146466867998242e-04
-1.286587757931556553e-05
1.696019899100065231e-04
-4.234497610013931990e-04
3.549032408045604825e-05
-3.944259515265002847e-05
-9.905634215101599693e-05
-2.124742313753813505e-04
-2.379642828600481153e-04
-6.631673750234767795e-05
-2.158511924790218472e-04
-7.237380486913025379e-05
-1.057926783687435091e-04
1.476780889788642526e-04
-1.175923971459269524e-04
-3.525967476889491081e-04
-2.289893454872071743e-04
1.529112632852047682e-04
-2.434557100059464574e-04
-8.286056254291906953e-05
-3.283035475760698318e-04
1.128521180362440646e-04
-2.447374863550066948e-04
