-3.982472117058932781e-04
2.630846211104653776e-05
4.567596188280731440e-04
-1.615559995116200298e-05
-2.483825082890689373e-04
-2.706965315155684948e-04
-2.776267356239259243e-04
2.452591434121131897e-04
-2.725811282289214432e-05
-8.586384501541033387e-05
1.314200176238955464e-06
-3.104060015175491571e-04
4.241826245561242104e-04
2.213424304500222206e-04
-5.316285023582167923e-05
-4.173540219198912382e-04
2.600540756247937679e-04
-4.110461741220206022e-04
-2.271818375447764993e-04
-3.479550650808960199e-04
-8.369491115445271134e-05
-1.853659196058288217e-04
-2.412898757029324770e-04
1.998996158363297582e-04
-1.169017632491886616e-04
-3.115901490673422813e-04
-5.574476090259850025e-04
-5.349140847101807594e-04
-4.674893280025571585e-04
1.943086972460150719e-04
-6.341652351693483070e-06
-1.751345844240859151e-04
-4.074053140357136726e-04
1.050133141689002514e-04
-3.249014844186604023e-04
-4.149525193497538567e-04
-4.921797153656370938e-05
-2.481663832440972328e-04
-2.240771864308044314e-04
-6.833183579146862030e-05
-5.515649099834263325e-04
-5.071672494523227215e-04
-4.074398893862962723e-04
-3.515263379085808992e-04
-2.819284418364986777e-05
1.068036435754038393e-04
-2.889998140744864941e-04
-1.110354860429652035e-04
-5.382653907872736454e-04
-8.451452595181763172e-05
-2.888798771891742945e-04
1.406567171216011047e-04
-2.849700103979557753e-04
-2.091039350489154458e-04
-8.041975888772867620e-06
-2.939303230959922075e-04
-1.027888793032616377e-04
-3.000728611368685961e-04
-2.944907464552670717e-04
-8.814193279249593616e-05
-9.034905815497040749e-05
2.674564602784812450e-04
-4.154549606028012931e-05
-2.431992907077074051e-04
4.391298352857120335e-05
-5.460453030536882579e-05
1.931630395120009780e-04
5.665263161063194275e-04
4.672709910664707422e-04
8.035934879444539547e-04
1.578529336256906390e-04
-2.709891414269804955e-04
4.540270310826599598e-04
7.669525075471028686e-05
-4.691769572673365474e-05
-1.475858589401468635e-04
-3.014632966369390488e-04
3.323442069813609123e-04
-7.080404611770063639e-05
-1.711409095150884241e-05
-2.548770862631499767e-04
1.735863770591095090e-04
5.702398630091920495e-05
-1.624003634788095951e-04
1.880183845059946179e-04
1.508166315034031868e-04
2.727900282479822636e-04
4.569012671709060669e-04
1.396413135807961226e-04
7.371878600679337978e-04
-2.192380343331024051e-04
7.055274909362196922e-04
8.510779589414596558e-04
7.976825581863522530e-04
-8.585462637711316347e-05
-7.023310899967327714e-05
-3.265367558924481273e-05
7.137998181860893965e-05
4.998896038159728050e-04
5.855556228198111057e-04
5.181887536309659481e-04
-7.179309614002704620e-05
5.659146117977797985e-04
6.765044527128338814e-04
3.538826713338494301e-04
5.179012659937143326e-04
4.683618608396500349e-04
5.711688427254557610e-04
4.997399519197642803e-04
6.060167797841131687e-04
6.003189482726156712e-04
8.980221900856122375e-05
3.371810889802873135e-04
3.831640351563692093e-04
-6.217753252713009715e-05
5.726325907744467258e-04
7.089289283612743020e-05
5.669650272466242313e-04
3.247509303037077188e-04
1.792602124623954296e-04
1.022571697831153870e-03
4.035114834550768137e-04
7.633569766767323017e-04
5.765291862189769745e-04
1.260288117919117212e-04
7.306756451725959778e-04
1.119145817938260734e-04
4.204275610391050577e-04
9.188864496536552906e-04
4.394792485982179642e-04
3.951452526962384582e-05
1.424443616997450590e-04
1.039687171578407288e-02
7.850124966353178024e-04
9.712320752441883087e-03
1.590846368344500661e-04
1.589729264378547668e-02
3.488919697701931000e-03
1.865203841589391232e-03
2.915560640394687653e-02
1.786683686077594757e-03
1.816534623503684998e-02
5.868594627827405930e-03
2.529126778244972229e-02
1.248882617801427841e-02
3.182132542133331299e-02
2.059427648782730103e-02
2.947268635034561157e-02
1.954793930053710938e-02
6.496399641036987305e-02
1.101519539952278137e-02
8.053269982337951660e-02
2.586370706558227539e-02
4.025171697139739990e-02
6.317058950662612915e-02
3.870001435279846191e-02
7.802340388298034668e-02
3.623999282717704773e-02
7.560299336910247803e-02
4.399872571229934692e-02
9.452129900455474854e-02
3.909182548522949219e-02
1.027128323912620544e-01
4.598418250679969788e-02
9.902369976043701172e-02
7.318890094757080078e-02
5.571516975760459900e-02
1.232607737183570862e-01
3.923697024583816528e-02
1.342932730913162231e-01
5.780030414462089539e-02
8.751201629638671875e-02
1.287799030542373657e-01
6.678345054388046265e-02
1.331007331609725952e-01
8.766761422157287598e-02
1.379065960645675659e-01
6.860721111297607422e-02
1.440125554800033569e-01
9.890593588352203369e-02
1.383643448352813721e-01
8.013634383678436279e-02
1.226716414093971252e-01
1.238283142447471619e-01
9.481646120548248291e-02
1.003253310918807983e-01
1.539227664470672607e-01
7.955139875411987305e-02
1.006638035178184509e-01
1.406502574682235718e-01
6.545902043581008911e-02
1.262877732515335083e-01
8.803734183311462402e-02
5.318664759397506714e-02
8.233083784580230713e-02
8.557952940464019775e-02
5.788150057196617126e-02
4.620336368680000305e-02
2.897286973893642426e-02
3.859386965632438660e-02
-3.163365763612091541e-04
2.444823458790779114e-02
3.215137124061584473e-02
3.952418640255928040e-02
3.461682051420211792e-02
6.274085491895675659e-02
4.412785544991493225e-02
6.432030349969863892e-02
4.005729034543037415e-02
7.373756915330886841e-02
3.785113617777824402e-02
9.396543353796005249e-02
7.281285524368286133e-02
4.015925899147987366e-02
7.960366457700729370e-02
5.743678659200668335e-02
8.309187740087509155e-02
2.430736273527145386e-02
7.124297320842742920e-02
2.539211511611938477e-02
5.169403925538063049e-02
2.811141870915889740e-02
2.744690887629985809e-02
2.161378227174282074e-02
1.166658755391836166e-02
4.653987009078264236e-03
5.711459671147167683e-04
9.685193654149770737e-04
2.483249409124255180e-03
-2.377724449615925550e-04
-1.969448348972946405e-04
-4.798532172571867704e-04
-4.257734108250588179e-04
-3.780284896492958069e-04
-1.742429099977016449e-02
-3.986437804996967316e-04
-2.814423292875289917e-02
-4.126681596972048283e-04
-2.875793352723121643e-02
-1.664320006966590881e-02
-1.235422492027282715e-02
-4.639297351241111755e-02
-2.389514632523059845e-02
-3.637761250138282776e-02
-3.193272650241851807e-02
-4.577792435884475708e-02
-2.695305831730365753e-02
-5.957593396306037903e-02
-3.490121662616729736e-02
-1.791712269186973572e-02
-6.098470091819763184e-02
-5.524327233433723450e-02
-2.591540664434432983e-02
-4.882770776748657227e-02
-5.720401927828788757e-02
-3.439188376069068909e-02
-4.359385743737220764e-02
-4.097348451614379883e-02
-2.745993249118328094e-02
-7.900931686162948608e-02
-1.043668761849403381e-02
-5.959807336330413818e-02
-2.844102494418621063e-02
-3.767500817775726318e-02
-5.087043344974517822e-02
-5.219772923737764359e-03
-6.877259165048599243e-02
-1.287986803799867630e-02
-4.561577364802360535e-02
-2.841928787529468536e-02
-3.197641670703887939e-02
-3.298519924283027649e-02
-3.884800523519515991e-02
-1.281124912202358246e-02
-5.460938066244125366e-02
-2.491087070666253567e-04
-3.072561137378215790e-02
-2.552664140239357948e-03
-1.454248186200857162e-02
-2.388503588736057281e-02
-6.439056014642119408e-04
-2.950946986675262451e-02
-1.071786507964134216e-03
-1.257973373867571354e-03
-1.621678238734602928e-04
-2.625712368171662092e-04
-6.789829581975936890e-03
-2.774270484223961830e-03
-1.056437147781252861e-03
-5.989290075376629829e-04
-9.286000393331050873e-03
-3.248306529712863266e-05
-2.598622255027294159e-02
-4.810953687410801649e-04
-8.481171680614352226e-04
-1.093579412554390728e-04
-3.394335217308253050e-04
-2.244742790935561061e-04
-1.880942290881648660e-04
-4.818451125174760818e-04
-4.194235079921782017e-04
-4.152061883360147476e-04
-5.517553654499351978e-04
-1.006229780614376068e-03
-4.518016066867858171e-05
-4.392171395011246204e-04
-2.498409303370863199e-04
8.182327292161062360e-05
-1.665944582782685757e-04
1.241518912138417363e-04
-6.309318705461919308e-04
-1.168438975582830608e-04
-3.454163088463246822e-04
-2.122568002960179001e-05
-2.196303539676591754e-04
-2.946496533695608377e-04
-3.369165060576051474e-04
-6.765717407688498497e-04
5.289896944304928184e-05
-2.407720312476158142e-04
-3.690311568789184093e-04
-4.201355623081326485e-04
-1.040985080180689692e-04
-3.017126873601227999e-04
-5.705713647330412641e-06
-1.472117291996255517e-04
-4.502779047470539808e-04
-3.097622247878462076e-04
-4.022209614049643278e-04
-1.959128276212140918e-04
-5.312085268087685108e-04
-3.985443981946446002e-05
8.271296974271535873e-05
-3.721032408066093922e-04
1.079952853615395725e-04
-1.582330587552860379e-04
4.159180753049440682e-05
-6.799084076192229986e-05
-7.996329804882407188e-05
-5.707711097784340382e-04
8.213325054384768009e-05
-5.098774563521146774e-04
-5.388145800679922104e-04
5.757947292295284569e-05
3.432312951190397143e-05
-1.988314761547371745e-04
5.505435547092929482e-05
-7.166589057305827737e-05
-1.673152291914448142e-04
2.341033832635730505e-04
7.747604104224592447e-05
1.127975338022224605e-04
-1.132656689151190221e-04
-3.803668732871301472e-05
3.414528691791929305e-05
1.676381798461079597e-04
1.961627422133460641e-04
-2.715483424253761768e-05
-4.801992326974868774e-04
-7.841940387152135372e-04
-1.808414235711097717e-04
1.643045688979327679e-04
3.374047228135168552e-04
-3.575809241738170385e-04
-5.534564843401312828e-04
-8.488873136229813099e-04
1.019482588162645698e-04
1.785658096196129918e-04
5.863973001396516338e-06
-1.499106292612850666e-04
1.835850271163508296e-04
-3.571910783648490906e-04
-2.910586190409958363e-04
3.792073039221577346e-05
1.955233892658725381e-04
9.757324005477130413e-05
1.488723937654867768e-04
-9.113318810705095530e-05
-1.694754901109263301e-04
-2.989802305819466710e-05
3.061926108784973621e-04
-2.709676919039338827e-04
2.300588384969159961e-04
-2.068339672405272722e-04
9.311393114330712706e-06
4.238019391777925193e-05
1.076497064786963165e-04
-4.453643050510436296e-04
-1.242114085471257567e-04
-3.281327662989497185e-04
4.917386831948533654e-05
4.740265721920877695e-04
-7.098169589880853891e-05
1.631495542824268341e-04
-5.101806600578129292e-04
7.914884918136522174e-05
2.905841938627418131e-06
1.032227228279225528e-04
-1.549643056932836771e-04
3.293780318927019835e-04
6.046647322364151478e-04
