1.602895790711045265e-04
-2.668017055839300156e-03
-2.469688653945922852e-03
-3.383736591786146164e-03
1.476204022765159607e-03
6.774167413823306561e-04
-3.786470508202910423e-03
-1.190950279124081135e-03
-2.453297376632690430e-03
9.767847135663032532e-03
-8.003314025700092316e-03
-1.253767521120607853e-03
-4.220861010253429413e-03
-2.619717968627810478e-03
-3.990627359598875046e-03
-6.874575745314359665e-03
-8.329475298523902893e-03
-1.118740718811750412e-02
-2.768292557448148727e-03
-2.326642628759145737e-03
-2.842653309926390648e-03
-3.604599740356206894e-03
-1.496565341949462891e-02
-7.167148869484663010e-03
-4.055880941450595856e-03
-6.813336163759231567e-03
-7.877786410972476006e-04
-3.835580311715602875e-03
-3.202698426321148872e-03
-6.667819339781999588e-03
-4.429996013641357422e-03
-6.514566484838724136e-03
-1.456103054806590080e-03
-2.271819394081830978e-03
-2.035678829997777939e-03
-8.909841068089008331e-03
-1.124485395848751068e-03
-2.922584861516952515e-02
-6.672092713415622711e-03
-5.837436299771070480e-03
-5.689973011612892151e-03
-4.400133620947599411e-03
-7.691126316785812378e-03
-3.623133758082985878e-03
-9.519262239336967468e-03
-1.239915564656257629e-02
-5.630207713693380356e-03
-7.488496135920286179e-03
-8.881472982466220856e-03
-1.308566331863403320e-02
-5.440192297101020813e-03
-8.324312046170234680e-03
-1.256145350635051727e-02
-1.107946038246154785e-02
-3.612509928643703461e-03
-4.105586558580398560e-03
-2.992158755660057068e-03
-5.344004835933446884e-03
-1.331260707229375839e-02
-8.292946033179759979e-03
-8.974436670541763306e-03
-1.559768151491880417e-02
-8.794559165835380554e-03
-1.347195822745561600e-02
2.198375994339585304e-03
-5.972580518573522568e-03
-5.842221900820732117e-03
1.783435000106692314e-03
-3.630068385973572731e-03
-1.477815443649888039e-03
-6.905045360326766968e-03
-9.635780006647109985e-03
2.906116424128413200e-03
-4.230222851037979126e-02
-7.391746621578931808e-03
-1.880686357617378235e-02
-3.396207932382822037e-03
2.459787391126155853e-02
-1.743577793240547180e-02
8.233166299760341644e-03
3.009876934811472893e-03
-6.609555799514055252e-03
-7.522589061409235001e-03
-1.318496768362820148e-03
-8.360402658581733704e-03
-4.827315569855272770e-04
-5.813512019813060760e-03
-2.413282403722405434e-03
8.599980734288692474e-03
7.158729567890986800e-05
5.386047065258026123e-03
-3.484906395897269249e-03
2.494774525985121727e-03
-1.008285768330097198e-02
1.039046235382556915e-02
-1.054348051548004150e-02
-4.058721940964460373e-03
-8.095135563053190708e-04
8.757914183661341667e-04
-2.225768985226750374e-03
4.244995303452014923e-03
2.392905153101310134e-04
-8.858353830873966217e-03
2.811490325257182121e-03
-9.708311408758163452e-04
3.532765433192253113e-03
2.174869412556290627e-03
1.726694218814373016e-02
5.089492723345756531e-02
1.680466346442699432e-02
1.319841947406530380e-02
-1.415464654564857483e-02
5.587693769484758377e-03
3.737145569175481796e-03
7.403697352856397629e-03
2.512936666607856750e-02
5.537766963243484497e-03
-3.596712602302432060e-03
-1.734773814678192139e-02
2.038679784163832664e-03
1.922413334250450134e-02
-8.585840463638305664e-03
1.396225299686193466e-03
1.681462978012859821e-03
1.089464128017425537e-02
4.840685054659843445e-03
1.649737730622291565e-02
1.012630201876163483e-02
-1.535004656761884689e-02
-1.182394218631088734e-03
1.112861372530460358e-02
1.264958921819925308e-02
-1.937556639313697815e-02
1.234795805066823959e-02
5.488808732479810715e-03
-2.125645428895950317e-02
-1.137441303580999374e-02
-9.633029811084270477e-03
-1.265143603086471558e-02
-1.226861216127872467e-02
1.000336837023496628e-02
-1.527713052928447723e-02
1.694923848845064640e-03
5.027729272842407227e-02
-2.111612260341644287e-02
-1.297777798026800156e-02
-9.164911694824695587e-03
8.834086358547210693e-03
-1.063278992660343647e-03
2.678664214909076691e-02
-1.008529495447874069e-02
2.010792726650834084e-03
-2.154737449018284678e-04
-5.881902761757373810e-04
-1.425445545464754105e-02
1.006202364806085825e-05
-3.914336860179901123e-02
-2.058734744787216187e-02
-3.001557430252432823e-03
3.607777506113052368e-02
1.896891556680202484e-02
1.440889853984117508e-02
4.532451555132865906e-02
1.238034572452306747e-02
-2.237416245043277740e-02
1.680947653949260712e-02
3.130175918340682983e-02
-1.557434536516666412e-02
2.011025696992874146e-02
1.999026164412498474e-03
3.822903707623481750e-02
-1.990384794771671295e-02
-3.083010390400886536e-02
1.067600492388010025e-02
2.935802750289440155e-02
-5.573527421802282333e-03
5.149249359965324402e-02
2.031766809523105621e-02
2.735396288335323334e-02
-2.684628590941429138e-02
6.660186219960451126e-03
6.196201778948307037e-03
-1.850672648288309574e-03
5.574746057391166687e-02
2.425519749522209167e-02
-1.181405875831842422e-02
-5.021594464778900146e-02
4.158126190304756165e-02
3.553706780076026917e-02
-6.214916706085205078e-03
5.558536946773529053e-02
9.314091876149177551e-03
3.861401602625846863e-02
-3.043382614850997925e-02
-6.353522092103958130e-02
-2.743662707507610321e-02
-3.417691215872764587e-02
4.177393764257431030e-02
1.633264869451522827e-02
-5.135778710246086121e-02
-6.665565073490142822e-02
-5.076042190194129944e-02
-6.074659153819084167e-02
-2.177347429096698761e-02
5.324555560946464539e-02
-4.141300544142723083e-02
-1.035976111888885498e-01
6.074353680014610291e-02
-8.528147637844085693e-02
-3.126450115814805031e-03
-4.911337979137897491e-03
-7.523369044065475464e-03
-2.163403667509555817e-02
1.238546334207057953e-02
2.636819519102573395e-02
-1.651770249009132385e-02
-2.808771468698978424e-02
5.836579576134681702e-02
-2.346757426857948303e-02
-2.779369801282882690e-02
3.936988359782844782e-04
-5.849710106849670410e-02
3.178124874830245972e-02
2.250805124640464783e-02
-2.475132793188095093e-02
6.880505941808223724e-03
-1.955776242539286613e-03
-4.823415726423263550e-02
-3.443567454814910889e-02
2.905569411814212799e-02
1.863083057105541229e-02
4.337998479604721069e-02
-2.886125072836875916e-02
3.002228448167443275e-03
-2.306072786450386047e-02
-7.580982521176338196e-03
1.781914010643959045e-02
1.926444470882415771e-02
2.565211802721023560e-02
-1.879043318331241608e-02
-8.245854405686259270e-05
-2.579713240265846252e-02
-2.549093775451183319e-02
6.434067618101835251e-03
1.000870577991008759e-02
-1.473205536603927612e-02
-1.038129441440105438e-02
-1.729935035109519958e-02
-2.715282142162322998e-02
3.291860967874526978e-02
-8.220585063099861145e-03
1.517088804394006729e-02
7.713380735367536545e-03
-4.879290936514735222e-04
2.479996532201766968e-03
5.233609583228826523e-03
9.204863570630550385e-03
8.553710766136646271e-03
-1.059113256633281708e-02
-1.321794465184211731e-02
-1.359626185148954391e-02
-1.998221687972545624e-02
-1.271911896765232086e-02
-4.412102047353982925e-03
1.369236502796411514e-02
-2.605375647544860840e-02
4.943269304931163788e-03
-1.670742407441139221e-03
-5.790332215838134289e-04
-3.251160308718681335e-02
8.901030523702502251e-04
-6.600018125027418137e-03
5.425339099019765854e-03
-1.026942301541566849e-02
-5.501271225512027740e-03
-1.363827567547559738e-02
-1.774623990058898926e-02
-4.875079263001680374e-03
-6.246182322502136230e-02
-1.252260245382785797e-02
-7.606836035847663879e-03
2.148566953837871552e-02
-3.660074668005108833e-03
-1.887342333793640137e-02
-3.324468387290835381e-03
1.743858912959694862e-03
-4.218895453959703445e-03
1.846226514317095280e-04
3.872988978400826454e-03
1.898408168926835060e-03
-1.436136383563280106e-02
-4.222739487886428833e-03
-9.657315909862518311e-03
8.677296340465545654e-03
-4.076720215380191803e-03
-9.747222065925598145e-03
-1.086133532226085663e-02
-1.446746522560715675e-03
-1.021207589656114578e-02
-5.613712593913078308e-03
1.440024562180042267e-02
-4.528734367340803146e-03
-3.511579940095543861e-03
8.838719688355922699e-03
-1.427834946662187576e-02
-1.750747486948966980e-02
-7.403345312923192978e-03
6.369664333760738373e-03
1.287423912435770035e-02
-6.758087780326604843e-03
-6.459345575422048569e-03
5.144264549016952515e-03
7.397845853120088577e-03
-3.504853323101997375e-02
5.794563796371221542e-03
-3.871124936267733574e-03
-5.541430786252021790e-03
-6.426040548831224442e-03
-1.030669827014207840e-02
-1.052248291671276093e-02
-4.145635291934013367e-02
-1.865767687559127808e-02
2.600100077688694000e-02
-7.799682673066854477e-03
-8.615074679255485535e-03
-3.829965426120907068e-04
-1.119084563106298447e-02
-7.445585913956165314e-03
-1.360775064677000046e-02
-9.534517303109169006e-03
-1.261884346604347229e-02
-1.562896184623241425e-03
8.334044367074966431e-03
-1.116491016000509262e-02
-7.850361987948417664e-03
-6.959483027458190918e-03
-9.777862578630447388e-03
-9.721652604639530182e-04
-2.502318471670150757e-03
-1.113943662494421005e-02
-1.209258288145065308e-02
-6.493050139397382736e-03
9.733501938171684742e-04
-1.386450510472059250e-02
-1.142896432429552078e-02
-9.195624850690364838e-03
-7.873887196183204651e-03
-1.148736663162708282e-02
-9.707673452794551849e-03
-7.362163159996271133e-03
-8.619978092610836029e-03
-2.174614369869232178e-02
-1.370919216424226761e-02
-1.619253307580947876e-02
-6.482635624706745148e-03
-5.562900099903345108e-03
-4.887871909886598587e-03
-5.250312387943267822e-03
-3.971946891397237778e-03
-5.167867522686719894e-03
-5.302248056977987289e-03
-5.796295590698719025e-03
-4.657271783798933029e-03
1.009082980453968048e-02
-2.666399348527193069e-03
-3.844322171062231064e-03
-4.731683060526847839e-03
-1.021208148449659348e-02
-5.866654682904481888e-03
-7.286891806870698929e-03
1.053462736308574677e-03
-4.839264228940010071e-02
-1.090830098837614059e-02
-1.069873291999101639e-02
-7.910894230008125305e-03
-5.016679875552654266e-03
-7.696274202316999435e-03
-6.118298508226871490e-03
-1.057333312928676605e-02
-6.191017571836709976e-03
-6.266905460506677628e-03
-4.866389557719230652e-03
-6.462069693952798843e-03
-3.882195567712187767e-03
-6.857455708086490631e-03
-4.203713964670896530e-03
-4.009851254522800446e-03
-9.051936678588390350e-03
-1.142208185046911240e-02
-9.094303240999579430e-04
-6.892466917634010315e-03
-2.483007963746786118e-03
-6.233167834579944611e-03
-4.363892599940299988e-03
-5.693243816494941711e-03
-3.821692662313580513e-03
-4.004850517958402634e-03
1.135604828596115112e-02
-3.108068834990262985e-03
-3.107448574155569077e-03
4.490077961236238480e-03
