-4.202713898848742247e-05
-3.037340065930038691e-04
2.898233651649206877e-04
-5.411559250205755234e-04
-3.584568185033276677e-05
-2.881080727092921734e-04
-4.141819081269204617e-04
-1.429850544809596613e-05
-3.416567342355847359e-04
-6.689748261123895645e-04
-2.825883275363594294e-04
2.916509110946208239e-04
3.827918262686580420e-04
-1.611960324225947261e-04
-4.089150170329958200e-04
-1.340280869044363499e-04
-1.377096778014674783e-04
-2.782263327389955521e-04
-1.012235807138495147e-04
-4.350747331045567989e-04
1.143154222518205643e-04
-3.428955678828060627e-04
-3.450452932156622410e-04
-2.075022202916443348e-04
-3.826048632618039846e-04
-1.855531445471569896e-04
-4.002574423793703318e-04
-9.291893366025760770e-05
-2.813850005622953176e-04
-2.710139669943600893e-04
7.449969416484236717e-05
-1.090933365048840642e-04
2.338741323910653591e-04
2.204188058385625482e-04
-2.508560137357562780e-04
-3.897926071658730507e-04
1.162393527920357883e-04
-6.699292862322181463e-05
-5.555456300498917699e-05
-1.606022560736164451e-04
-8.331555727636441588e-05
2.680967190826777369e-05
-3.532932169036939740e-05
1.792137627489864826e-04
-3.138581523671746254e-04
-3.432031371630728245e-04
-1.657670363783836365e-04
1.365267526125535369e-04
2.277572275488637388e-05
1.119232820201432332e-05
-9.052274253917858005e-05
-1.705449103610590100e-04
-5.315805901773273945e-05
-2.249429235234856606e-04
-9.029024113260675222e-06
-2.861216198652982712e-04
1.321375975749106146e-06
-8.677488222019746900e-05
-2.257857559015974402e-04
-3.030324878636747599e-04
-1.212826246046461165e-04
-8.973821240942925215e-05
-2.845949493348598480e-04
-2.056243683909997344e-04
4.027611066703684628e-05
1.026699101203121245e-05
-2.366574790357844904e-06
-3.664348914753645658e-04
-3.760644176509231329e-04
-2.671608817763626575e-04
-2.341312356293201447e-04
-3.632470616139471531e-04
-3.670434234663844109e-04
-1.619783288333564997e-04
1.656286622164770961e-05
-2.058304380625486374e-04
-3.143532085232436657e-04
-3.385934105608612299e-04
-3.004155587404966354e-04
-2.126406761817634106e-04
-4.864144138991832733e-04
-3.772223426494747400e-04
-5.547541077248752117e-04
-2.764902019407600164e-04
-1.941089285537600517e-04
-2.361642109462991357e-04
-1.742698950693011284e-04
-1.943167881108820438e-04
-2.145156759070232511e-04
-2.046750159934163094e-04
-4.524020769167691469e-04
-4.562152316793799400e-04
-1.679027482168748975e-04
-1.555093476781621575e-04
9.104669879889115691e-05
-4.776072455570101738e-04
-4.158446390647441149e-04
-4.502891388256102800e-04
-2.832688041962683201e-04
-1.722647284623235464e-04
-2.537750115152448416e-04
-4.992340691387653351e-04
-4.147618310526013374e-04
-4.831791156902909279e-04
-3.086714423261582851e-04
-4.361198443803004920e-05
-3.832427901215851307e-04
-1.796600408852100372e-04
-3.287912986706942320e-04
-2.297023165738210082e-04
-2.570519282016903162e-04
-4.538992943707853556e-04
-7.186005823314189911e-04
-3.905011399183422327e-04
-4.924229579046368599e-04
-4.467037215363234282e-04
-6.372072966769337654e-04
-7.954569300636649132e-04
-4.115953342989087105e-04
-5.575960385613143444e-04
-3.679638321045786142e-04
-6.269191508181393147e-04
-5.994547973386943340e-04
-5.389996804296970367e-04
-4.131018067710101604e-04
-6.367940804921090603e-04
-8.236049325205385685e-04
-6.792057538405060768e-04
-9.955762652680277824e-04
-7.926733233034610748e-04
-5.906256847083568573e-04
-7.728802156634628773e-04
-5.723995855078101158e-04
-5.720215267501771450e-04
-6.371115450747311115e-04
-9.895102120935916901e-04
-5.099662230350077152e-04
-3.438959538470953703e-04
-5.030502798035740852e-04
-2.306891983607783914e-04
-3.983296628575772047e-04
-5.811399896629154682e-04
-8.200709125958383083e-04
-4.653634096030145884e-04
-1.147637158283032477e-04
1.192103227367624640e-04
4.181283002253621817e-04
1.563150435686111450e-02
6.160849705338478088e-03
2.611218020319938660e-02
1.364508457481861115e-02
3.297590091824531555e-02
2.210306189954280853e-02
4.512938484549522400e-02
3.261082619428634644e-02
6.019802764058113098e-02
4.401382058858871460e-02
7.142522186040878296e-02
5.698911100625991821e-02
8.619870990514755249e-02
6.968557834625244141e-02
1.038495376706123352e-01
8.625054359436035156e-02
1.107888445258140564e-01
1.068919450044631958e-01
1.232492029666900635e-01
1.167578250169754028e-01
1.294109523296356201e-01
1.282435655593872070e-01
1.406905800104141235e-01
1.375794559717178345e-01
1.457930803298950195e-01
1.420791000127792358e-01
1.466981023550033569e-01
1.360212862491607666e-01
1.506204158067703247e-01
1.242007017135620117e-01
1.436023861169815063e-01
1.107988134026527405e-01
1.327353864908218384e-01
1.047694310545921326e-01
1.118164509534835815e-01
9.479749947786331177e-02
9.034311026334762573e-02
8.713761717081069946e-02
7.526441663503646851e-02
7.971290498971939087e-02
6.324314326047897339e-02
7.764553278684616089e-02
4.866272956132888794e-02
6.693488359451293945e-02
4.347968846559524536e-02
5.448774248361587524e-02
3.529794141650199890e-02
3.612209111452102661e-02
3.312983363866806030e-02
2.028661966323852539e-02
1.818103156983852386e-02
9.878408163785934448e-03
4.066575318574905396e-03
-2.737699469435028732e-05
-5.803910898976027966e-04
-2.229251731478143483e-05
1.433014258509501815e-04
9.174844308290630579e-05
8.303896174766123295e-05
6.021801527822390199e-05
-5.297203824738971889e-05
1.724615576677024364e-04
1.624646974960342050e-04
-2.028158050961792469e-04
-2.869453455787152052e-04
-2.425035636406391859e-04
-1.556085917400196195e-04
-1.819110620999708772e-04
-1.042687290464527905e-04
-2.390924782957881689e-04
-4.928307025693356991e-04
-4.867829557042568922e-04
-4.018244217149913311e-04
-4.599938692990690470e-04
-1.077026390703395009e-04
-5.527478060685098171e-04
-7.526408880949020386e-04
-4.889364936389029026e-04
-6.367113674059510231e-04
-2.654441923368722200e-04
-5.444103153422474861e-04
-2.993294910993427038e-04
-2.573378442320972681e-04
-6.892165984027087688e-04
-7.489773561246693134e-04
-6.011336226947605610e-04
-5.714698345400393009e-04
-5.769713898189365864e-04
-6.753186462447047234e-04
-5.998059059493243694e-04
-4.845545627176761627e-04
-3.756611258722841740e-04
-5.796802579425275326e-04
-3.836005053017288446e-04
-5.227025831118226051e-04
-3.548054664861410856e-04
-5.362985539250075817e-04
-5.838526994921267033e-04
-6.181972566992044449e-04
-4.516485496424138546e-04
-4.153963818680495024e-04
-5.773369921371340752e-04
-5.215240526013076305e-04
-3.351736522745341063e-04
-4.845508083235472441e-04
-4.147400031797587872e-04
-3.151414275635033846e-04
-4.469498817343264818e-04
-4.052285803481936455e-04
-6.083758780732750893e-04
-5.853896727785468102e-04
-3.132881247438490391e-04
-5.602276651188731194e-04
-5.431672907434403896e-04
-4.008194664493203163e-04
-2.310159034095704556e-04
-3.981135960202664137e-04
-2.958414552267640829e-04
-4.838116874452680349e-04
-2.667764201760292053e-04
-4.941307706758379936e-04
-4.813874256797134876e-04
-6.144205108284950256e-04
-3.077696892432868481e-04
-2.163053868571296334e-04
-1.380382891511544585e-04
-3.873697423841804266e-04
-2.879753883462399244e-04
-4.791909304913133383e-04
-4.403522179927676916e-04
-2.533477672841399908e-04
-2.445942664053291082e-04
-4.700971840065903962e-05
-5.924316355958580971e-04
-2.794972970150411129e-04
-1.721709413686767220e-04
-3.701538953464478254e-04
-4.634407523553818464e-04
1.549037278891773894e-06
-5.283401114866137505e-04
-5.106508033350110054e-04
-1.745736517477780581e-04
-3.791796916630119085e-04
-3.656843618955463171e-04
-4.242298018652945757e-04
-2.831924066413193941e-04
-2.569758507888764143e-04
4.919860293739475310e-05
-2.816975174937397242e-04
-4.942399391438812017e-05
-1.692598307272419333e-04
-2.716078306548297405e-04
-2.394518960500136018e-04
1.835898547142278403e-05
-1.529394940007477999e-04
-3.445150505285710096e-04
-2.984195016324520111e-04
2.502157030903617851e-06
1.135537422669585794e-05
-2.713635913096368313e-04
-6.269713048823177814e-04
-4.039322375319898129e-04
-5.015857823309488595e-05
-1.517526688985526562e-04
-3.628735139500349760e-04
-3.262664540670812130e-04
-4.490209103096276522e-04
-2.884082787204533815e-04
1.799466554075479507e-05
-2.911812625825405121e-04
-5.321346106939017773e-04
-5.410455050878226757e-04
-3.991292323917150497e-04
-5.922557320445775986e-04
-3.477536665741354227e-04
-3.171649295836687088e-04
-2.812626771628856659e-04
-2.923583087977021933e-04
-8.395302575081586838e-05
-1.290387444896623492e-04
-5.881980760022997856e-04
-3.456963459029793739e-04
-2.453634515404701233e-04
-3.941360628232359886e-04
-6.645440589636564255e-05
-3.423282032599672675e-05
-6.318364175967872143e-04
-6.092666881158947945e-04
-1.016647875076159835e-04
-9.189144293486606330e-06
-1.225420273840427399e-04
-2.571957884356379509e-05
-2.267765521537512541e-04
-8.557600085623562336e-05
-4.367458750493824482e-04
2.355108517804183066e-05
1.724583416944369674e-04
-2.679429017007350922e-04
1.282800367334857583e-04
-1.830243563745170832e-04
-3.118588938377797604e-04
-1.182283085654489696e-04
-3.080331662204116583e-04
1.759500155458226800e-04
-1.180104445666074753e-04
-1.736652666295412928e-05
-2.613989636301994324e-04
-2.259000320918858051e-04
-6.669856520602479577e-05
-2.132278023054823279e-04
-2.050438633887097239e-04
-1.474120508646592498e-04
-3.976477892138063908e-04
-5.737714818678796291e-04
-3.770717885345220566e-04
-3.750528412638232112e-05
-1.048102712957188487e-04
-7.914015441201627254e-05
-2.026106521952897310e-04
-1.014443478197790682e-04
-1.386488002026453614e-04
-3.643202071543782949e-04
1.686674295342527330e-06
-1.429104595445096493e-04
-1.069062345777638257e-04
-5.197779973968863487e-04
-1.434027653886005282e-04
-3.242004604544490576e-04
-1.742877502692863345e-04
2.138154013664461672e-05
-1.041305313265183941e-05
1.644763542572036386e-04
-1.615521978237666190e-05
-1.098178327083587646e-04
1.981498098757583648e-05
-3.278893709648400545e-04
5.429657903732731938e-05
9.765979484654963017e-05
7.969447324285283685e-05
-3.214379539713263512e-04
-8.968485781224444509e-05
1.108256255974993110e-04
2.839945082087069750e-04
6.018288549967110157e-04
1.560124801471829414e-04
-1.887120015453547239e-04
-1.624314172659069300e-04
2.452942717354744673e-04
-8.856927161104977131e-05
2.901373372878879309e-04
-3.233247844036668539e-04
-8.585784598835743964e-06
4.270704812370240688e-04
2.139245480066165328e-04
