2.653246046975255013e-04
7.309711072593927383e-04
1.459467894164845347e-04
-7.562958053313195705e-04
6.217952613951638341e-05
7.803805056028068066e-04
6.428550113923847675e-04
-2.067173627438023686e-04
-1.624954893486574292e-04
6.421876023523509502e-04
-2.669587556738406420e-04
5.691846599802374840e-04
7.462439243681728840e-04
-1.503465318819507957e-04
-2.315812889719381928e-05
1.871738204499706626e-04
-1.402919151587411761e-04
3.441030003159539774e-06
-7.263072620844468474e-05
4.356545978225767612e-04
3.848013584502041340e-04
4.877177998423576355e-04
4.238918481860309839e-04
6.640007486566901207e-04
4.674379015341401100e-04
9.731837053550407290e-05
3.551017725840210915e-04
3.121831687167286873e-04
2.576335682533681393e-04
2.792748564388602972e-04
8.480692631565034389e-04
-6.869786011520773172e-05
2.624056651256978512e-04
3.572014684323221445e-04
4.911331925541162491e-04
2.425376587780192494e-04
-5.648907972499728203e-05
2.486746525391936302e-04
2.610837400425225496e-04
1.951356389326974750e-04
2.399549848632887006e-04
5.332549335435032845e-04
4.086428380105644464e-04
3.467416681814938784e-04
2.798993082251399755e-04
3.396082320250570774e-04
2.859257219824939966e-04
4.334066761657595634e-04
6.451279623433947563e-04
3.321528783999383450e-04
3.717575746122747660e-04
6.754258647561073303e-04
-1.790709211491048336e-04
1.307836064370349050e-04
3.177885373588651419e-04
3.304220153950154781e-04
5.689726676791906357e-04
7.649970939382910728e-04
-4.903201261186040938e-05
3.523101331666111946e-04
1.654121151659637690e-04
3.767764428630471230e-05
7.048934930935502052e-04
5.165730253793299198e-04
4.568081058096140623e-04
1.609088212717324495e-04
-1.650226295168977231e-05
-6.095307298892294057e-07
3.968762757722288370e-04
1.599181268829852343e-04
1.438856561435386539e-04
7.389100937871262431e-05
2.814599138218909502e-04
1.151294272858649492e-04
2.298642793903127313e-04
-1.578895353304687887e-05
-1.225734595209360123e-04
7.458014879375696182e-04
6.825831951573491096e-04
7.529619615525007248e-04
5.199778242968022823e-04
1.382175378239480779e-05
3.643129894044250250e-04
2.041561965597793460e-04
-3.546622465364634991e-04
4.094729956705123186e-04
1.791898830560967326e-04
1.072512532118707895e-04
9.502456668997183442e-05
1.176799778477288783e-04
2.793728490360081196e-04
7.814862765371799469e-04
-2.298848994541913271e-04
5.366281257010996342e-04
6.031495868228375912e-04
6.331765907816588879e-04
-1.843032805481925607e-04
-6.567299715243279934e-05
2.862513647414743900e-04
3.567661042325198650e-04
-1.336135901510715485e-04
5.060039693489670753e-04
5.667303921654820442e-04
6.919446168467402458e-04
5.920646945014595985e-04
7.537374622188508511e-04
8.071916527114808559e-04
6.982417544350028038e-04
1.401045010425150394e-04
6.135787116363644600e-04
7.428091339534148574e-05
4.195549408905208111e-04
1.980868692044168711e-04
5.485473957378417253e-05
7.862768834456801414e-04
6.935018463991582394e-04
2.785694669000804424e-04
2.064006985165178776e-04
8.484250283800065517e-04
7.615131908096373081e-04
2.228228404419496655e-04
3.382968425285071135e-04
5.099867121316492558e-04
1.879190240288153291e-04
4.819535242859274149e-04
6.194895249791443348e-04
1.849244436016306281e-04
3.121241170447319746e-04
1.617237649043090641e-05
4.380696627777069807e-04
2.906789013650268316e-04
7.448361429851502180e-05
6.712401955155655742e-05
5.777789738203864545e-06
3.040361843886785209e-05
4.602405824698507786e-04
3.049587248824536800e-04
7.880383054725825787e-04
7.592398906126618385e-04
7.094783941283822060e-04
5.129339988343417645e-04
6.789994076825678349e-04
5.052616470493376255e-04
1.088473654817789793e-04
5.866245483048260212e-04
7.100030197761952877e-04
7.879741606302559376e-04
8.811191655695438385e-04
6.114074494689702988e-04
1.052525918930768967e-02
1.129693468101322651e-03
1.774912141263484955e-02
1.018836069852113724e-02
2.901354245841503143e-02
2.227005362510681152e-02
4.067068174481391907e-02
3.316929936408996582e-02
5.345935001969337463e-02
4.783312976360321045e-02
6.808807700872421265e-02
5.892689526081085205e-02
8.507085591554641724e-02
7.709307223558425903e-02
9.931685030460357666e-02
9.509437531232833862e-02
1.148498430848121643e-01
1.138302609324455261e-01
1.266441494226455688e-01
1.302502155303955078e-01
1.411821246147155762e-01
1.393217891454696655e-01
1.511335521936416626e-01
1.499886214733123779e-01
1.566620320081710815e-01
1.510452330112457275e-01
1.600835025310516357e-01
1.437752097845077515e-01
1.552650034427642822e-01
1.367346346378326416e-01
1.440099924802780151e-01
1.232223287224769592e-01
1.243327856063842773e-01
1.115121841430664062e-01
1.032639071345329285e-01
9.381708502769470215e-02
8.641622960567474365e-02
8.098267763853073120e-02
6.879932433366775513e-02
7.508423179388046265e-02
5.349378287792205811e-02
6.465983390808105469e-02
4.796256497502326965e-02
5.298350006341934204e-02
3.936295583844184875e-02
3.918271884322166443e-02
3.558020666241645813e-02
2.370131574571132660e-02
1.872729137539863586e-02
1.160907093435525894e-02
7.326027844101190567e-03
-3.574131987988948822e-04
-7.546594861196354032e-05
1.397569722030311823e-04
2.317783764738123864e-05
3.134639991912990808e-04
1.077266788342967629e-04
3.735114878509193659e-04
2.982278529088944197e-04
3.132373094558715820e-04
2.596912963781505823e-04
6.718065124005079269e-04
1.488931011408567429e-04
2.948308538179844618e-04
2.964435843750834465e-04
4.101023077964782715e-04
3.465105837676674128e-04
3.126119263470172882e-04
6.044011097401380539e-04
4.929956630803644657e-04
6.509505910798907280e-04
3.992441634181886911e-04
2.689491666387766600e-04
5.241231410764157772e-04
9.553968993714079261e-05
4.588725278154015541e-04
6.948790978640317917e-04
3.896406269632279873e-04
5.286518717184662819e-04
8.460339158773422241e-04
1.128958188928663731e-03
3.281175449956208467e-04
5.080070695839822292e-04
8.562338189221918583e-04
6.022015586495399475e-04
3.910241939593106508e-04
6.482080207206308842e-04
5.779856001026928425e-04
4.153572663199156523e-04
4.327351925894618034e-04
6.245395634323358536e-04
6.889481446705758572e-04
5.774000310339033604e-04
7.563846302218735218e-04
8.844094118103384972e-04
8.825098047964274883e-04
7.701664580963551998e-04
8.728190441615879536e-04
5.929079488851130009e-04
6.144015351310372353e-04
9.298955556005239487e-04
8.973900112323462963e-04
7.565031410194933414e-04
7.615753565914928913e-04
3.328433085698634386e-04
8.249762468039989471e-04
1.943256647791713476e-04
4.391157417558133602e-04
4.937057383358478546e-04
3.972704289481043816e-04
6.797398091293871403e-04
4.590105963870882988e-04
4.251019563525915146e-04
7.771425298415124416e-04
8.157181437127292156e-04
4.259376146364957094e-04
3.825959574896842241e-04
2.837924985215067863e-04
3.428247582633048296e-04
5.743351648561656475e-04
7.266451721079647541e-04
4.925169632770121098e-04
2.520997077226638794e-04
4.338738799560815096e-04
7.491564610973000526e-04
8.025380084291100502e-04
5.440411623567342758e-04
6.884641479700803757e-04
6.073840777389705181e-04
5.514291115105152130e-04
6.614900776185095310e-04
1.089782163035124540e-04
5.397023051045835018e-04
5.141279543749988079e-04
7.099923095665872097e-04
7.535876356996595860e-04
6.883784080855548382e-04
1.634813525015488267e-04
5.383953684940934181e-04
3.851054934784770012e-04
6.405393942259252071e-04
6.007638294249773026e-04
6.430323119275271893e-04
2.863162080757319927e-04
3.668538411147892475e-04
3.293894696980714798e-04
2.610409574117511511e-04
1.979734806809574366e-04
-1.561951066832989454e-04
5.125749521539546549e-05
4.851277335546910763e-04
3.943060291931033134e-04
-5.121676076669245958e-05
3.449502983130514622e-04
1.355281128780916333e-04
3.617931270127883181e-06
4.121727397432550788e-05
-7.813995762262493372e-05
2.117968688253313303e-04
9.578272001817822456e-04
5.038966774009168148e-04
4.994149203412234783e-04
4.342267347965389490e-04
1.631439081393182278e-04
2.781454531941562891e-04
2.095806266879662871e-04
3.702540707308799028e-04
3.673207538668066263e-05
-2.387888089288026094e-04
4.871308628935366869e-04
3.100161266047507524e-04
-1.479769562138244510e-04
-6.004640017636120319e-04
1.486480614403262734e-04
-3.825760504696518183e-04
-3.124162030871957541e-04
2.529520425014197826e-04
5.261561818770132959e-05
-2.441082688164897263e-05
3.949578967876732349e-04
-1.696385734248906374e-04
3.906900528818368912e-04
7.960667426232248545e-05
1.216050441144034266e-04
-3.219337668269872665e-04
-3.171671414747834206e-04
-3.142867353744804859e-04
-6.138516473583877087e-04
-9.000673890113830566e-04
2.190535305999219418e-04
-3.423850216677237768e-07
-6.411027279682457447e-04
-6.306517170742154121e-04
-6.508775986731052399e-04
-4.709872591774910688e-04
-4.901865395368076861e-05
2.166295598726719618e-04
-6.003860617056488991e-04
-6.041721790097653866e-04
-3.012781089637428522e-04
-3.607762046158313751e-04
-3.903494216501712799e-04
-5.757781909778714180e-04
-2.501066192053258419e-04
-5.436242790892720222e-04
7.711048237979412079e-05
-3.850812208838760853e-04
-3.906419442500919104e-04
-2.071869384963065386e-04
-8.141014841385185719e-04
-8.669209200888872147e-04
-5.338332266546785831e-04
9.654673340264707804e-05
-4.417280142661184072e-04
-4.799145390279591084e-04
-9.187589603243395686e-05
-2.555778482928872108e-04
-1.100779263651929796e-04
-5.470824817166430876e-06
-6.349005270749330521e-04
-8.331959543284028769e-05
5.565536557696759701e-04
-2.873606572393327951e-04
2.258552995044738054e-04
1.495895121479406953e-04
-2.716828603297472000e-04
-3.141553679597564042e-05
-3.966811054851859808e-04
-8.368138514924794436e-05
-2.126021281583234668e-04
-2.809677389450371265e-04
-5.232105031609535217e-04
-1.025270088575780392e-03
1.158527447842061520e-04
-2.688615350052714348e-04
3.098727902397513390e-04
-4.671014030463993549e-04
-5.368724814616143703e-04
2.891146577894687653e-04
-1.307157945120707154e-04
-2.572252997197210789e-04
9.051304077729582787e-04
-3.622815420385450125e-04
5.532256182050332427e-05
2.316348400199785829e-05
1.665683521423488855e-04
-2.036038640653714538e-04
2.167888487747404724e-05
2.915564400609582663e-04
-3.998989704996347427e-04
-1.026910729706287384e-03
-5.233722185948863626e-05
