-1.205234439112246037e-03
8.172938600182533264e-03
-6.253854953683912754e-04
-2.414742484688758850e-03
-4.392424598336219788e-03
-9.432606399059295654e-03
-1.463815919123589993e-03
4.257453139871358871e-03
7.651764899492263794e-04
-3.547768865246325731e-04
-1.136966701596975327e-02
-2.720229560509324074e-03
-2.931547816842794418e-03
-1.418714877218008041e-03
3.967544063925743103e-03
2.886733564082533121e-04
1.759217306971549988e-02
2.522625494748353958e-03
1.715349778532981873e-02
-6.220255978405475616e-03
-1.512769958935678005e-03
-1.857925672084093094e-03
-6.627405527979135513e-03
8.252614177763462067e-03
-2.015665406361222267e-03
1.541128149256110191e-03
-2.498612180352210999e-02
-3.750388743355870247e-03
1.703633577562868595e-03
8.188203908503055573e-03
-1.266873627901077271e-02
7.340328302234411240e-03
3.766439622268080711e-03
-1.122422690968960524e-04
-2.511310391128063202e-03
4.681460559368133545e-03
9.381949785165488720e-04
1.620981143787503242e-03
5.253656301647424698e-03
2.023417502641677856e-03
1.664587063714861870e-03
-1.644614897668361664e-02
-7.330716587603092194e-03
-2.280767448246479034e-02
8.799952454864978790e-03
1.608929783105850220e-02
2.861335873603820801e-03
3.045092802494764328e-03
-6.395677570253610611e-03
-1.514758449047803879e-02
1.783274929039180279e-04
1.186752784997224808e-02
3.848458174616098404e-03
-2.380644530057907104e-02
4.516794811934232712e-03
8.016931824386119843e-03
-1.296626403927803040e-03
-5.584718193858861923e-03
1.108862925320863724e-02
3.033791435882449150e-03
1.028467807918787003e-02
1.828519068658351898e-02
-4.259642679244279861e-03
1.021547941491007805e-03
4.686375148594379425e-03
-1.204869057983160019e-02
1.319372840225696564e-02
3.524396801367402077e-03
-1.579654053784906864e-03
7.070862222462892532e-03
1.223913300782442093e-02
2.051843795925378799e-03
7.446826435625553131e-03
-1.434521377086639404e-02
-5.630259984172880650e-04
9.248792193830013275e-03
7.252293173223733902e-03
1.816660631448030472e-03
8.131717913784086704e-04
5.852593574672937393e-03
8.283123373985290527e-03
1.669712737202644348e-02
1.499510277062654495e-02
-2.872312255203723907e-02
-3.729135962203145027e-03
-1.206250768154859543e-02
-5.067014135420322418e-03
8.582425303757190704e-03
2.651748247444629669e-03
-2.924536587670445442e-03
-1.409218739718198776e-02
-1.307113375514745712e-02
4.768977873027324677e-03
-5.731661804020404816e-03
6.570081692188978195e-03
1.566681638360023499e-02
7.353406399488449097e-03
4.437934607267379761e-03
6.091893836855888367e-02
1.031975552905350924e-04
7.652781438082456589e-03
3.290062071755528450e-03
-6.282702554017305374e-03
8.215341717004776001e-03
-2.295959368348121643e-02
2.390749519690871239e-03
-1.119100395590066910e-02
2.036607358604669571e-03
1.022927276790142059e-02
3.350947797298431396e-02
1.248804293572902679e-02
-3.116479376330971718e-03
9.751134552061557770e-03
-1.116919610649347305e-02
-8.890168741345405579e-03
-4.118981771171092987e-03
1.293373294174671173e-02
1.977605978026986122e-03
3.642565384507179260e-02
1.691368059255182743e-03
-1.100048981606960297e-02
1.673400402069091797e-02
1.456129457801580429e-02
-2.144690789282321930e-02
9.046513587236404419e-03
-1.342860050499439240e-02
1.471122168004512787e-02
-4.892033990472555161e-03
7.955727167427539825e-03
-6.833392661064863205e-03
4.586492665112018585e-03
1.198264420963823795e-03
-3.190646413713693619e-03
4.954776261001825333e-03
-7.993922568857669830e-03
7.837967015802860260e-03
1.083897426724433899e-02
1.174329966306686401e-02
8.475048467516899109e-03
1.994591392576694489e-02
1.821201667189598083e-02
6.379592698067426682e-03
-6.276592466747388244e-05
1.921794936060905457e-02
2.075803838670253754e-02
1.492369361221790314e-02
1.290012244135141373e-02
1.746279001235961914e-02
-3.988876473158597946e-03
1.307471934705972672e-02
2.766915597021579742e-02
2.729982836171984673e-03
-2.540463581681251526e-02
7.492361124604940414e-03
-4.139558970928192139e-02
-4.064803477376699448e-03
-7.008112035691738129e-03
1.679444499313831329e-02
-1.358100213110446930e-03
1.783524756319820881e-03
-1.664824970066547394e-02
3.788563236594200134e-02
-6.661044899374246597e-04
7.174955680966377258e-03
2.396910823881626129e-02
3.968949988484382629e-02
-9.007352404296398163e-03
1.298859529197216034e-02
4.720191936939954758e-03
3.931837528944015503e-02
1.859716139733791351e-02
-9.958987124264240265e-03
-2.213478833436965942e-02
-3.123337961733341217e-02
3.980030305683612823e-03
2.438329346477985382e-02
-1.555216591805219650e-02
4.407068341970443726e-02
-1.187614817172288895e-02
1.877631619572639465e-02
-3.712261840701103210e-02
7.423097267746925354e-03
-3.775759786367416382e-02
2.557342313230037689e-02
9.920468181371688843e-02
-4.008662700653076172e-02
1.783670112490653992e-02
-1.271802652627229691e-02
4.200905933976173401e-02
-7.289964705705642700e-02
7.464607059955596924e-02
8.787732571363449097e-03
9.499754011631011963e-02
5.477157537825405598e-04
-3.866309300065040588e-02
-3.925463557243347168e-02
-6.274305284023284912e-02
2.158806473016738892e-02
-2.608671411871910095e-02
-3.551879897713661194e-02
2.293872274458408356e-02
2.264544367790222168e-02
-4.564629495143890381e-02
-1.293552201241254807e-02
4.413235187530517578e-02
8.780437707901000977e-02
5.432014353573322296e-03
5.618693679571151733e-02
-2.514262311160564423e-02
4.602556675672531128e-02
4.183510690927505493e-02
4.556372016668319702e-02
3.689315542578697205e-02
-1.221863180398941040e-02
6.683380901813507080e-02
6.510064750909805298e-02
-2.669629454612731934e-02
1.667706109583377838e-02
1.903081685304641724e-02
4.021288361400365829e-03
3.932597860693931580e-02
5.928442347794771194e-03
-4.014633223414421082e-02
9.656664915382862091e-03
3.029743954539299011e-02
8.233479224145412445e-03
-5.244679283350706100e-03
-3.305650874972343445e-02
5.403910763561725616e-03
-1.936978846788406372e-02
-1.822535321116447449e-02
2.516296133399009705e-02
4.383986815810203552e-02
-1.361113681923598051e-04
2.421275153756141663e-02
1.529308129101991653e-02
-1.575222238898277283e-02
1.207436528056859970e-02
-6.645619287155568600e-04
3.252341598272323608e-02
3.843012824654579163e-02
-6.344223860651254654e-03
2.055316232144832611e-02
1.799140474759042263e-03
-8.162552490830421448e-03
4.814215353690087795e-04
-1.557054277509450912e-02
-5.403055809438228607e-03
9.306347928941249847e-03
2.497045509517192841e-02
3.589080274105072021e-02
2.520423382520675659e-02
-7.707866374403238297e-03
-1.548354793339967728e-02
-1.227088645100593567e-02
-1.937331072986125946e-02
-1.926522515714168549e-02
-1.548499567434191704e-03
-2.962041273713111877e-02
-2.116861380636692047e-02
2.744710072875022888e-02
2.140566008165478706e-03
1.976779103279113770e-02
1.568517088890075684e-02
-6.035741418600082397e-03
8.590714074671268463e-03
-9.503045119345188141e-03
-2.073685824871063232e-02
1.080887764692306519e-02
6.809844169765710831e-03
1.868724124506115913e-03
-3.230969421565532684e-03
-2.850692952051758766e-03
5.039923358708620071e-03
1.962093636393547058e-02
-7.461725734174251556e-03
-2.577533200383186340e-02
1.637445762753486633e-02
1.918757148087024689e-02
-1.454572472721338272e-02
1.760477171046659350e-04
-2.479857206344604492e-02
2.710528438910841942e-03
1.694421656429767609e-02
3.596074413508176804e-03
9.541161358356475830e-03
1.268555689603090286e-02
1.827168278396129608e-03
-6.634614430367946625e-03
-2.764632459729909897e-03
2.066547609865665436e-02
8.320058695971965790e-03
1.247537322342395782e-03
-1.098218094557523727e-02
5.647602025419473648e-03
6.392072886228561401e-03
1.337785646319389343e-02
4.766360856592655182e-03
6.951479590497910976e-04
-1.062239985913038254e-02
1.460710819810628891e-02
-4.061013925820589066e-03
1.382089802064001560e-03
9.529803879559040070e-03
1.027324609458446503e-02
6.366204470396041870e-03
9.100387804210186005e-03
-1.055591646581888199e-02
5.656115710735321045e-03
-8.388538844883441925e-03
-1.351212244480848312e-02
1.465886458754539490e-02
-7.530412171036005020e-03
-1.150196883827447891e-02
-2.749969949945807457e-03
-1.283369679003953934e-02
8.250323124229907990e-03
9.083238430321216583e-03
7.222652900964021683e-03
3.985645715147256851e-03
-4.847933724522590637e-02
-2.302878536283969879e-03
-1.157011836767196655e-02
-1.093410653993487358e-03
-1.827440457418560982e-03
4.744720645248889923e-03
1.096868328750133514e-02
-1.259558461606502533e-02
6.259014829993247986e-03
1.073695719242095947e-03
6.724701263010501862e-03
6.950404495000839233e-03
-5.025575868785381317e-03
4.453822970390319824e-03
-8.495519869029521942e-03
-8.163327351212501526e-03
9.543665801174938679e-04
2.806911803781986237e-02
-7.195677142590284348e-03
-6.603274960070848465e-03
4.173242952674627304e-03
2.306886715814471245e-03
1.310000545345246792e-03
-3.228100715205073357e-03
-7.546594715677201748e-04
-1.398442126810550690e-02
-7.413072977215051651e-03
5.448427051305770874e-03
-7.301768753677606583e-03
-1.150137837976217270e-02
4.573550075292587280e-03
5.025553517043590546e-03
7.290482753887772560e-04
5.058163776993751526e-03
-2.060395054286345840e-04
-6.214520428329706192e-03
-1.532498630695044994e-03
-2.246708376333117485e-03
-8.588448166847229004e-03
-1.017933827824890614e-03
5.868007894605398178e-03
-1.530563808046281338e-03
9.846877306699752808e-03
2.436739450786262751e-04
-5.079604219645261765e-03
4.380049183964729309e-03
9.595517185516655445e-04
-6.512822117656469345e-03
4.203623160719871521e-03
9.674971923232078552e-03
9.826467372477054596e-03
-1.605970202945172787e-03
2.252009697258472443e-03
2.169196726754307747e-03
-1.427938602864742279e-02
-1.126692746765911579e-03
3.081437665969133377e-03
-5.073235370218753815e-03
2.512583741918206215e-03
-4.376240074634552002e-03
4.908734001219272614e-03
-3.041800518985837698e-04
3.420223947614431381e-04
-7.109418977051973343e-03
-7.953180465847253799e-04
3.186960890889167786e-02
-1.809245347976684570e-02
-2.360505750402808189e-03
1.404987648129463196e-02
-6.389740854501724243e-02
2.070608548820018768e-03
-2.299315994605422020e-03
-1.918977824971079826e-03
-2.102976851165294647e-02
-2.552895108237862587e-03
1.925202202983200550e-03
4.107472195755690336e-04
5.348018370568752289e-03
2.238972578197717667e-03
-2.109209820628166199e-02
-1.978930085897445679e-03
