-2.795549335132818669e-05
-2.474731445545330644e-05
-7.204597204690799117e-05
-9.147447417490184307e-05
-9.210503776557743549e-05
-5.211697862250730395e-05
-7.479880150640383363e-05
-8.797858026809990406e-05
-6.407391629181802273e-05
-1.009719853755086660e-04
-4.716285184258595109e-05
-1.055928951245732605e-04
-6.592901627300307155e-05
-8.782474469626322389e-05
-1.013836445054039359e-04
-1.125594062614254653e-04
-1.317157875746488571e-04
-1.309604267589747906e-04
-1.377656881231814623e-04
-1.066352924681268632e-04
-1.342200994258746505e-04
-1.643813884584233165e-04
-1.347193319816142321e-04
-1.148031587945297360e-04
-1.596941874595358968e-04
-1.636069791857153177e-04
-1.574565685587003827e-04
-1.447229296900331974e-04
-1.414717844454571605e-04
-1.701679429970681667e-04
-1.826526277000084519e-04
-1.699595886748284101e-04
-1.679835550021380186e-04
-1.959965011337772012e-04
-1.927012635860592127e-04
-1.981428358703851700e-04
-1.854869624366983771e-04
-2.006691211136057973e-04
-2.095204981742426753e-04
-2.240683534182608128e-04
-2.572337980382144451e-04
-2.270220429636538029e-04
-1.665722811594605446e-04
-2.002644905587658286e-04
-2.345525717828422785e-04
-2.414154296275228262e-04
-2.445822756271809340e-04
-2.292314602527767420e-04
-2.321764186490327120e-04
-2.734555746428668499e-04
-2.640724414959549904e-04
-2.276341256219893694e-04
-2.535708772484213114e-04
-2.257676096633076668e-04
-2.357576740905642509e-04
-2.730963460635393858e-04
-2.349263377254828811e-04
-2.169397484976798296e-04
-2.194843982579186559e-04
-2.332992589799687266e-04
-2.512386417947709560e-04
-2.378622448304668069e-04
-1.982009562198072672e-04
-2.186549099860712886e-04
-2.318104088772088289e-04
-2.035780053120106459e-04
-1.895216846605762839e-04
-2.281777415191754699e-04
-1.993688929360359907e-04
-1.744036271702498198e-04
-1.569130254210904241e-04
-1.980175729840993881e-04
-1.902961957966908813e-04
-1.320484007010236382e-04
-1.560688106110319495e-04
-1.849377731559798121e-04
-1.280613796552643180e-04
-1.092284874175675213e-04
-1.160692991106770933e-04
-9.645719546824693680e-05
-1.414979778928682208e-04
-1.094661492970772088e-04
-9.965018398361280560e-05
-1.218012039316818118e-04
-8.475877984892576933e-05
-2.863164445443544537e-05
-3.808473411481827497e-05
-4.764154800795949996e-05
-5.033666639064904302e-06
-2.024274726863950491e-05
-6.961524923099204898e-05
-5.045107536716386676e-05
-4.826985605177469552e-05
8.426774002145975828e-06
-3.215890274077537470e-06
-1.666147727519273758e-05
-2.532235885155387223e-05
2.958444019895978272e-05
-1.690640056040138006e-05
-5.522471474250778556e-05
-3.219444988644681871e-05
-7.437667954945936799e-05
-6.188396218931302428e-05
-7.774656114634126425e-05
-6.108622619649395347e-05
-1.609120954526588321e-04
-1.340135786449536681e-04
-1.391243713442236185e-04
-1.209147594636306167e-04
-2.107830077875405550e-04
-1.958457287400960922e-04
-3.008972853422164917e-04
-3.026286431122571230e-04
-3.281604440417140722e-04
-3.471809613984078169e-04
-3.871486696880310774e-04
-3.454819088801741600e-04
-4.459767078515142202e-04
-4.446422390174120665e-04
-4.967647837474942207e-04
-5.893909255973994732e-04
-4.620758700184524059e-04
-5.139176500961184502e-04
-6.161056226119399071e-04
-6.261201924644410610e-04
-6.868435302749276161e-04
-6.433028611354529858e-04
-6.639754865318536758e-04
-7.399024325422942638e-04
-7.278789416886866093e-04
-7.198789389804005623e-04
-6.981376209296286106e-04
-7.623476558364927769e-04
-6.809983169659972191e-04
-6.788190221413969994e-04
-6.655663019046187401e-04
-5.986616015434265137e-04
-5.387372220866382122e-04
-3.739991225302219391e-04
-5.218202713876962662e-04
-4.124248516745865345e-04
-2.814206236507743597e-04
-1.505849359091371298e-04
-1.318003487540408969e-04
-8.245841308962553740e-05
1.814002462197095156e-05
1.668170880293473601e-04
2.467178564984351397e-04
3.050451050512492657e-04
3.941837057936936617e-04
5.292596179060637951e-04
6.511513493023812771e-04
4.996636998839676380e-04
4.833128768950700760e-04
4.533613100647926331e-04
4.815912398044019938e-04
4.193645727355033159e-04
1.893558946903795004e-04
7.388066296698525548e-05
-7.550232112407684326e-05
-3.242481325287371874e-04
-5.946216988377273083e-04
-5.271661211736500263e-04
-9.118864545598626137e-04
-1.124364323914051056e-03
-1.083081006072461605e-03
-1.262242207303643227e-03
-1.423604204319417477e-03
-1.349934726022183895e-03
-1.287110033445060253e-03
-1.057538669556379318e-03
-5.480604013428092003e-04
-6.258547364268451929e-05
3.102907212451100349e-04
9.067652863450348377e-04
1.799520920030772686e-03
2.114033093675971031e-03
2.242851536720991135e-03
1.870880718342959881e-03
1.520207384601235390e-03
9.868731722235679626e-04
8.930017429520376027e-06
-1.972727477550506592e-03
-3.110039047896862030e-03
-3.970059566199779510e-03
-4.650261253118515015e-03
-2.920167054980993271e-03
-9.607128595234826207e-05
3.486007219180464745e-03
6.745296996086835861e-03
-7.089331047609448433e-04
-1.880585768958553672e-04
-1.121255010366439819e-02
-5.264292121864855289e-04
-5.746442824602127075e-03
1.953407004475593567e-02
-3.151573240756988525e-02
1.163567043840885162e-02
4.776993021368980408e-02
-5.834820494055747986e-02
-6.651673931628465652e-03
-1.724598184227943420e-02
-2.594545669853687286e-02
-1.183258369565010071e-01
-7.379067596048116684e-03
-5.444961786270141602e-02
-3.928570449352264404e-02
-4.155933484435081482e-02
-3.935009613633155823e-02
-3.360458463430404663e-02
-3.265080600976943970e-02
-2.417065016925334930e-02
-2.281766384840011597e-02
-1.646147668361663818e-02
-1.236034464091062546e-02
-1.107709389179944992e-02
-1.056457404047250748e-02
-1.009150967001914978e-02
-1.028076186776161194e-02
-9.775814600288867950e-03
-1.012481562793254852e-02
-9.562078863382339478e-03
-8.832017891108989716e-03
-8.483647368848323822e-03
-7.050761952996253967e-03
-6.509783212095499039e-03
-5.323956254869699478e-03
-4.600836429744958878e-03
-3.870111191645264626e-03
-3.091961843892931938e-03
-2.748048864305019379e-03
-2.354980679228901863e-03
-2.083118306472897530e-03
-2.066444139927625656e-03
-1.926451805047690868e-03
-2.070592250674962997e-03
-2.256676554679870605e-03
-2.326159505173563957e-03
-2.403123769909143448e-03
-2.477275906130671501e-03
-2.505492186173796654e-03
-2.627449808642268181e-03
-2.654167590662837029e-03
-2.611466916278004646e-03
-2.687881467863917351e-03
-2.531719859689474106e-03
-2.535547595471143723e-03
-2.401051344349980354e-03
-2.291904063895344734e-03
-2.255878178402781487e-03
-2.154220594093203545e-03
-2.019379287958145142e-03
-1.842317520640790462e-03
-1.712555647827684879e-03
-1.648392761126160622e-03
-1.565597485750913620e-03
-1.294453395530581474e-03
-1.168966409750282764e-03
-1.128983334638178349e-03
-9.570602560415863991e-04
-8.861828828230500221e-04
-7.163999835029244423e-04
-6.234784959815442562e-04
-5.093321669846773148e-04
-4.606098518706858158e-04
-3.845487080980092287e-04
-4.068898851983249187e-04
-3.207480767741799355e-04
-2.794617321342229843e-04
-3.075104032177478075e-04
-2.193158288719132543e-04
-1.463363587390631437e-04
-2.111041685566306114e-04
-1.032877553370781243e-04
-1.435079320799559355e-04
-1.258240081369876862e-04
-1.421710912836715579e-04
-1.555570634081959724e-04
-1.120329470722936094e-04
-1.177578233182430267e-04
-1.987491705222055316e-04
-1.662567665334790945e-04
-1.844898943090811372e-04
-2.551940560806542635e-04
-2.046737063210457563e-04
-2.609427610877901316e-04
-2.295134472660720348e-04
-1.938786735991016030e-04
-2.800778311211615801e-04
-2.219625312136486173e-04
-2.162688178941607475e-04
-2.923503634519875050e-04
-2.826357376761734486e-04
-2.685407525859773159e-04
-2.596634149085730314e-04
-3.038947470486164093e-04
-2.906705194618552923e-04
-3.081389295402914286e-04
-2.831022429745644331e-04
-2.811675367411226034e-04
-2.493580686859786510e-04
-2.672640257515013218e-04
-2.704129437915980816e-04
-2.304110676050186157e-04
-2.742859651334583759e-04
-2.298769541084766388e-04
-1.955128973349928856e-04
-2.506027813069522381e-04
-1.931387669174000621e-04
-2.276951563544571400e-04
-2.129280765075236559e-04
-1.495268224971368909e-04
-1.665315794525668025e-04
-1.475234166719019413e-04
-1.558393269078806043e-04
-9.797776874620467424e-05
-5.908615639782510698e-05
-6.346398731693625450e-05
-5.255312498775310814e-05
-5.894890637136995792e-05
-6.388815381797030568e-05
-4.827706652577035129e-05
-4.795911536348285154e-06
-3.466252019279636443e-05
2.924061482190154493e-05
8.129183697747066617e-05
8.203256584238260984e-05
8.813790918793529272e-05
6.326185393845662475e-05
1.048763733706437051e-04
6.859192944830283523e-05
1.122121320804581046e-04
1.648941833991557360e-04
8.485265425406396389e-05
9.917242277879267931e-05
1.194746801047585905e-04
1.507463894085958600e-04
2.376544434810057282e-04
1.774345146259292960e-04
1.849139953264966607e-04
2.055946242762729526e-04
1.790741953300312161e-04
1.744882320053875446e-04
1.877324102679267526e-04
1.404319773428142071e-04
1.920935173984616995e-04
1.791366521501913667e-04
2.108924963977187872e-04
2.129567728843539953e-04
2.459816751070320606e-04
1.919082424137741327e-04
2.177028800360858440e-04
2.031050680670887232e-04
1.898229820653796196e-04
2.150025247829034925e-04
2.003441040869802237e-04
1.569155283505097032e-04
2.120912249665707350e-04
2.101391728501766920e-04
1.833283895393833518e-04
2.048734895652160048e-04
1.723059103824198246e-04
2.004358975682407618e-04
2.076850214507430792e-04
1.931340957526117563e-04
2.182705211453139782e-04
1.739574654493480921e-04
1.972863246919587255e-04
1.807536464184522629e-04
1.379415625706315041e-04
1.736588747007772326e-04
1.492059236625209451e-04
1.386786025250330567e-04
1.728841598378494382e-04
1.400469336658716202e-04
1.817887823563069105e-04
1.259954588022083044e-04
1.460410421714186668e-04
1.344495685771107674e-04
1.111289238906465471e-04
1.488996786065399647e-04
1.111823148676194251e-04
1.560675591463223100e-04
1.381618640152737498e-04
1.035825407598167658e-04
1.001159689621999860e-04
1.178061647806316614e-04
8.125494059640914202e-05
6.642762309638783336e-05
1.116889761760830879e-04
9.524251072434708476e-05
6.281194509938359261e-05
4.123766484553925693e-05
6.696268974337726831e-05
2.972306174342520535e-05
7.817419100319966674e-05
3.524366911733523011e-05
4.741516022477298975e-05
4.757763599627651274e-05
4.629209797712974250e-05
3.120845940429717302e-05
