-8.260749746114015579e-05
-1.271077198907732964e-04
-1.913235028041526675e-04
-1.853749563451856375e-04
-2.021913678618147969e-04
-2.248324599349871278e-04
-2.795594045892357826e-04
-2.653688716236501932e-04
-2.399865625193342566e-04
-2.798623172566294670e-04
-2.455006761010736227e-04
-2.410804299870505929e-04
-3.147210809402167797e-04
-3.163498477078974247e-04
-3.401261346880346537e-04
-3.527127555571496487e-04
-3.858726995531469584e-04
-3.586273523978888988e-04
-3.635760513134300709e-04
-4.022244247607886791e-04
-4.016444436274468899e-04
-4.358602745924144983e-04
-4.228627367410808802e-04
-4.552020400296896696e-04
-4.495886387303471565e-04
-5.118545377627015114e-04
-4.991692258045077324e-04
-5.163452588021755219e-04
-5.222968175075948238e-04
-5.105736199766397476e-04
-5.588827189058065414e-04
-5.257892771624028683e-04
-5.440292879939079285e-04
-6.033717654645442963e-04
-6.033470854163169861e-04
-6.103838095441460609e-04
-6.190121639519929886e-04
-6.190473213791847229e-04
-5.669738166034221649e-04
-6.010286160744726658e-04
-6.697985809296369553e-04
-6.641827058047056198e-04
-5.713868886232376099e-04
-6.426105974242091179e-04
-5.956164677627384663e-04
-6.685632397420704365e-04
-7.190975593402981758e-04
-6.041358574293553829e-04
-6.376353558152914047e-04
-6.750590400770306587e-04
-6.349367904476821423e-04
-6.535933935083448887e-04
-5.363865057006478310e-04
-6.426624022424221039e-04
-6.446093902923166752e-04
-6.255098269321024418e-04
-6.480974843725562096e-04
-5.924987490288913250e-04
-5.377329071052372456e-04
-5.208431975916028023e-04
-6.056281854398548603e-04
-5.405683768913149834e-04
-4.995027557015419006e-04
-4.469689738471060991e-04
-4.670104244723916054e-04
-4.097903147339820862e-04
-4.214966611471027136e-04
-4.427421081345528364e-04
-3.941461618524044752e-04
-3.306355210952460766e-04
-3.472836106084287167e-04
-2.606846101116389036e-04
-2.642581239342689514e-04
-2.142265293514356017e-04
-1.924207463162019849e-04
-1.536653289804235101e-04
-1.672416547080501914e-04
-1.188007736345753074e-04
-5.839561708853580058e-05
-2.472182677593082190e-05
-3.376875247340649366e-05
1.140218591899611056e-05
3.962039772886782885e-05
2.012268305406905711e-05
1.594363275216892362e-04
2.107426989823579788e-04
2.230195095762610435e-04
1.744149631122127175e-04
2.794001775328069925e-04
2.332814765395596623e-04
2.532936050556600094e-04
3.201492363587021828e-04
2.877032675314694643e-04
2.782808151096105576e-04
3.720555105246603489e-04
2.770662540569901466e-04
2.297454047948122025e-04
2.347839181311428547e-04
2.636983990669250488e-04
1.939453213708475232e-04
1.895227178465574980e-04
1.530565932625904679e-04
7.539684156654402614e-05
4.761465970659628510e-05
4.085336331627331674e-05
-2.010274329222738743e-06
-1.115557679440826178e-04
-1.359289744868874550e-04
-1.588699524290859699e-04
-3.175868478137999773e-04
-3.747101873159408569e-04
-4.309574142098426819e-04
-4.634208453353494406e-04
-6.531243561767041683e-04
-7.306050974875688553e-04
-6.677228957414627075e-04
-8.378617931157350540e-04
-9.451314690522849560e-04
-1.087746815755963326e-03
-1.052656793035566807e-03
-1.167102949693799019e-03
-1.182343461550772190e-03
-1.259490847587585449e-03
-1.278915675356984138e-03
-1.343389623798429966e-03
-1.521531143225729465e-03
-1.520009129308164120e-03
-1.568170497193932533e-03
-1.688846852630376816e-03
-1.528950408101081848e-03
-1.420706161297857761e-03
-1.397536718286573887e-03
-1.346598262898623943e-03
-1.244220184162259102e-03
-1.039513153955340385e-03
-9.584017680026590824e-04
-8.940086117945611477e-04
-6.625538808293640614e-04
-1.344389747828245163e-04
-2.704350627027451992e-04
1.337722787866368890e-04
5.243864725343883038e-04
7.953889435157179832e-04
8.559410925954580307e-04
1.067285309545695782e-03
1.714449143037199974e-03
1.841060118749737740e-03
2.268399344757199287e-03
2.459337934851646423e-03
2.585475565865635872e-03
2.929824870079755783e-03
2.857054583728313446e-03
2.672633621841669083e-03
2.695831703022122383e-03
2.434070222079753876e-03
2.513854531571269035e-03
2.078819787129759789e-03
1.429733587428927422e-03
8.419344667345285416e-04
5.960373091511428356e-04
-2.511732163839042187e-04
-1.097561442293226719e-03
-1.444044522941112518e-03
-2.456424757838249207e-03
-2.708708401769399643e-03
-2.953906310722231865e-03
-3.447513096034526825e-03
-3.856237512081861496e-03
-3.188902977854013443e-03
-3.508951747789978981e-03
-2.204817254096269608e-03
-5.183324683457612991e-04
1.071884413249790668e-03
2.467948710545897484e-03
4.491474945098161697e-03
7.683700416237115860e-03
7.573967799544334412e-03
6.819675676524639130e-03
6.185986101627349854e-03
3.635410917922854424e-03
3.281237324699759483e-03
-1.214144285768270493e-03
-6.566803902387619019e-03
-7.852117531001567841e-03
-1.310201361775398254e-02
-1.347595360130071640e-02
-5.902908276766538620e-03
9.162903763353824615e-03
1.324421539902687073e-02
2.907482348382472992e-02
-4.547014366835355759e-03
1.296126004308462143e-02
-9.208272211253643036e-03
1.259004976600408554e-02
-5.265049636363983154e-03
3.471788391470909119e-02
-3.606452420353889465e-02
1.686003431677818298e-02
4.534023627638816833e-02
-4.815128445625305176e-02
7.194231264293193817e-03
1.413409481756389141e-03
1.248919311910867691e-02
-1.186650842428207397e-01
4.035526514053344727e-02
-3.910476714372634888e-02
-3.053509071469306946e-02
-4.982936009764671326e-02
-5.214571207761764526e-02
-2.668427117168903351e-02
-3.656531497836112976e-02
-1.517555303871631622e-02
-3.481261059641838074e-02
-1.830647885799407959e-02
-6.535660475492477417e-03
-9.577015414834022522e-03
-6.912787444889545441e-03
-6.323938723653554916e-03
-8.213550783693790436e-03
-1.178495958447456360e-02
-1.431976258754730225e-02
-1.520063914358615875e-02
-1.426537707448005676e-02
-1.410222426056861877e-02
-1.146118342876434326e-02
-1.052957028150558472e-02
-7.566083688288927078e-03
-5.828076507896184921e-03
-3.923335112631320953e-03
-1.641366980038583279e-03
-7.056207396090030670e-04
-1.629807229619473219e-04
1.580756215844303370e-04
4.529578727670013905e-04
3.613275475800037384e-04
6.197235779836773872e-05
-5.489483010023832321e-04
-1.051477855071425438e-03
-1.672738930210471153e-03
-2.148877596482634544e-03
-2.593748038634657860e-03
-3.367282683029770851e-03
-3.441864624619483948e-03
-3.967509604990482330e-03
-4.390236921608448029e-03
-4.326552152633666992e-03
-4.512085579335689545e-03
-4.474844783544540405e-03
-4.330981057137250900e-03
-4.297303501516580582e-03
-4.143403843045234680e-03
-3.992469049990177155e-03
-3.654677420854568481e-03
-3.281173529103398323e-03
-3.071320243179798126e-03
-2.878039143979549408e-03
-2.448886167258024216e-03
-2.140496624633669853e-03
-1.751106465235352516e-03
-1.584665966220200062e-03
-1.221535028889775276e-03
-9.319175733253359795e-04
-6.729123415425419807e-04
-3.233048191759735346e-04
-2.329850249225273728e-04
-1.122968824347481132e-04
-5.918245005887001753e-05
1.924768730532377958e-04
3.726501890923827887e-04
4.207964229863137007e-04
4.869965487159788609e-04
5.322593497112393379e-04
5.557311815209686756e-04
6.576195592060685158e-04
6.112051778472959995e-04
5.294274888001382351e-04
5.850427551195025444e-04
3.872580709867179394e-04
4.162659752182662487e-04
4.484551318455487490e-04
2.715484588406980038e-04
3.440454893279820681e-04
2.511359634809195995e-04
1.809358218451961875e-04
4.586382783600129187e-05
6.258463690755888820e-05
-1.855950977187603712e-04
-6.362175190588459373e-05
-2.077068202197551727e-04
-2.834248880390077829e-04
-2.535355451982468367e-04
-4.304177709855139256e-04
-4.230169288348406553e-04
-4.712304507847875357e-04
-5.280640907585620880e-04
-5.386139964684844017e-04
-5.776184261776506901e-04
-6.698631914332509041e-04
-6.748894229531288147e-04
-7.117118802852928638e-04
-6.537520093843340874e-04
-7.209167815744876862e-04
-7.212952477857470512e-04
-7.368430960923433304e-04
-6.889910437166690826e-04
-7.054473971948027611e-04
-6.038013380020856857e-04
-7.237195386551320553e-04
-6.363576976582407951e-04
-5.647573270834982395e-04
-6.617791368626058102e-04
-5.329392733983695507e-04
-5.244336207397282124e-04
-4.681876744143664837e-04
-4.591715405695140362e-04
-4.380702157504856586e-04
-3.315436188131570816e-04
-2.719855401664972305e-04
-2.768349368125200272e-04
-2.793483727145940065e-04
-2.610294031910598278e-04
-1.995699130930006504e-04
-1.067404227796941996e-04
-1.033259541145525873e-04
5.625196081382455304e-06
-4.654988970287377015e-06
5.425313429441303015e-05
-5.557599706662585959e-06
9.315267379861325026e-05
1.209371403092518449e-04
1.887179969344288111e-04
2.135236281901597977e-04
2.844451228156685829e-04
2.814910258166491985e-04
3.188072005286812782e-04
2.643015468493103981e-04
3.490251547191292048e-04
3.404582093935459852e-04
4.407917149364948273e-04
4.266108444426208735e-04
4.483438387978821993e-04
4.561599635053426027e-04
4.960086662322282791e-04
5.358947673812508583e-04
4.492758598644286394e-04
4.763231845572590828e-04
5.566491163335740566e-04
5.803628009743988514e-04
5.513431970030069351e-04
5.980947171337902546e-04
5.206997739151120186e-04
5.445373826660215855e-04
5.743646179325878620e-04
5.290118278935551643e-04
5.637943977490067482e-04
6.032480159774422646e-04
5.248058587312698364e-04
5.869253654964268208e-04
6.143110222183167934e-04
6.090991082601249218e-04
5.793613963760435581e-04
5.597361596301198006e-04
6.028261268511414528e-04
5.512023926712572575e-04
5.217001307755708694e-04
5.857114447280764580e-04
5.547082400880753994e-04
5.290746339596807957e-04
5.092864157631993294e-04
4.519545182120054960e-04
5.584454629570245743e-04
4.480055358726531267e-04
4.679091507568955421e-04
4.694523813668638468e-04
4.156366630923002958e-04
4.899143241345882416e-04
4.380036261864006519e-04
4.558032378554344177e-04
4.575537459459155798e-04
4.052483709529042244e-04
4.092790768481791019e-04
3.486745990812778473e-04
4.704653692897409201e-04
3.505850036162883043e-04
3.284825361333787441e-04
2.772855514194816351e-04
2.816014166455715895e-04
3.266271960455924273e-04
2.757921174634248018e-04
2.571388322394341230e-04
3.238809003960341215e-04
2.491461928002536297e-04
1.953261817106977105e-04
2.085268788505345583e-04
1.627171441214159131e-04
1.960024965228512883e-04
1.567062863614410162e-04
1.194904471049085259e-04
9.008117194753140211e-05
1.211298222187906504e-04
8.585657633375376463e-05
