9.774437785381451249e-06
5.887204679311253130e-06
1.604258432053029537e-05
2.606071234367846046e-07
-1.199307916976977140e-05
-3.591189670260064304e-05
-1.113897496907156892e-06
1.746809721225872636e-05
1.018789589579682797e-05
4.151409882524603745e-07
-1.312279323428811040e-06
7.172797722887480631e-06
4.395466476125875488e-06
2.462432712491136044e-05
-1.448204875487135723e-05
1.418887040927074850e-05
-1.606382829777430743e-05
1.180957860924536362e-05
2.160969870601547882e-06
7.834752068447414786e-06
1.181579955300549045e-05
-2.843298534571658820e-05
1.283899109694175422e-05
2.036099613178521395e-05
3.973918137489818037e-05
2.737055910984054208e-05
2.313044933544006199e-05
2.153921195713337511e-05
2.523586044844705611e-05
1.036427966027986258e-05
3.214625030523166060e-05
2.670326648512855172e-05
2.331616451556328684e-05
3.941930481232702732e-05
6.424768798751756549e-05
5.517840327229350805e-05
4.399044337333180010e-05
8.730005356483161449e-05
1.097057829611003399e-04
5.624834375339560211e-05
6.052142634871415794e-05
7.859357720008119941e-05
9.112242696573957801e-05
1.110382072511129081e-04
1.470315619371831417e-04
1.607867889106273651e-04
1.484105741837993264e-04
1.755242992658168077e-04
1.969188888324424624e-04
1.629424368729814887e-04
1.329520746367052197e-04
1.986225397558882833e-04
1.838407042669132352e-04
2.241373731521889567e-04
2.360764046898111701e-04
2.421177050564438105e-04
2.647445944603532553e-04
2.903558197431266308e-04
2.951250644400715828e-04
2.784398384392261505e-04
3.020611475221812725e-04
3.799534752033650875e-04
3.313328779768198729e-04
3.588339604903012514e-04
4.185799916740506887e-04
3.974675200879573822e-04
4.445012309588491917e-04
4.919367493130266666e-04
4.658561956603080034e-04
4.575999046210199594e-04
5.391360027715563774e-04
5.136416875757277012e-04
6.246215780265629292e-04
6.036479026079177856e-04
6.409945199266076088e-04
6.795660592615604401e-04
6.618778570555150509e-04
6.582776550203561783e-04
7.205997244454920292e-04
7.771386881358921528e-04
8.129955967888236046e-04
7.979926303960382938e-04
9.176034945994615555e-04
8.781405049376189709e-04
9.018794517032802105e-04
9.681200026534497738e-04
1.029530307278037071e-03
1.002827775664627552e-03
1.049164566211402416e-03
1.118219108320772648e-03
1.149817486293613911e-03
1.153939054347574711e-03
1.224086037836968899e-03
1.226047519594430923e-03
1.296503702178597450e-03
1.315413275733590126e-03
1.338213449344038963e-03
1.408993615768849850e-03
1.419217791408300400e-03
1.475973636843264103e-03
1.516708871349692345e-03
1.595257432200014591e-03
1.592732383869588375e-03
1.581868273206055164e-03
1.640899805352091789e-03
1.695030834525823593e-03
1.780777703970670700e-03
1.751843723468482494e-03
1.814036979340016842e-03
1.851361826993525028e-03
1.959931105375289917e-03
1.953013241291046143e-03
1.975025748834013939e-03
2.045210450887680054e-03
2.081665676087141037e-03
2.111631212756037712e-03
2.205458236858248711e-03
2.187937032431364059e-03
2.207075478509068489e-03
2.360089914873242378e-03
2.388942288234829903e-03
2.360201673582196236e-03
2.521009184420108795e-03
2.533754566684365273e-03
2.608799142763018608e-03
2.667275490239262581e-03
2.741840202361345291e-03
2.755668945610523224e-03
2.782639814540743828e-03
2.885854570195078850e-03
2.961850259453058243e-03
3.054338507354259491e-03
3.107876516878604889e-03
3.204251872375607491e-03
3.361373208463191986e-03
3.336980007588863373e-03
3.476894227787852287e-03
3.568225307390093803e-03
3.654909553006291389e-03
3.835577983409166336e-03
3.800077596679329872e-03
4.071383737027645111e-03
4.108873661607503891e-03
4.224033560603857040e-03
4.354346077889204025e-03
4.493953194469213486e-03
4.719504620879888535e-03
4.790114238858222961e-03
5.010276101529598236e-03
5.133312195539474487e-03
5.279438570141792297e-03
5.393763072788715363e-03
5.580713972449302673e-03
5.784515757113695145e-03
5.799580365419387817e-03
6.021785549819469452e-03
6.260247901082038879e-03
6.305204238742589951e-03
6.462026387453079224e-03
6.585774943232536316e-03
6.606859620660543442e-03
6.843952462077140808e-03
6.755033973604440689e-03
6.989785004407167435e-03
7.054536137729883194e-03
7.183283567428588867e-03
7.180484477430582047e-03
7.245703134685754776e-03
7.297239731997251511e-03
7.549230940639972687e-03
7.635782938450574875e-03
7.622941397130489349e-03
7.721824105829000473e-03
7.927275262773036957e-03
8.019782602787017822e-03
8.240921422839164734e-03
8.562400937080383301e-03
9.013764560222625732e-03
9.551067836582660675e-03
1.004086248576641083e-02
1.058021839708089828e-02
1.136281620711088181e-02
1.162581332027912140e-02
1.222132518887519836e-02
1.258922554552555084e-02
1.230947207659482956e-02
1.278818212449550629e-02
1.238103676587343216e-02
1.264227274805307388e-02
1.667127572000026703e-02
1.967213116586208344e-02
2.412806451320648193e-02
3.006554394960403442e-02
3.460947796702384949e-02
3.279589861631393433e-02
5.225374177098274231e-02
1.075256243348121643e-01
6.645071506500244141e-02
7.490444928407669067e-02
-1.690073013305664062e-01
-2.122635692358016968e-01
7.275641709566116333e-02
2.126948535442352295e-02
-2.535927109420299530e-02
2.690670080482959747e-02
-3.759255632758140564e-03
-4.186650738120079041e-02
-1.631345972418785095e-02
-9.030801244080066681e-03
1.301328156841918826e-04
2.436786657199263573e-03
4.399707540869712830e-03
4.392776172608137131e-03
4.378078971058130264e-03
4.255116451531648636e-03
3.848881693556904793e-03
4.382512066513299942e-03
4.245689604431390762e-03
4.293268080800771713e-03
4.087365232408046722e-03
4.346380010247230530e-03
4.307709634304046631e-03
3.827042877674102783e-03
3.870911430567502975e-03
3.156155114993453026e-03
3.150482662022113800e-03
2.931034425273537636e-03
2.577810315415263176e-03
2.323404885828495026e-03
2.142061246559023857e-03
1.981016946956515312e-03
1.681413152255117893e-03
1.607100595720112324e-03
1.424508402124047279e-03
1.431999146007001400e-03
1.131334924139082432e-03
9.862905135378241539e-04
9.292375762015581131e-04
8.418810903094708920e-04
7.534736068919301033e-04
6.331157055683434010e-04
6.944697233848273754e-04
5.482270498760044575e-04
5.521531566046178341e-04
5.632955580949783325e-04
4.873781872447580099e-04
5.056418594904243946e-04
3.787743917200714350e-04
3.791691851802170277e-04
4.556710482574999332e-04
3.783024731092154980e-04
4.114247567486017942e-04
4.635644727386534214e-04
4.498846828937530518e-04
4.279560234863311052e-04
3.851926012430340052e-04
4.294117970857769251e-04
4.682905855588614941e-04
4.167677834630012512e-04
4.236741224303841591e-04
3.848051419481635094e-04
5.127624026499688625e-04
4.392143746372312307e-04
4.085572145413607359e-04
4.654655349440872669e-04
4.245467134751379490e-04
3.938804438803344965e-04
4.006239469163119793e-04
4.034297890029847622e-04
3.894474066328257322e-04
3.777403035201132298e-04
4.104106919839978218e-04
4.143272526562213898e-04
4.482094955164939165e-04
3.996576124336570501e-04
3.671433660201728344e-04
3.777839010581374168e-04
3.656098560895770788e-04
3.938342269975692034e-04
3.697299107443541288e-04
3.388334007468074560e-04
3.029764047823846340e-04
3.414984967093914747e-04
3.425933246035128832e-04
3.282948164269328117e-04
3.354492073412984610e-04
3.158823819831013680e-04
2.628454822115600109e-04
2.503986470401287079e-04
3.370819904375821352e-04
2.122814621543511748e-04
2.169057115679606795e-04
3.275737399235367775e-04
2.954371157102286816e-04
2.672657719813287258e-04
2.721603086683899164e-04
2.771863655652850866e-04
2.087251777993515134e-04
2.376204211032018065e-04
2.268757671117782593e-04
2.068620960926637053e-04
2.813064493238925934e-04
2.786183904390782118e-04
1.968710566870868206e-04
2.154595858883112669e-04
2.280421613249927759e-04
2.254742285003885627e-04
2.300326596014201641e-04
2.415200433460995555e-04
1.801652251742780209e-04
1.839537726482376456e-04
1.583105331519618630e-04
1.839126343838870525e-04
1.421514607500284910e-04
1.994059712160378695e-04
1.557779323775321245e-04
2.151981170754879713e-04
1.607430749572813511e-04
1.568539446452632546e-04
1.675006205914542079e-04
1.704176102066412568e-04
1.338943548034876585e-04
1.363821647828444839e-04
1.834906724980100989e-04
1.893704757094383240e-04
1.432168210158124566e-04
1.371721300529316068e-04
1.496951590524986386e-04
1.436737366020679474e-04
1.352435938315466046e-04
1.527489075670018792e-04
1.817768206819891930e-04
1.449846458854153752e-04
7.003044447628781199e-05
1.441884814994409680e-04
1.225624873768538237e-04
8.836881170282140374e-05
1.156274374807253480e-04
1.407121308147907257e-04
1.219006881001405418e-04
1.253878290299326181e-04
1.035811728797852993e-04
1.398483291268348694e-04
1.205907319672405720e-04
9.103955380851402879e-05
1.108949290937744081e-04
8.072723721852526069e-05
6.912642857059836388e-05
9.560360194882377982e-05
8.675693970872089267e-05
9.673562453826889396e-05
8.272257400676608086e-05
7.456228195223957300e-05
2.648572808539029211e-05
8.809354767436161637e-05
6.913585093570873141e-05
4.658658872358500957e-05
6.481979653472080827e-05
8.229599188780412078e-05
4.685184831032529473e-05
5.159245847607962787e-05
8.834551408654078841e-05
2.008250339713413268e-05
7.360441668424755335e-05
4.675136733567342162e-05
4.073037416674196720e-05
6.756697257515043020e-05
5.511488052434287965e-05
1.474561850045574829e-05
5.439623782876878977e-05
1.293226614507148042e-05
2.155347829102538526e-05
2.522806425986345857e-05
8.291902304335962981e-06
-3.116673497061128728e-06
7.432023267028853297e-05
3.962300252169370651e-05
-3.403159325898741372e-06
4.154010821366682649e-05
1.574067755427677184e-05
2.939995829365216196e-05
5.943350333836860955e-05
2.389199107710737735e-05
2.385666812187992036e-05
1.618983333173673600e-05
9.887844498734921217e-06
1.672145663178525865e-05
9.103498996410053223e-06
-3.899895375525375130e-07
1.779291051207110286e-05
9.236170626536477357e-06
-1.026611329280058271e-07
-5.902786597289377823e-06
1.555126618768554181e-05
3.582570934668183327e-05
-3.425103204790502787e-05
-8.900851753423921764e-06
-2.902093001466710120e-06
4.105034804524620995e-06
2.107844557031057775e-05
-3.836639734799973667e-06
