-7.606701547047123313e-05
-6.639905768679454923e-05
-5.697352753486484289e-05
-1.463784137740731239e-04
-6.488502549473196268e-05
-9.966388461180031300e-05
-1.278844283660873771e-04
-1.222176651936024427e-04
-1.402850466547533870e-04
-1.330067025264725089e-04
-1.621884584892541170e-04
-1.295252441195771098e-04
-1.641145645407959819e-04
-2.030279720202088356e-04
-2.041944826487451792e-04
-1.656102540437132120e-04
-1.544961851323023438e-04
-2.065523149212822318e-04
-1.944735122378915548e-04
-2.495329536031931639e-04
-2.482149284332990646e-04
-2.484412980265915394e-04
-2.158365823561325669e-04
-2.453682827763259411e-04
-2.092347567668184638e-04
-2.088346227537840605e-04
-2.734809240791946650e-04
-2.896362566389143467e-04
-2.540673885960131884e-04
-2.587592171039432287e-04
-3.291629545856267214e-04
-2.599516301415860653e-04
-3.128130047116428614e-04
-3.099818422924727201e-04
-2.718821051530539989e-04
-3.109111275989562273e-04
-2.565139438956975937e-04
-2.576853730715811253e-04
-2.991086221300065517e-04
-3.005076723638921976e-04
-2.728723920881748199e-04
-2.707070671021938324e-04
-2.285699010826647282e-04
-2.758931950666010380e-04
-2.074786752928048372e-04
-2.662783081177622080e-04
-2.374544856138527393e-04
-2.411316381767392159e-04
-2.191702369600534439e-04
-1.861988275777548552e-04
-2.233702107332646847e-04
-1.507901470176875591e-04
-1.492767769377678633e-04
-1.105178525904193521e-04
-9.536310244584456086e-05
-1.318803842877969146e-04
-5.272356793284416199e-05
-4.055901808897033334e-05
-5.700293968402547762e-06
1.427472670911811292e-05
7.048429688438773155e-05
1.079715657397173345e-04
9.773392957868054509e-05
1.254771777894347906e-04
1.853253925219178200e-04
2.271697740070521832e-04
2.361864317208528519e-04
3.356503148097544909e-04
3.298849915154278278e-04
3.921530151274055243e-04
3.956379659939557314e-04
4.789564118254929781e-04
5.026386934332549572e-04
5.595372058451175690e-04
6.605719099752604961e-04
6.689568981528282166e-04
6.804019212722778320e-04
7.724100723862648010e-04
8.180183358490467072e-04
9.104603086598217487e-04
1.014680834487080574e-03
1.026793615892529488e-03
1.082357717677950859e-03
1.146622234955430031e-03
1.185757922939956188e-03
1.185590517707169056e-03
1.431648037396371365e-03
1.347713405266404152e-03
1.426234724931418896e-03
1.529750414192676544e-03
1.621840172447264194e-03
1.678666449151933193e-03
1.746976864524185658e-03
1.805074280127882957e-03
1.874527079053223133e-03
1.840387354604899883e-03
1.959000946953892708e-03
1.945923431776463985e-03
1.986180897802114487e-03
2.205033553764224052e-03
2.197710098698735237e-03
2.082712482661008835e-03
2.282202476635575294e-03
2.340286737307906151e-03
2.330102026462554932e-03
2.354727126657962799e-03
2.377435797825455666e-03
2.485200995579361916e-03
2.510391874238848686e-03
2.501141978427767754e-03
2.479566959664225578e-03
2.622465370222926140e-03
2.593804616481065750e-03
2.661726437509059906e-03
2.664017258211970329e-03
2.654699608683586121e-03
2.678573597222566605e-03
2.707851585000753403e-03
2.790953731164336205e-03
2.811860525980591774e-03
2.794616157189011574e-03
2.833367558196187019e-03
2.808377612382173538e-03
2.876257989555597305e-03
2.833442529663443565e-03
2.879733918234705925e-03
2.903798827901482582e-03
3.066713223233819008e-03
3.017286071553826332e-03
3.110186196863651276e-03
3.125077113509178162e-03
3.163185669109225273e-03
3.265477949753403664e-03
3.516462398692965508e-03
3.453145967796444893e-03
3.574012080207467079e-03
3.651071572676301003e-03
3.745885565876960754e-03
3.884296864271163940e-03
4.058578517287969589e-03
4.186320584267377853e-03
4.420123063027858734e-03
4.571747500449419022e-03
4.764643963426351547e-03
5.084052216261625290e-03
5.168620496988296509e-03
5.635772366076707840e-03
5.771365482360124588e-03
6.053730845451354980e-03
6.327327806502580643e-03
6.524380296468734741e-03
6.750895176082849503e-03
6.872899830341339111e-03
7.310988381505012512e-03
7.280179765075445175e-03
7.545291446149349213e-03
7.689963560551404953e-03
7.669056300073862076e-03
7.822040468454360962e-03
7.914816960692405701e-03
7.756553590297698975e-03
7.856134325265884399e-03
7.509092334657907486e-03
7.453240454196929932e-03
7.409127429127693176e-03
7.030287757515907288e-03
6.658313795924186707e-03
6.188659928739070892e-03
5.869865417480468750e-03
5.667807534337043762e-03
5.487156100571155548e-03
5.034212954342365265e-03
4.822255112230777740e-03
4.581896588206291199e-03
4.693617578595876694e-03
4.954989533871412277e-03
4.794446751475334167e-03
6.137272808700799942e-03
7.445953320711851120e-03
8.585289120674133301e-03
9.430917911231517792e-03
1.169171556830406189e-02
1.259104255586862564e-02
1.259488891810178757e-02
1.137331500649452209e-02
6.995460018515586853e-03
4.378319252282381058e-03
4.858332395087927580e-04
-5.303962389007210732e-04
1.030249986797571182e-02
2.207724191248416901e-02
2.993675693869590759e-02
3.661908954381942749e-02
4.266791790723800659e-02
2.381923608481884003e-02
6.272915005683898926e-02
1.262432634830474854e-01
6.041359901428222656e-02
5.984737724065780640e-02
-1.133207976818084717e-01
-1.606389433145523071e-01
5.778276547789573669e-02
2.108289673924446106e-02
-2.809192799031734467e-02
5.797280743718147278e-02
5.682562477886676788e-03
-9.215921163558959961e-02
-2.967222034931182861e-02
-3.148807585239410400e-02
3.243996296077966690e-03
7.613084279000759125e-03
1.502225082367658615e-02
1.167342159897089005e-02
8.292283862829208374e-03
6.917355582118034363e-03
3.568307030946016312e-03
6.575587205588817596e-03
7.723119109869003296e-03
7.133631501346826553e-03
6.563481409102678299e-03
8.095016703009605408e-03
8.162446320056915283e-03
8.016712032258510590e-03
7.993695326149463654e-03
6.777723785489797592e-03
6.617816630750894547e-03
5.683941766619682312e-03
5.088627338409423828e-03
4.490520339459180832e-03
3.819309640675783157e-03
3.626725869253277779e-03
2.988365013152360916e-03
2.571938792243599892e-03
2.031110692769289017e-03
1.845899503678083420e-03
1.328212907537817955e-03
1.088113640435039997e-03
7.594148046337068081e-04
4.845771181862801313e-04
1.632393395993858576e-04
-7.069613639032468200e-05
-2.114745147991925478e-04
-3.529304231051355600e-04
-3.990829864051192999e-04
-4.745782935060560703e-04
-5.981596186757087708e-04
-4.252101352903991938e-04
-5.788681446574628353e-04
-5.419747903943061829e-04
-4.359060258138924837e-04
-3.730116877704858780e-04
-3.072166000492870808e-04
-1.954434555955231190e-04
-1.464047672925516963e-04
-4.352864925749599934e-05
1.268900377908721566e-04
6.469981599366292357e-05
1.631829363759607077e-04
1.864596415543928742e-04
4.052281437907367945e-04
3.637905756477266550e-04
4.791865940205752850e-04
4.101106896996498108e-04
5.016847862862050533e-04
6.051044329069554806e-04
6.251293816603720188e-04
5.541466525755822659e-04
6.050307420082390308e-04
6.764861172996461391e-04
5.467723240144550800e-04
6.595319719053804874e-04
6.110177491791546345e-04
5.992440273985266685e-04
6.379698752425611019e-04
5.033155903220176697e-04
5.372983869165182114e-04
5.353542510420084000e-04
3.962811024393886328e-04
5.084426375105977058e-04
3.908644430339336395e-04
4.239785484969615936e-04
4.068613925483077765e-04
4.233332001604139805e-04
3.275291819591075182e-04
3.076903522014617920e-04
2.073800569633021951e-04
2.630555827636271715e-04
1.685171300778165460e-04
2.075253287330269814e-04
1.835173607105389237e-04
1.653791841818019748e-04
1.437017344869673252e-04
2.051193441729992628e-04
1.019609771901741624e-04
6.569450488314032555e-05
1.087600394384935498e-04
1.467046531615778804e-04
5.546489774133078754e-05
3.952396218664944172e-05
1.342876021226402372e-05
4.459186311578378081e-05
1.326015335507690907e-04
4.531824743025936186e-05
8.004222763702273369e-05
3.170039781252853572e-05
7.604913844261318445e-05
8.890940807759761810e-05
8.442634134553372860e-05
8.372149750357493758e-05
8.567033364670351148e-05
9.081575262825936079e-05
5.554545350605621934e-05
3.666534757940098643e-05
6.267686694627627730e-05
2.628658330650068820e-05
1.189484682981856167e-04
1.967035059351474047e-04
9.773142664926126599e-05
1.519298821222037077e-04
1.196539524244144559e-04
1.466352550778537989e-04
2.078751713270321488e-04
1.011550193652510643e-04
2.462541451677680016e-04
1.954788021976128221e-04
1.856219460023567080e-04
2.240089670522138476e-04
2.441937685944139957e-04
2.148921485058963299e-04
2.111620560754090548e-04
2.439539384795352817e-04
2.996710536535829306e-04
2.341102663194760680e-04
1.796687429305166006e-04
1.740827137837186456e-04
1.778642326826229692e-04
2.062123676296323538e-04
2.330455899937078357e-04
2.160749136237427592e-04
2.372751914663240314e-04
1.710990618448704481e-04
1.956857013283297420e-04
2.296060411026701331e-04
2.516218228265643120e-04
2.362111845286563039e-04
2.312553988303989172e-04
1.384019706165418029e-04
1.885304809547960758e-04
1.814965653466060758e-04
2.087522589135915041e-04
1.494824973633512855e-04
1.663020666455850005e-04
1.839287288021296263e-04
1.908084523165598512e-04
2.160250587621703744e-04
2.137857081834226847e-04
1.756864658091217279e-04
2.061113918898627162e-04
1.777624129317700863e-04
1.335815904894843698e-04
1.529048022348433733e-04
1.395944855175912380e-04
1.968236902030184865e-04
1.615394867258146405e-04
9.987990779336541891e-05
9.093636617762967944e-05
1.634553336771205068e-04
1.590779575053602457e-04
2.250771067338064313e-04
1.157443693955428898e-04
1.030085768434219062e-04
1.000783886411227286e-04
9.103981574298813939e-05
8.742423233343288302e-05
1.387290394632145762e-04
1.279421703657135367e-04
5.163443711353465915e-05
1.053496162057854235e-04
7.645671576028689742e-05
5.624706682283431292e-05
6.718283839290961623e-05
6.151886191219091415e-05
2.317263715667650104e-05
1.102581736631691456e-04
4.858113243244588375e-05
1.167913251265417784e-05
3.987894888268783689e-05
8.158353011822327971e-05
3.700646630022674799e-05
3.529323294060304761e-05
1.915420216391794384e-05
3.880962685798294842e-05
4.555150735541246831e-05
2.413182846794370562e-05
5.642901669489219785e-05
8.144040293700527400e-06
3.368315447005443275e-05
8.290069672511890531e-06
3.873517562169581652e-05
2.308236980752553791e-05
4.876593811786733568e-05
