-3.962558403145521879e-04
-2.313058357685804367e-04
6.417275290004909039e-04
1.064783355104736984e-04
4.992093890905380249e-04
-1.488431124016642570e-03
-8.265310316346585751e-04
-1.082804170437157154e-03
-7.000864134170114994e-04
-5.643567419610917568e-04
-5.545209278352558613e-04
-6.657909252680838108e-04
-8.308731485158205032e-04
-1.122262445278465748e-03
2.532963408157229424e-04
-9.769367752596735954e-04
-3.588466206565499306e-04
-1.622716954443603754e-04
6.600013148272410035e-05
3.199405036866664886e-04
-7.810993702150881290e-04
-8.235672721639275551e-04
4.745833575725555420e-04
5.563199520111083984e-04
-1.768411493685562164e-05
-8.444620179943740368e-04
-4.438736068550497293e-04
4.797217261511832476e-04
5.909306928515434265e-04
-5.696912994608283043e-04
6.543032941408455372e-04
-1.608787220902740955e-03
-5.515253869816660881e-04
-7.153226761147379875e-04
7.536934845120413229e-06
-4.257023392710834742e-04
-1.011420041322708130e-03
-2.964414015877991915e-04
5.572175723500549793e-04
-3.064934280700981617e-04
-1.541479141451418400e-03
-7.762127788737416267e-04
-5.535208620131015778e-04
-7.149497396312654018e-04
-2.644739579409360886e-04
-4.184856370557099581e-04
-9.955008135875687003e-05
-1.807582011679187417e-04
-1.113578327931463718e-03
-1.032670028507709503e-03
-3.907710197381675243e-04
-1.134903635829687119e-03
-8.651362149976193905e-04
-1.591093023307621479e-03
-4.151480970904231071e-04
-9.322968980995938182e-05
-4.218584508635103703e-04
-4.107378481421619654e-04
-3.294514608569443226e-04
-3.062001778744161129e-04
-3.743346023838967085e-04
-3.217220946680754423e-04
-1.440068008378148079e-03
-9.422508883289992809e-04
-3.529592941049486399e-04
-1.283475779928267002e-03
-1.026832149364054203e-03
-8.455001516267657280e-04
-3.811327042058110237e-04
-1.081066657206974924e-04
-5.698854802176356316e-04
-4.870272241532802582e-04
-8.547242032364010811e-04
-6.882094894535839558e-04
-1.550187589600682259e-04
-5.256928852759301662e-04
1.943790121003985405e-04
-7.890427368693053722e-04
-7.280829595401883125e-04
-6.796094239689409733e-04
-1.258404576219618320e-03
-1.084920484572649002e-03
-1.230941736139357090e-03
-8.056486840359866619e-04
-6.323822890408337116e-04
-5.495852092280983925e-04
-1.113383113988675177e-04
-1.050535589456558228e-03
-9.281613165512681007e-04
-8.885390707291662693e-04
-3.267017018515616655e-04
-3.347403253428637981e-04
-6.860957946628332138e-04
-1.085133524611592293e-03
-5.491605261340737343e-04
-4.700515128206461668e-04
-3.518782032188028097e-04
-3.346366866026073694e-04
-4.617225786205381155e-04
-6.143253413029015064e-04
-4.429357068147510290e-04
-1.325093558989465237e-03
-1.382985268719494343e-03
-8.263588097179308534e-05
-7.474942249245941639e-04
-1.057595829479396343e-03
-7.760655716992914677e-04
-5.215989658609032631e-04
-2.679284079931676388e-04
-6.390794878825545311e-04
-6.641621585004031658e-04
-7.739507127553224564e-04
-6.625088863074779510e-04
-7.573259645141661167e-04
-8.529647602699697018e-04
-8.361623622477054596e-04
-7.456628372892737389e-04
-6.694032344967126846e-04
-4.897548351436853409e-04
-7.944368408061563969e-04
-6.975617725402116776e-04
-6.806742167100310326e-04
-9.731901227496564388e-04
-7.320791482925415039e-04
-4.648093890864402056e-04
-3.041875024791806936e-04
-6.521529285237193108e-04
-2.356556215090677142e-04
-5.518877296708524227e-04
-1.098411506973206997e-03
-3.522998886182904243e-04
-8.831693558022379875e-04
-1.142705674283206463e-03
-6.756320362910628319e-04
-4.565441922750324011e-04
-8.435130584985017776e-04
-5.174717516638338566e-04
-8.920095860958099365e-04
-9.781302651390433311e-04
-7.436420419253408909e-04
-8.203015313483774662e-04
-3.355327644385397434e-04
-7.838393794372677803e-04
-1.963040413102135062e-04
-3.009639331139624119e-04
-8.219411829486489296e-04
-6.417547701857984066e-04
-6.718331133015453815e-04
-4.053797601955011487e-05
1.429601397830992937e-04
-5.989135024719871581e-05
-8.399201033171266317e-05
-2.551027282606810331e-04
-1.340769376838579774e-04
1.258351985597983003e-04
7.010478293523192406e-04
2.914618002250790596e-03
7.635787595063447952e-03
1.156326290220022202e-02
1.658752560615539551e-02
2.340151369571685791e-02
3.324715420603752136e-02
3.659619763493537903e-02
4.019290581345558167e-02
4.756693914532661438e-02
5.685688927769660950e-02
6.174710765480995178e-02
7.019896060228347778e-02
7.550217956304550171e-02
9.007037431001663208e-02
9.829767048358917236e-02
1.089693009853363037e-01
1.192042380571365356e-01
1.264720410108566284e-01
1.399222463369369507e-01
1.452783346176147461e-01
1.616252511739730835e-01
1.638706624507904053e-01
1.699553132057189941e-01
1.762019842863082886e-01
1.786538660526275635e-01
1.785862892866134644e-01
1.803378164768218994e-01
1.778655201196670532e-01
1.741974502801895142e-01
1.649611443281173706e-01
1.569373756647109985e-01
1.405044198036193848e-01
1.310215592384338379e-01
1.126474961638450623e-01
9.265601634979248047e-02
8.099818974733352661e-02
6.229776516556739807e-02
5.073832347989082336e-02
4.183881357312202454e-02
4.012754932045936584e-02
3.076813742518424988e-02
2.549128048121929169e-02
1.119162235409021378e-02
1.208749413490295410e-02
4.187677695881575346e-04
1.008007093332707882e-04
3.959997775382362306e-05
2.286263224959839135e-05
-1.074069878086447716e-04
-3.034162509720772505e-04
-2.675561117939651012e-04
1.595093199284747243e-04
-1.058251364156603813e-04
7.505468965973705053e-05
-2.231027319794520736e-04
-1.525102270534262061e-04
4.006084054708480835e-04
3.935658896807581186e-04
-5.823619721923023462e-05
-1.815210998756811023e-04
1.306773192482069135e-04
-1.257206313312053680e-04
-3.056146961171180010e-04
-2.292908611707389355e-04
-3.453025419730693102e-05
1.414059952367097139e-04
-4.082895175088196993e-04
-2.357648336328566074e-04
2.549291821196675301e-05
-5.226587745710276067e-05
-2.211105747846886516e-04
-9.231128933606669307e-05
-1.628980244277045131e-04
-2.394303883193060756e-04
-2.350036229472607374e-04
1.282166049350053072e-04
-2.333560987608507276e-04
-4.554465704131871462e-04
-1.763070613378658891e-04
-5.576399780693463981e-05
-6.232558371266350150e-05
-2.913099306169897318e-04
-3.050038358196616173e-04
-1.815069990698248148e-04
-2.500234695617109537e-04
-2.303096262039616704e-04
-1.576434588059782982e-04
-1.033697990351356566e-04
-1.600309187779203057e-04
-1.192337877000682056e-04
-1.130622767959721386e-04
-1.208935791510157287e-04
-2.164039033232256770e-04
-1.120331362471915781e-04
-3.845868341159075499e-04
-1.946049887919798493e-04
-1.027542530209757388e-04
-3.281870740465819836e-04
-2.316366153536364436e-04
1.067955890903249383e-04
-2.276517479913309216e-04
-2.800713409669697285e-04
-3.164291556458920240e-04
-1.615679211681708694e-04
5.596208939095959067e-05
-1.650511512707453221e-05
-2.609775692690163851e-04
-4.109853180125355721e-04
-3.240203077439218760e-04
-1.347317884210497141e-04
-5.084001459181308746e-04
-1.436579768778756261e-04
-3.919236769434064627e-04
-5.250541144050657749e-04
-2.063177525997161865e-04
-2.737246177275665104e-05
-4.597466322593390942e-04
-4.991693422198295593e-04
-3.813966468442231417e-04
-4.023148503620177507e-04
2.416539646219462156e-04
5.549544766836334020e-06
-1.646799355512484908e-04
-4.262257425580173731e-04
-1.533397153252735734e-05
1.495481265010312200e-04
-2.948651090264320374e-04
-3.120568289887160063e-04
2.130644716089591384e-04
6.786500307498499751e-05
3.721674729604274035e-04
-2.981693833135068417e-04
-3.695047053042799234e-04
-1.170331233879551291e-04
-2.319898048881441355e-04
-2.583815075922757387e-04
-4.352860851213335991e-04
-1.782934996299445629e-04
-6.049718940630555153e-04
-6.779490504413843155e-04
-4.739085270557552576e-04
-2.193832915509119630e-04
-1.032809959724545479e-03
-7.186688017100095749e-04
-9.846220491454005241e-04
-5.245997454039752483e-04
-5.316920578479766846e-04
-9.730727761052548885e-04
-1.197215518914163113e-03
-1.660366397118195891e-04
-5.556541145779192448e-04
-4.241606511641293764e-04
-5.977030959911644459e-04
-6.211440777406096458e-04
-9.765428840182721615e-04
-2.624541812110692263e-04
-8.865644922479987144e-04
-9.641050128266215324e-04
-3.795964876189827919e-04
-5.439624073915183544e-04
-6.154135917313396931e-04
-8.786174585111439228e-04
-7.835982833057641983e-04
-2.840677916537970304e-04
-1.161470077931880951e-03
-6.810637423768639565e-04
-6.703472463414072990e-04
-9.725153213366866112e-04
-5.905845318920910358e-04
-6.563453353010118008e-04
-1.385617069900035858e-03
-8.889146265573799610e-04
-3.477156278677284718e-04
-3.688015567604452372e-04
-4.891141434200108051e-04
-7.955806213431060314e-04
-1.117736450396478176e-03
-1.086411066353321075e-03
-2.643321640789508820e-04
-1.003329525701701641e-03
-1.426515867933630943e-03
-6.358324899338185787e-04
-8.137143449857831001e-04
-6.981376791372895241e-04
-7.078829803504049778e-04
-5.729884142056107521e-04
-4.331947420723736286e-04
-1.306540681980550289e-03
-6.096711149439215660e-04
2.192043757531791925e-05
-1.675335515756160021e-04
-4.717738556792028248e-05
-4.960833466611802578e-04
-1.388879492878913879e-03
-3.417319385334849358e-04
-9.928842773661017418e-04
-2.727019891608506441e-04
-8.885223651304841042e-04
-1.043084921548143029e-04
-5.860187229700386524e-05
-3.571823181118816137e-04
-7.735986146144568920e-04
2.485871082171797752e-04
-5.801263614557683468e-04
-9.332047775387763977e-04
-2.204577031079679728e-04
2.226158358098473400e-05
-9.195213788188993931e-04
-1.111131045036017895e-03
-7.959599606692790985e-04
-6.902994355186820030e-04
-8.040711400099098682e-04
3.478093276498839259e-06
-7.166499854065477848e-04
-4.534891631919890642e-04
5.326215759851038456e-04
-3.702446747411158867e-06
4.136595525778830051e-04
-7.942618685774505138e-04
2.200116286985576153e-04
-5.576330004259943962e-04
-9.884786559268832207e-04
-1.725667534628883004e-04
-1.136430510086938739e-04
-7.230366463772952557e-04
-9.493901743553578854e-04
-5.450112512335181236e-04
6.588921532966196537e-04
5.523493164218962193e-04
-5.958732799626886845e-04
-5.512539064511656761e-04
-6.054816185496747494e-04
-2.839576627593487501e-04
-5.516396486200392246e-04
-5.155671387910842896e-04
-8.570545469410717487e-04
3.965807845816016197e-04
-1.744212931953370571e-04
-1.219949219375848770e-03
1.437612954759970307e-04
-1.951227568497415632e-05
-6.306086434051394463e-04
-6.960549508221447468e-04
-6.908563664183020592e-04
-1.358486915705725551e-04
