6.250089063541963696e-05
-2.796922577545046806e-03
-2.494265092536807060e-03
-3.420222550630569458e-03
1.533018425107002258e-03
7.206356385722756386e-04
-3.916733898222446442e-03
-1.200848608277738094e-03
-2.634478732943534851e-03
1.001484971493482590e-02
-8.115127682685852051e-03
-1.259082346223294735e-03
-4.217500798404216766e-03
-2.678780583664774895e-03
-3.963199909776449203e-03
-6.946022622287273407e-03
-8.444613777101039886e-03
-1.127673126757144928e-02
-2.700560260564088821e-03
-2.284837188199162483e-03
-2.707317238673567772e-03
-3.530730959028005600e-03
-1.516038924455642700e-02
-7.252014707773923874e-03
-4.057444632053375244e-03
-6.948279682546854019e-03
-6.829408812336623669e-04
-3.859933000057935715e-03
-3.213290357962250710e-03
-6.740724667906761169e-03
-4.438209813088178635e-03
-6.520383525639772415e-03
-1.333685475401580334e-03
-2.222029259428381920e-03
-1.967798219993710518e-03
-9.009865112602710724e-03
-1.072874292731285095e-03
-2.966795302927494049e-02
-6.765861064195632935e-03
-5.766020622104406357e-03
-5.753880832344293594e-03
-4.361636471003293991e-03
-7.709211669862270355e-03
-3.559385659173130989e-03
-9.516197256743907928e-03
-1.258617639541625977e-02
-5.540237296372652054e-03
-7.502467837184667587e-03
-8.987050503492355347e-03
-1.332203950732946396e-02
-5.485787522047758102e-03
-8.368893526494503021e-03
-1.267659571021795273e-02
-1.119954977184534073e-02
-3.538395510986447334e-03
-4.052563570439815521e-03
-2.982176607474684715e-03
-5.278513766825199127e-03
-1.345610432326793671e-02
-8.344457484781742096e-03
-9.105761535465717316e-03
-1.585166901350021362e-02
-8.861374109983444214e-03
-1.363541837781667709e-02
2.388538327068090439e-03
-6.020339671522378922e-03
-5.833966657519340515e-03
2.026784000918269157e-03
-3.639724105596542358e-03
-1.333773951046168804e-03
-6.824617739766836166e-03
-9.665757417678833008e-03
3.086538519710302353e-03
-4.296424239873886108e-02
-7.357630413025617599e-03
-1.908684894442558289e-02
-3.351715626195073128e-03
2.515211328864097595e-02
-1.784364879131317139e-02
8.476299233734607697e-03
3.157910425215959549e-03
-6.730028428137302399e-03
-7.658879738301038742e-03
-1.174717326648533344e-03
-8.567291311919689178e-03
-4.923163796775043011e-04
-5.858604330569505692e-03
-2.458498114719986916e-03
8.903743699193000793e-03
3.512787225190550089e-05
5.514238961040973663e-03
-3.722068620845675468e-03
2.589749637991189957e-03
-1.036996953189373016e-02
1.057832315564155579e-02
-1.082416530698537827e-02
-4.109147470444440842e-03
-7.925910758785903454e-04
9.100673487409949303e-04
-2.553237369284033775e-03
4.304466769099235535e-03
4.332038806751370430e-04
-9.194022975862026215e-03
2.800610382109880447e-03
-1.231538481079041958e-03
3.498540725558996201e-03
1.949385739862918854e-03
1.738153398036956787e-02
5.162016302347183228e-02
1.704069040715694427e-02
1.339461188763380051e-02
-1.471490506082773209e-02
5.610124208033084869e-03
3.691714722663164139e-03
7.324004545807838440e-03
2.578747272491455078e-02
5.614221561700105667e-03
-3.825878724455833435e-03
-1.798828691244125366e-02
2.108329907059669495e-03
1.986071094870567322e-02
-8.897146210074424744e-03
1.337369903922080994e-03
1.571694738231599331e-03
1.106352265924215317e-02
4.866219125688076019e-03
1.693529635667800903e-02
1.032019592821598053e-02
-1.580744422972202301e-02
-1.204024534672498703e-03
1.147532835602760315e-02
1.290958467870950699e-02
-2.020925655961036682e-02
1.271715853363275528e-02
5.576954223215579987e-03
-2.210055664181709290e-02
-1.155226957052946091e-02
-1.018365006893873215e-02
-1.284507103264331818e-02
-1.273110322654247284e-02
1.023952756077051163e-02
-1.573288068175315857e-02
1.552969450131058693e-03
5.188278108835220337e-02
-2.177454158663749695e-02
-1.388006191700696945e-02
-9.500272572040557861e-03
8.955786935985088348e-03
-1.397274550981819630e-03
2.778556197881698608e-02
-1.081051584333181381e-02
2.044023247435688972e-03
-3.238536301068961620e-04
-5.924087599851191044e-04
-1.535581238567829132e-02
1.959316796273924410e-05
-4.092800617218017578e-02
-2.134773507714271545e-02
-2.903376473113894463e-03
3.713057190179824829e-02
1.942531578242778778e-02
1.471244171261787415e-02
4.709758237004280090e-02
1.212676521390676498e-02
-2.358219400048255920e-02
1.681760326027870178e-02
3.246402367949485779e-02
-1.686257496476173401e-02
2.007845230400562286e-02
1.797304954379796982e-03
4.069674015045166016e-02
-2.084325812757015228e-02
-3.270459920167922974e-02
1.099381130188703537e-02
2.982670068740844727e-02
-7.429274264723062515e-03
5.357227846980094910e-02
2.063526399433612823e-02
2.856256254017353058e-02
-3.018771111965179443e-02
7.016937714070081711e-03
5.441304296255111694e-03
-2.334421034902334213e-03
5.859755352139472961e-02
2.491274476051330566e-02
-1.373762357980012894e-02
-5.496228858828544617e-02
4.268953204154968262e-02
3.948530554771423340e-02
-9.052454493939876556e-03
5.718004330992698669e-02
1.179263833910226822e-02
4.110526666045188904e-02
-2.703267894685268402e-02
-6.888885796070098877e-02
-2.626357041299343109e-02
-3.929862007498741150e-02
4.788323491811752319e-02
1.107638422399759293e-02
-3.846156969666481018e-02
-8.016561716794967651e-02
-2.444240078330039978e-02
-5.983974784612655640e-02
-2.918280661106109619e-02
5.783025547862052917e-02
-4.486388713121414185e-02
-1.122379377484321594e-01
7.553673535585403442e-02
-9.454244375228881836e-02
-3.693263279274106026e-03
-4.737801849842071533e-03
-7.537172175943851471e-03
-2.243406511843204498e-02
1.436886377632617950e-02
2.949707955121994019e-02
-1.791140995919704437e-02
-2.921898663043975830e-02
6.123038008809089661e-02
-2.409481629729270935e-02
-2.922009862959384918e-02
1.048189820721745491e-03
-6.189751625061035156e-02
3.391773626208305359e-02
2.399847470223903656e-02
-2.604913711547851562e-02
8.168080821633338928e-03
-1.052536536008119583e-03
-5.030066519975662231e-02
-3.607959672808647156e-02
3.077144734561443329e-02
2.021243050694465637e-02
4.535677284002304077e-02
-3.030028007924556732e-02
3.756077727302908897e-03
-2.467780187726020813e-02
-7.424793671816587448e-03
1.885277219116687775e-02
2.029799856245517731e-02
2.672350592911243439e-02
-1.987801119685173035e-02
2.242913324153050780e-04
-2.710745669901371002e-02
-2.614440955221652985e-02
7.246423978358507156e-03
1.099188067018985748e-02
-1.500724162906408310e-02
-1.009861193597316742e-02
-1.749977469444274902e-02
-2.798549085855484009e-02
3.453158587217330933e-02
-8.579742163419723511e-03
1.653070189058780670e-02
8.624078705906867981e-03
1.312892709393054247e-04
2.867572242394089699e-03
5.189242772758007050e-03
9.754736907780170441e-03
9.239056147634983063e-03
-1.039898302406072617e-02
-1.314946915954351425e-02
-1.356713101267814636e-02
-2.056738547980785370e-02
-1.282871700823307037e-02
-4.161060322076082230e-03
1.472582388669252396e-02
-2.647510729730129242e-02
5.308122839778661728e-03
-1.280681462958455086e-03
-2.488165628165006638e-04
-3.316332399845123291e-02
1.396077685058116913e-03
-6.531892344355583191e-03
5.850883200764656067e-03
-1.041529700160026550e-02
-5.504993721842765808e-03
-1.364351995289325714e-02
-1.777576468884944916e-02
-4.421511664986610413e-03
-6.360367685556411743e-02
-1.248535886406898499e-02
-7.498102728277444839e-03
2.221721783280372620e-02
-3.538849065080285072e-03
-1.920634508132934570e-02
-3.274833550676703453e-03
2.011354081332683563e-03
-4.361176863312721252e-03
3.520591999404132366e-04
4.171941429376602173e-03
2.162840915843844414e-03
-1.469837408512830734e-02
-4.349623341113328934e-03
-9.926856495440006256e-03
9.026965126395225525e-03
-3.956475295126438141e-03
-9.847884997725486755e-03
-1.092878077179193497e-02
-1.333879772573709488e-03
-1.043432205915451050e-02
-5.508417263627052307e-03
1.478507835417985916e-02
-4.430014640092849731e-03
-3.410804085433483124e-03
9.179440326988697052e-03
-1.440612878650426865e-02
-1.774264313280582428e-02
-7.499600294977426529e-03
6.588772404938936234e-03
1.322468742728233337e-02
-6.824508309364318848e-03
-6.591660901904106140e-03
5.412094295024871826e-03
7.712500635534524918e-03
-3.560968860983848572e-02
6.159352604299783707e-03
-3.813134040683507919e-03
-5.393708124756813049e-03
-6.364782806485891342e-03
-1.035578176379203796e-02
-1.065886300057172775e-02
-4.211059585213661194e-02
-1.898888684809207916e-02
2.671097405254840851e-02
-7.913639768958091736e-03
-8.741761557757854462e-03
-2.083277940982952714e-04
-1.140765473246574402e-02
-7.281835656613111496e-03
-1.386545971035957336e-02
-9.496837854385375977e-03
-1.282682828605175018e-02
-1.413071760907769203e-03
8.701348677277565002e-03
-1.130162272602319717e-02
-7.821079343557357788e-03
-7.022381760179996490e-03
-9.837697260081768036e-03
-8.265699143521487713e-04
-2.374904928728938103e-03
-1.122395228594541550e-02
-1.223485637456178665e-02
-6.519774440675973892e-03
1.116097439080476761e-03
-1.409552711993455887e-02
-1.147215161472558975e-02
-9.241116233170032501e-03
-7.896819151937961578e-03
-1.166848372668027878e-02
-9.801047854125499725e-03
-7.363689132034778595e-03
-8.666496723890304565e-03
-2.201548032462596893e-02
-1.381421461701393127e-02
-1.635314337909221649e-02
-6.484472658485174179e-03
-5.552341695874929428e-03
-4.813338164240121841e-03
-5.274071823805570602e-03
-3.968990873545408249e-03
-5.157730542123317719e-03
-5.329957231879234314e-03
-5.844379309564828873e-03
-4.750827327370643616e-03
1.035917922854423523e-02
-2.633631229400634766e-03
-3.869380801916122437e-03
-4.760976880788803101e-03
-1.029257103800773621e-02
-5.802379921078681946e-03
-7.368244696408510208e-03
1.190694631077349186e-03
-4.889260977506637573e-02
-1.090238988399505615e-02
-1.075838506221771240e-02
-7.932024076581001282e-03
-4.979402758181095123e-03
-7.723961025476455688e-03
-6.135289557278156281e-03
-1.070152223110198975e-02
-6.133199203759431839e-03
-6.415725685656070709e-03
-4.801956471055746078e-03
-6.506045348942279816e-03
-3.862704848870635033e-03
-6.865110248327255249e-03
-4.261683672666549683e-03
-4.019817803055047989e-03
-9.074467234313488007e-03
-1.162117719650268555e-02
-8.315935265272855759e-04
-7.023932412266731262e-03
-2.459305804222822189e-03
-6.311738863587379456e-03
-4.447616636753082275e-03
-5.860231351107358932e-03
-3.966690041124820709e-03
-4.051305353641510010e-03
1.160429604351520538e-02
-3.068723017349839211e-03
-3.221046645194292068e-03
4.502280149608850479e-03
