-2.476499415934085846e-03
-4.902898799628019333e-03
1.450521405786275864e-03
-1.132612209767103195e-02
-4.414318129420280457e-03
4.463816061615943909e-03
-6.950221631996100768e-06
-6.905371556058526039e-04
2.185875549912452698e-03
-4.200859460979700089e-03
3.602628363296389580e-03
1.497757737524807453e-03
1.961420523002743721e-03
4.879304673522710800e-03
-1.176519086584448814e-03
-2.615966834127902985e-03
-2.038573147729039192e-04
-1.032195240259170532e-02
-1.164861489087343216e-03
1.158244675025343895e-03
1.266299514099955559e-03
6.082860054448246956e-04
6.781120784580707550e-03
-2.220883616246283054e-04
1.523670740425586700e-03
1.580225187353789806e-03
7.140491623431444168e-03
3.518900601193308830e-03
2.629129914566874504e-03
-2.859954256564378738e-03
2.892279997467994690e-02
1.631747372448444366e-02
2.104330807924270630e-03
2.931395079940557480e-03
5.280002951622009277e-03
1.541008939966559410e-03
8.541505667380988598e-04
3.104776376858353615e-03
1.330375787802040577e-03
4.835537634789943695e-03
2.472090767696499825e-03
4.673650953918695450e-03
5.331979482434689999e-04
7.156387437134981155e-03
1.934287953190505505e-03
7.659526541829109192e-03
8.235346525907516479e-03
1.559327542781829834e-02
6.892281118780374527e-03
8.074555546045303345e-03
3.548701992258429527e-03
-4.967575659975409508e-04
4.798199050128459930e-03
5.027547944337129593e-03
-1.554524526000022888e-03
3.352158516645431519e-02
9.076021611690521240e-03
5.787462927401065826e-03
1.646393910050392151e-03
1.733220648020505905e-03
1.757707330398261547e-03
1.978019438683986664e-02
8.131861686706542969e-03
2.851992030628025532e-04
2.132342197000980377e-03
7.112102583050727844e-03
-1.087224949151277542e-02
-8.072474971413612366e-03
3.084368072450160980e-03
2.670855028554797173e-03
2.902235370129346848e-03
-1.654754742048680782e-03
4.764155950397253036e-03
3.686520736664533615e-03
-9.621025528758764267e-04
3.530198242515325546e-03
1.886296784505248070e-03
4.611486569046974182e-03
6.238193716853857040e-03
5.689795129001140594e-03
6.822207476943731308e-03
6.220221053808927536e-03
2.831150544807314873e-03
-3.472329583019018173e-03
-2.152061322703957558e-03
-9.525884874165058136e-03
7.239622995257377625e-03
-8.719984441995620728e-03
-3.996373619884252548e-03
1.089701429009437561e-02
4.173797555267810822e-03
8.724621497094631195e-03
-8.984695887193083763e-04
6.933291908353567123e-03
-1.430643815547227859e-02
-1.630866783671081066e-03
3.806065768003463745e-03
-2.481918490957468748e-04
1.361794886179268360e-03
5.414014216512441635e-03
-2.106765285134315491e-03
6.082572974264621735e-03
4.209527745842933655e-03
2.775616711005568504e-03
5.294544971548020840e-04
-7.621121592819690704e-03
2.918420126661658287e-03
8.141736499965190887e-03
2.016321057453751564e-03
-8.436466567218303680e-03
-6.595340091735124588e-03
9.722493123263120651e-04
9.274091571569442749e-03
-2.325998991727828979e-02
5.909850820899009705e-03
-1.915853843092918396e-02
-2.804884687066078186e-03
7.756706792861223221e-03
2.792767249047756195e-03
-5.628908053040504456e-03
4.571197088807821274e-03
-6.535264197736978531e-03
-5.316392052918672562e-03
1.674614660441875458e-02
-2.111761365085840225e-03
5.796825047582387924e-03
5.292812362313270569e-03
2.165336394682526588e-03
-9.924526093527674675e-04
1.484514214098453522e-02
7.075191009789705276e-03
-4.981303587555885315e-03
-9.267613058909773827e-04
-1.420081779360771179e-02
-9.106743149459362030e-03
-2.623393665999174118e-03
-1.590151339769363403e-02
9.856072254478931427e-03
-3.271152032539248466e-03
3.509165951982140541e-03
2.898652572184801102e-03
-2.530271885916590691e-04
-2.762110158801078796e-02
-1.421650871634483337e-02
2.059226855635643005e-02
-1.529676257632672787e-03
1.995282992720603943e-02
9.612289257347583771e-03
-4.944049753248691559e-03
-3.085894510149955750e-03
4.522763192653656006e-03
1.328744576312601566e-03
-3.146921098232269287e-02
-1.244338415563106537e-02
-6.373453070409595966e-04
-3.751366958022117615e-02
1.001243293285369873e-02
-2.129705436527729034e-02
-5.117202922701835632e-02
-2.627817355096340179e-02
-3.186570852994918823e-02
-1.886089215986430645e-03
-8.819090202450752258e-03
-1.529624126851558685e-02
-2.390654757618904114e-02
-2.210252918303012848e-02
-7.109690341167151928e-04
-2.310398034751415253e-02
-3.080496191978454590e-02
-1.068361289799213409e-02
-2.817833609879016876e-02
-3.375652804970741272e-02
3.033192828297615051e-03
-3.311791643500328064e-02
-2.977063879370689392e-02
-2.918271813541650772e-03
-2.162420004606246948e-02
2.437349036335945129e-02
-2.755440771579742432e-02
-2.800747193396091461e-02
5.072621256113052368e-02
-2.396466769278049469e-02
-5.545872822403907776e-02
-5.357888061553239822e-03
-2.736137993633747101e-02
-6.886024028062820435e-02
-3.323679091408848763e-03
-2.752986922860145569e-02
-1.284916792064905167e-02
6.283279508352279663e-02
-7.409572601318359375e-02
-4.584741964936256409e-02
4.025709629058837891e-02
-6.508434563875198364e-02
-6.155190989375114441e-02
7.536552846431732178e-02
-8.375418186187744141e-02
5.522155761718750000e-02
5.728910118341445923e-02
-4.575582966208457947e-02
-8.456109091639518738e-03
2.775319106876850128e-02
2.306614816188812256e-02
1.308445073664188385e-02
5.755500867962837219e-02
6.427725404500961304e-02
6.616787053644657135e-03
6.186265032738447189e-03
-6.827334314584732056e-02
-1.507294643670320511e-02
-1.157165970653295517e-02
-7.440372556447982788e-02
-4.443693161010742188e-02
3.798464545980095863e-03
-1.290754135698080063e-02
3.197604045271873474e-02
-3.024662286043167114e-02
1.330010872334241867e-02
-5.329147446900606155e-03
-1.937083899974822998e-02
-6.019075587391853333e-02
-6.142292171716690063e-02
3.690545633435249329e-02
-4.718178138136863708e-02
1.334492769092321396e-02
-2.180351130664348602e-02
2.457888238131999969e-02
7.482716348022222519e-03
1.597603969275951385e-02
3.172096330672502518e-03
1.486973278224468231e-02
-1.026954501867294312e-02
-2.810701727867126465e-02
-1.743266172707080841e-02
-7.839252240955829620e-03
1.542017422616481781e-02
-1.571271196007728577e-02
-3.383212955668568611e-03
-9.496101178228855133e-03
-1.349895447492599487e-02
1.384111004881560802e-03
-3.502788022160530090e-03
-2.667698776349425316e-03
-3.095323778688907623e-02
-3.361450973898172379e-03
-3.181550651788711548e-02
-1.687469659373164177e-03
1.353822741657495499e-02
4.183744546025991440e-03
-1.440460886806249619e-02
-8.847862482070922852e-03
1.167421578429639339e-03
-2.180548198521137238e-02
-9.703923948109149933e-03
-1.085327565670013428e-02
-2.155047404812648892e-04
-1.525742118246853352e-03
-1.143865659832954407e-02
-7.079974282532930374e-03
-1.317018084228038788e-02
7.420511450618505478e-03
-7.754404214210808277e-05
7.076674955897033215e-05
2.836620621383190155e-02
-2.662344835698604584e-03
-5.229209549725055695e-03
-1.456430647522211075e-02
-5.366682074964046478e-03
-9.729848243296146393e-03
-3.517875447869300842e-03
5.709164310246706009e-03
4.410648252815008163e-03
3.316616872325539589e-03
6.036921404302120209e-03
-2.889403607696294785e-03
2.585288835689425468e-03
8.998199366033077240e-03
3.788531525060534477e-03
6.620107218623161316e-03
1.176680997014045715e-02
6.845022551715373993e-03
4.363209009170532227e-03
-2.498308895155787468e-03
-3.400308778509497643e-04
1.839925767853856087e-03
9.046075865626335144e-03
2.839307067915797234e-03
-8.129647001624107361e-03
1.870888518169522285e-03
-1.065945485606789589e-03
-4.981625359505414963e-03
1.906997896730899811e-02
6.132179871201515198e-03
5.355435889214277267e-03
1.080602314323186874e-02
1.268078852444887161e-02
1.718509569764137268e-02
-3.580276155844330788e-03
2.905132248997688293e-03
-5.310744512826204300e-03
2.342586172744631767e-03
8.033515885472297668e-03
3.505850618239492178e-04
7.686384487897157669e-04
9.781642584130167961e-04
-2.507616532966494560e-03
2.843584399670362473e-03
1.326767262071371078e-03
1.987823052331805229e-03
-2.721464261412620544e-03
-2.259060041978955269e-03
2.735808258876204491e-03
5.065579898655414581e-03
6.573692429810762405e-03
-2.541478490456938744e-03
5.621968302875757217e-03
3.198424587026238441e-03
2.474967332091182470e-04
3.589681582525372505e-03
-4.439080134034156799e-03
-9.542209096252918243e-03
-3.187008842360228300e-04
1.936257118359208107e-03
2.542357426136732101e-03
7.596773793920874596e-04
-1.130030490458011627e-02
8.797341142781078815e-04
-2.683260245248675346e-03
4.627628717571496964e-03
-2.926466520875692368e-03
-4.155528731644153595e-03
4.123628139495849609e-03
-2.604103647172451019e-03
-1.792514347471296787e-03
-1.158796134404838085e-03
-7.260948419570922852e-03
-2.316623227670788765e-03
-3.527359804138541222e-03
-2.999498881399631500e-02
-6.684191990643739700e-03
-2.309363335371017456e-03
-2.556909807026386261e-03
3.728850861079990864e-04
-9.121176786720752716e-03
-6.252015475183725357e-03
-4.060313571244478226e-03
-1.195416902191936970e-03
-1.385380048304796219e-03
-7.754597463645040989e-04
-4.492667037993669510e-03
-3.133221343159675598e-02
-6.297010928392410278e-03
-5.957424640655517578e-02
-7.380543742328882217e-03
3.486965224146842957e-02
2.323296794202178717e-04
-1.658867485821247101e-02
-1.507225818932056427e-02
-2.959395991638302803e-03
-7.829955779016017914e-03
1.054734550416469574e-02
1.750996918417513371e-03
8.316365070641040802e-03
-5.841600243002176285e-03
-1.920111104846000671e-02
-6.549118552356958389e-03
-3.877239767462015152e-03
4.556563217192888260e-04
-8.840852533467113972e-04
-1.638756878674030304e-02
-2.688977168872952461e-03
-1.480235718190670013e-03
-5.321132484823465347e-03
-2.460530493408441544e-03
2.919097058475017548e-02
3.358972899150103331e-04
-1.652279682457447052e-02
-3.259104909375309944e-03
-2.649914706125855446e-03
-6.877425126731395721e-03
-3.923770971596240997e-03
-1.670923084020614624e-03
1.568684354424476624e-03
-1.495100092142820358e-03
-5.731526296585798264e-03
1.030614948831498623e-03
2.587705850601196289e-03
1.067068311385810375e-03
-6.054444238543510437e-03
-1.479527214542031288e-03
-7.360703311860561371e-04
-1.907187327742576599e-02
-5.218989681452512741e-03
-4.976504947990179062e-03
7.135923486202955246e-03
5.797662772238254547e-03
-2.387200482189655304e-03
9.415912209078669548e-04
-5.073994863778352737e-03
4.468702245503664017e-04
1.469678594730794430e-03
