-8.180551230907440186e-05
-3.206661436706781387e-03
-2.294120844453573227e-03
-3.629654413089156151e-03
1.911661005578935146e-03
1.157482038252055645e-03
-4.264249932020902634e-03
-1.441446598619222641e-03
-3.252997295930981636e-03
1.175026223063468933e-02
-8.710292167961597443e-03
-1.077347900718450546e-03
-4.026028793305158615e-03
-2.785993041470646858e-03
-3.943109419196844101e-03
-7.227235473692417145e-03
-9.167620912194252014e-03
-1.188182551413774490e-02
-2.295031445100903511e-03
-2.134017180651426315e-03
-2.239741152152419090e-03
-2.967036562040448189e-03
-1.631387323141098022e-02
-7.783499080687761307e-03
-4.039717838168144226e-03
-7.549211848527193069e-03
5.128741759108379483e-05
-3.629467217251658440e-03
-2.973500872030854225e-03
-6.822920870035886765e-03
-4.187033046036958694e-03
-6.542681250721216202e-03
-3.925424534827470779e-04
-1.691751531325280666e-03
-1.492479932494461536e-03
-9.074181318283081055e-03
-3.992899437434971333e-04
-3.239687159657478333e-02
-7.314021699130535126e-03
-5.177143029868602753e-03
-5.809011869132518768e-03
-3.995292820036411285e-03
-7.539369631558656693e-03
-3.228615736588835716e-03
-9.267464280128479004e-03
-1.361466757953166962e-02
-4.759753588587045670e-03
-7.479653693735599518e-03
-9.066466242074966431e-03
-1.468432694673538208e-02
-5.241574719548225403e-03
-8.406599052250385284e-03
-1.326227840036153793e-02
-1.165924873203039169e-02
-2.785367425531148911e-03
-3.615641733631491661e-03
-2.703724894672632217e-03
-4.755330272018909454e-03
-1.434170827269554138e-02
-8.527355268597602844e-03
-9.969639591872692108e-03
-1.745291426777839661e-02
-9.222777560353279114e-03
-1.445766910910606384e-02
3.673899453133344650e-03
-6.242048926651477814e-03
-5.610359832644462585e-03
3.549890127032995224e-03
-3.160977503284811974e-03
-6.261813105084002018e-04
-6.524184718728065491e-03
-9.859450161457061768e-03
4.425835795700550079e-03
-4.716047272086143494e-02
-7.146630901843309402e-03
-2.067888900637626648e-02
-2.758764661848545074e-03
2.874103933572769165e-02
-2.001344785094261169e-02
1.003311201930046082e-02
4.300741944462060928e-03
-7.050705142319202423e-03
-8.400352671742439270e-03
-3.652163431979715824e-04
-9.745111688971519470e-03
-5.626078927889466286e-04
-5.884322337806224823e-03
-2.198582980781793594e-03
1.069689821451902390e-02
2.812307502608746290e-04
6.292088422924280167e-03
-4.768834915012121201e-03
3.194605931639671326e-03
-1.212894637137651443e-02
1.229452528059482574e-02
-1.229349989444017410e-02
-4.324664361774921417e-03
-7.003356004133820534e-04
1.018911483697593212e-03
-4.097274504601955414e-03
4.686859901994466782e-03
1.429556403309106827e-03
-1.091609429568052292e-02
2.877177437767386436e-03
-2.369778230786323547e-03
3.543793456628918648e-03
1.085398951545357704e-03
1.855265907943248749e-02
5.617359653115272522e-02
1.844821125268936157e-02
1.506521459668874741e-02
-1.763227209448814392e-02
5.808910820633172989e-03
3.624605247750878334e-03
7.037635426968336105e-03
2.972937747836112976e-02
5.882676690816879272e-03
-5.168056581169366837e-03
-2.108570747077465057e-02
2.351201139390468597e-03
2.307318523526191711e-02
-1.013018749654293060e-02
1.438737032003700733e-03
7.340989541262388229e-04
1.223785523325204849e-02
5.009828601032495499e-03
1.928172074258327484e-02
1.140510756522417068e-02
-1.812340691685676575e-02
-7.813017000444233418e-04
1.338254846632480621e-02
1.430383697152137756e-02
-2.402761764824390411e-02
1.548882573843002319e-02
6.497986149042844772e-03
-2.563840709626674652e-02
-1.246971916407346725e-02
-1.245739683508872986e-02
-1.383388135582208633e-02
-1.457162667065858841e-02
1.141477003693580627e-02
-1.763937436044216156e-02
1.664622337557375431e-03
5.923259258270263672e-02
-2.457574009895324707e-02
-1.680897921323776245e-02
-1.026038546115159988e-02
9.470461867749691010e-03
-1.972789410501718521e-03
3.195778653025627136e-02
-1.296301558613777161e-02
3.002604935318231583e-03
-9.145061485469341278e-04
1.618468959350138903e-04
-1.927097141742706299e-02
-1.737812563078477979e-04
-4.675100743770599365e-02
-2.408591285347938538e-02
-2.794016385450959206e-03
4.076161980628967285e-02
2.068386226892471313e-02
1.523627899587154388e-02
5.174202844500541687e-02
1.175071205943822861e-02
-2.607406862080097198e-02
1.731991954147815704e-02
3.460083901882171631e-02
-1.901218295097351074e-02
1.973103731870651245e-02
2.217797329649329185e-03
4.744597896933555603e-02
-2.282660640776157379e-02
-3.637000173330307007e-02
1.165622007101774216e-02
2.975998446345329285e-02
-1.107925828546285629e-02
5.696928501129150391e-02
2.112793549895286560e-02
2.968244068324565887e-02
-3.548578172922134399e-02
9.340208023786544800e-03
4.132715519517660141e-03
-1.804749597795307636e-03
6.195724755525588989e-02
2.589587122201919556e-02
-1.799059845507144928e-02
-5.985101684927940369e-02
4.217249527573585510e-02
4.436365887522697449e-02
-1.041604392230510712e-02
5.612676218152046204e-02
1.011737994849681854e-02
4.204464703798294067e-02
-2.317089773714542389e-02
-6.567977368831634521e-02
-3.142432123422622681e-02
-4.117953777313232422e-02
4.698166996240615845e-02
9.740374982357025146e-03
-3.489813581109046936e-02
-8.179830014705657959e-02
-1.953941024839878082e-02
-6.653183698654174805e-02
-2.899929508566856384e-02
5.718393623828887939e-02
-4.771218076348304749e-02
-1.137314885854721069e-01
8.116190135478973389e-02
-9.997534751892089844e-02
-5.077852401882410049e-03
-5.301282741129398346e-03
-9.222304448485374451e-03
-2.144038863480091095e-02
1.472280081361532211e-02
3.427620604634284973e-02
-1.861319132149219513e-02
-3.005228377878665924e-02
6.311199069023132324e-02
-2.429183945059776306e-02
-3.115933015942573547e-02
1.620575319975614548e-03
-6.813140958547592163e-02
3.729271888732910156e-02
2.624472603201866150e-02
-2.907917834818363190e-02
1.066773012280464172e-02
1.552297151647508144e-03
-5.501012504100799561e-02
-3.905551135540008545e-02
3.432330116629600525e-02
2.276930771768093109e-02
5.033741891384124756e-02
-3.412044048309326172e-02
5.872668232768774033e-03
-3.066695854067802429e-02
-7.102194242179393768e-03
2.110106311738491058e-02
2.302626334130764008e-02
2.961905486881732941e-02
-2.298776991665363312e-02
1.902158954180777073e-03
-3.213910013437271118e-02
-2.866425365209579468e-02
9.465242736041545868e-03
1.309283543378114700e-02
-1.686878874897956848e-02
-9.964404627680778503e-03
-1.886718347668647766e-02
-3.187283501029014587e-02
4.022307693958282471e-02
-1.102784834802150726e-02
2.105679176747798920e-02
1.166953518986701965e-02
2.181989140808582306e-03
3.863719059154391289e-03
4.908220376819372177e-03
1.123631000518798828e-02
1.131210662424564362e-02
-1.018197648227214813e-02
-1.374429650604724884e-02
-1.403189916163682938e-02
-2.400760725140571594e-02
-1.393397990614175797e-02
-3.517308039590716362e-03
1.868968829512596130e-02
-2.929438836872577667e-02
6.451047956943511963e-03
-7.924927049316465855e-04
6.886335322633385658e-04
-3.696042299270629883e-02
2.623632317408919334e-03
-7.127440534532070160e-03
7.459254004061222076e-03
-1.148067787289619446e-02
-6.353536155074834824e-03
-1.407056953758001328e-02
-1.871326752007007599e-02
-3.100620815530419350e-03
-7.009077817201614380e-02
-1.351775228977203369e-02
-7.466702256351709366e-03
2.554056420922279358e-02
-3.531170776113867760e-03
-2.096703276038169861e-02
-2.993499161675572395e-03
2.462244825437664986e-03
-5.170395597815513611e-03
9.708367870189249516e-04
5.158190615475177765e-03
2.901181811466813087e-03
-1.674539595842361450e-02
-5.155617371201515198e-03
-1.145627163350582123e-02
1.078714430332183838e-02
-4.038683138787746429e-03
-1.058827713131904602e-02
-1.183750946074724197e-02
-1.449721283279359341e-03
-1.210850384086370468e-02
-5.485048517584800720e-03
1.658293046057224274e-02
-4.406583961099386215e-03
-3.378038527444005013e-03
1.077422872185707092e-02
-1.563915237784385681e-02
-1.951290667057037354e-02
-8.422824554145336151e-03
8.183923549950122833e-03
1.521811448037624359e-02
-7.356925401836633682e-03
-7.228864822536706924e-03
7.043568883091211319e-03
9.430432692170143127e-03
-3.924535959959030151e-02
8.092327974736690521e-03
-3.660679562017321587e-03
-5.111224018037319183e-03
-6.120820529758930206e-03
-1.074265409260988235e-02
-1.084263063967227936e-02
-4.626336321234703064e-02
-2.104353904724121094e-02
3.090430609881877899e-02
-8.691205643117427826e-03
-9.241428226232528687e-03
7.264650776050984859e-04
-1.274096406996250153e-02
-6.758640985935926437e-03
-1.522654388099908829e-02
-9.472523815929889679e-03
-1.381246279925107956e-02
-3.772180352825671434e-04
1.115686446428298950e-02
-1.177297532558441162e-02
-7.585426326841115952e-03
-6.960740312933921814e-03
-9.907085448503494263e-03
1.618838577996939421e-04
-1.668584300205111504e-03
-1.167705096304416656e-02
-1.295472402125597000e-02
-6.412932183593511581e-03
2.264263574033975601e-03
-1.528701558709144592e-02
-1.170122716575860977e-02
-9.111649356782436371e-03
-7.912288419902324677e-03
-1.219024509191513062e-02
-1.023586187511682510e-02
-6.973603274673223495e-03
-8.814512751996517181e-03
-2.369211800396442413e-02
-1.450223848223686218e-02
-1.732460968196392059e-02
-6.234063766896724701e-03
-5.149987526237964630e-03
-4.199780989438295364e-03
-5.185164045542478561e-03
-3.554914612323045731e-03
-4.949544090777635574e-03
-5.101341288536787033e-03
-5.944579374045133591e-03
-4.943447653204202652e-03
1.235519442707300186e-02
-2.012988552451133728e-03
-3.698028158396482468e-03
-4.880735184997320175e-03
-1.067948527634143829e-02
-5.010358057916164398e-03
-7.787610404193401337e-03
2.397758420556783676e-03
-5.235382169485092163e-02
-1.089707110077142715e-02
-1.116219721734523773e-02
-7.824431173503398895e-03
-4.564573056995868683e-03
-7.712286897003650665e-03
-5.914543755352497101e-03
-1.140397042036056519e-02
-5.981274880468845367e-03
-6.998308468610048294e-03
-4.375924356281757355e-03
-6.543662399053573608e-03
-3.681709989905357361e-03
-6.765255238860845566e-03
-4.278536420315504074e-03
-3.983929287642240524e-03
-9.351804852485656738e-03
-1.272887922823429108e-02
-3.162466746289283037e-04
-7.632991764694452286e-03
-2.312952419742941856e-03
-6.530614569783210754e-03
-4.675541538745164871e-03
-6.667643319815397263e-03
-4.478239454329013824e-03
-4.154707305133342743e-03
1.335655245929956436e-02
-2.702462952584028244e-03
-3.759130835533142090e-03
4.805016331374645233e-03
