-4.725740756839513779e-03
-4.294453188776969910e-03
-1.773926243185997009e-02
-2.731462707743048668e-03
-4.699149169027805328e-03
-4.935131873935461044e-03
-3.872656030580401421e-03
-4.361514467746019363e-03
-4.403120838105678558e-03
-1.598118990659713745e-02
-5.534608382731676102e-03
-4.680248908698558807e-03
-5.090659018605947495e-03
-8.729233406484127045e-03
-5.796203855425119400e-03
-5.035284440964460373e-03
-6.827237084507942200e-03
-5.929188337177038193e-03
-6.115037482231855392e-03
-9.437059052288532257e-03
-6.081424187868833542e-03
-7.660319097340106964e-03
-7.446934934705495834e-03
-5.750828888267278671e-03
-7.561074569821357727e-03
-9.179480373859405518e-03
-7.001324091106653214e-03
-6.144165527075529099e-03
-2.381381019949913025e-02
-3.980291076004505157e-03
-6.664664018899202347e-03
-6.227271631360054016e-03
-8.875774219632148743e-03
-4.693996626883745193e-03
-6.044258829206228256e-03
-6.032386794686317444e-03
-5.599083844572305679e-03
-5.251782480627298355e-03
-7.068043574690818787e-03
-8.423793129622936249e-03
-5.959440022706985474e-03
-4.110453184694051743e-03
-4.177757073193788528e-03
-5.316241644322872162e-03
-3.227151173632591963e-04
-4.460675641894340515e-03
-4.604439716786146164e-03
-6.055247038602828979e-03
-6.815566215664148331e-03
-1.636636210605502129e-03
-3.565570106729865074e-03
-3.396922722458839417e-03
-4.550590645521879196e-03
-3.389539895579218864e-03
-2.417415147647261620e-03
-1.254700910067185760e-04
-3.752695629373192787e-03
-3.873631590977311134e-03
-3.341956529766321182e-03
-2.617336576804518700e-03
2.281029475852847099e-03
-2.977598225697875023e-03
-8.375028264708817005e-04
-2.826320414897054434e-04
-7.595969946123659611e-04
-1.719738007523119450e-03
-1.615957240574061871e-03
-3.844377119094133377e-03
-1.944494200870394707e-03
-4.499621689319610596e-03
-1.056281034834682941e-03
-3.163737943395972252e-03
-3.050407394766807556e-03
-1.254643430002033710e-03
-3.866130951792001724e-03
-2.493033651262521744e-03
-2.086207037791609764e-03
-1.471827505156397820e-03
-3.557574935257434845e-03
-1.687409938313066959e-03
-3.388132434338331223e-03
-4.992896225303411484e-03
-2.658993704244494438e-03
-1.754862372763454914e-03
7.049795822240412235e-04
-1.747261965647339821e-03
-7.638220675289630890e-03
-1.735332654789090157e-03
-1.713615143671631813e-03
-6.893466343171894550e-04
-2.648808993399143219e-03
2.917916048318147659e-03
-1.986602786928415298e-03
-1.800736412405967712e-03
-3.560431534424424171e-03
-8.592077530920505524e-03
-5.499195307493209839e-03
-8.217272348701953888e-03
-5.938972346484661102e-03
-1.617207005620002747e-02
-6.471144501119852066e-03
4.956774413585662842e-03
-6.483396515250205994e-03
-7.641500793397426605e-03
-9.913958609104156494e-03
-1.661400427110493183e-03
-9.346140548586845398e-03
-8.095163851976394653e-03
-7.209916133433580399e-03
-6.391779519617557526e-03
-1.176675409078598022e-02
-8.194116875529289246e-03
-7.325214799493551254e-03
-3.665575757622718811e-03
-1.130089443176984787e-02
-5.737182684242725372e-03
-1.242691371589899063e-02
-1.342323049902915955e-02
-9.383628144860267639e-03
-1.304592471569776535e-02
-7.148733362555503845e-03
-1.523892674595117569e-02
-5.438400898128747940e-03
-1.662258757278323174e-03
-1.305432245135307312e-02
-1.009829249233007431e-02
1.721015898510813713e-03
-9.348954074084758759e-03
-1.248159445822238922e-02
-9.252782911062240601e-03
-8.253645151853561401e-03
1.483722822740674019e-03
-8.168375119566917419e-03
-2.705711405724287033e-03
-9.533229167573153973e-04
-1.431662775576114655e-02
-8.099895203486084938e-04
-5.301950033754110336e-03
-5.826356355100870132e-04
-8.728550164960324764e-04
5.969356861896812916e-04
-9.516141377389431000e-03
-5.774188786745071411e-03
-1.830872707068920135e-02
-5.687984172254800797e-03
-1.448926981538534164e-02
-1.306586340069770813e-02
-2.753983810544013977e-02
-1.310888212174177170e-02
-1.603476144373416901e-02
-1.153243333101272583e-02
-8.783329278230667114e-03
-8.035689592361450195e-03
5.478648468852043152e-03
-6.920636165887117386e-03
-1.114174444228410721e-02
-1.533900853246450424e-02
-7.978512905538082123e-03
6.663862615823745728e-03
-1.833133958280086517e-02
-5.203013774007558823e-03
-1.135468762367963791e-02
-3.222201764583587646e-02
-2.341441065073013306e-02
-5.761567037552595139e-03
3.035912476480007172e-02
1.436348073184490204e-02
4.338673315942287445e-03
6.521204486489295959e-04
-1.385632716119289398e-02
4.149150848388671875e-02
4.115763120353221893e-03
3.732394892722368240e-03
-1.378662232309579849e-02
-5.373437423259019852e-03
-4.074156656861305237e-02
-4.609961807727813721e-02
-8.528511039912700653e-03
-7.944206707179546356e-03
-3.212987631559371948e-02
-4.206173494458198547e-02
1.617876812815666199e-02
3.596099838614463806e-02
3.923751786351203918e-02
2.123764529824256897e-02
-5.641479045152664185e-03
-1.476975344121456146e-02
-1.778915897011756897e-02
4.076915234327316284e-02
-3.825873881578445435e-02
-1.593693718314170837e-02
6.999609619379043579e-02
2.745373360812664032e-02
6.632184237241744995e-02
1.754657924175262451e-02
-2.124306000769138336e-02
5.704784393310546875e-02
-1.512074097990989685e-02
-3.916477784514427185e-02
4.697700031101703644e-03
3.276818897575139999e-03
-4.609534516930580139e-04
-6.864107400178909302e-02
1.167279034852981567e-01
-1.078151315450668335e-01
4.971669241786003113e-02
1.823213137686252594e-02
2.915947511792182922e-02
7.069822400808334351e-02
-6.203218176960945129e-02
2.026340365409851074e-02
-2.965480647981166840e-02
4.778285976499319077e-03
-3.128411481156945229e-03
1.559671759605407715e-02
-8.314423263072967529e-03
-6.461958587169647217e-02
1.315165217965841293e-02
7.893665693700313568e-03
-6.850475445389747620e-03
5.222764611244201660e-02
-9.028527885675430298e-03
-1.793018914759159088e-02
-5.663263425230979919e-02
1.160009414888918400e-04
2.543403021991252899e-02
-2.075873129069805145e-02
1.001855824142694473e-02
9.717351756989955902e-03
-3.586237877607345581e-02
1.262870244681835175e-02
1.415590941905975342e-02
3.305134549736976624e-02
-2.226900495588779449e-02
1.383245084434747696e-02
-2.208895422518253326e-02
1.082518231123685837e-02
-6.312723271548748016e-03
6.429263856261968613e-03
-8.222447708249092102e-03
-1.530333142727613449e-02
-2.902075462043285370e-02
-1.505540031939744949e-02
9.966603480279445648e-03
-3.208246082067489624e-02
9.699151851236820221e-03
1.177400629967451096e-02
-1.353080943226814270e-02
-6.370322778820991516e-03
1.508901547640562057e-02
4.736912087537348270e-04
6.789362058043479919e-03
-4.169878549873828888e-03
-1.506032305769622326e-03
2.636610530316829681e-03
5.408383905887603760e-03
-6.431453395634889603e-03
1.303970813751220703e-03
-5.303940735757350922e-03
-7.707973942160606384e-03
-9.949759580194950104e-03
-1.184560637921094894e-02
-1.382192410528659821e-02
-7.348687388002872467e-03
-7.287074811756610870e-03
-1.432911772280931473e-02
-6.910472176969051361e-03
-8.445448242127895355e-03
-2.487023593857884407e-03
-3.677105763927102089e-03
1.131976139731705189e-03
6.607341580092906952e-03
-3.970895893871784210e-03
-4.813851322978734970e-03
2.271284392918460071e-05
6.450704859162215143e-06
-9.178093634545803070e-03
-3.332737134769558907e-03
3.931891696993261576e-04
-5.109628662467002869e-03
-1.079613110050559044e-03
3.450610907748341560e-03
1.119555905461311340e-02
-5.509317386895418167e-03
-5.091801285743713379e-03
-7.586652413010597229e-03
-5.672648083418607712e-03
-9.896467439830303192e-03
-8.590671233832836151e-03
-6.321112159639596939e-03
-6.634929217398166656e-03
-5.579464603215456009e-03
-9.240178391337394714e-03
-8.761823177337646484e-03
-1.562540419399738312e-02
-5.554447881877422333e-03
-7.305438630282878876e-03
-1.016151625663042068e-02
-1.207307167351245880e-02
-9.866566397249698639e-03
-1.325562596321105957e-02
-7.384380791336297989e-03
-1.139526348561048508e-02
-8.247235789895057678e-03
-1.002874877303838730e-02
-9.887172840535640717e-03
-9.157733060419559479e-03
-8.909945376217365265e-03
-8.346090093255043030e-03
-8.200700394809246063e-03
-7.204091642051935196e-03
-6.511378102004528046e-03
-8.987789042294025421e-03
-9.817939251661300659e-03
-6.595517508685588837e-03
-4.709962289780378342e-03
-3.717046463862061501e-03
-4.042086191475391388e-03
-5.410238634794950485e-03
-5.201090127229690552e-03
-4.393221810460090637e-03
-3.506071632727980614e-03
-1.834317459724843502e-03
-9.517985396087169647e-03
-2.300364198163151741e-03
-1.590378349646925926e-03
-2.394608309259638190e-04
-7.858820608817040920e-04
-1.229544868692755699e-03
-3.393102670088410378e-03
-7.305297069251537323e-03
-2.730526030063629150e-03
-1.692081452347338200e-03
-2.153536072000861168e-03
-5.179732688702642918e-04
-1.576574635691940784e-03
-1.448512193746864796e-03
-4.171068314462900162e-03
-2.123884391039609909e-03
-2.268317621201276779e-03
-9.424374002264812589e-05
-3.194180550053715706e-03
-9.253014577552676201e-04
-5.251870607025921345e-04
-2.554298844188451767e-03
-9.561271872371435165e-04
2.703444333747029305e-04
4.074989119544625282e-04
-9.190725395455956459e-04
-3.030029474757611752e-04
1.094116596505045891e-03
-1.946055912412703037e-03
1.279121497645974159e-03
3.101023030467331409e-04
-1.742743188515305519e-03
1.880103256553411484e-03
-1.144052366726100445e-04
7.172259938670322299e-05
-2.184418961405754089e-03
6.583494832739233971e-04
-3.609579289332032204e-03
5.188527284190058708e-04
-3.072841325774788857e-03
1.813964103348553181e-03
4.142788238823413849e-03
3.127178642898797989e-03
3.150418633595108986e-04
2.574776299297809601e-03
1.928010256960988045e-03
1.652337145060300827e-03
1.064919866621494293e-03
2.873256104066967964e-03
4.175367939751595259e-04
2.597592771053314209e-03
2.214436419308185577e-03
9.890911169350147247e-04
2.738846698775887489e-03
1.940806047059595585e-03
2.412883331999182701e-03
1.638905261643230915e-03
2.120614517480134964e-03
1.061652670614421368e-03
2.821291564032435417e-03
2.279801294207572937e-03
6.969518726691603661e-04
4.469388164579868317e-03
1.222678110934793949e-03
3.631727595347911119e-04
1.374762854538857937e-03
1.534872571937739849e-03
-1.477574696764349937e-04
1.188280060887336731e-03
1.270155422389507294e-03
1.223307684995234013e-03
1.775366486981511116e-03
1.647048047743737698e-03
2.835667226463556290e-03
5.543362349271774292e-04
1.508716028183698654e-03
1.969342993106693029e-04
5.883435951545834541e-04
