-2.112954098265618086e-04
-2.717747993301600218e-04
-3.176799218636006117e-04
-2.411530876997858286e-04
-2.131103829015046358e-04
-2.729197731241583824e-04
-2.586876798886805773e-04
-3.794931108132004738e-04
-2.080655540339648724e-04
-4.099678772035986185e-04
-1.334504631813615561e-04
-2.484068681951612234e-04
-3.834215458482503891e-04
-2.999158168677240610e-04
-2.346882974961772561e-04
-3.146347298752516508e-04
-1.485761022195219994e-04
-1.091621452360413969e-04
-1.999030791921541095e-04
-2.164779143640771508e-04
-1.920232607517391443e-04
-1.749220973579213023e-04
-1.127493887906894088e-04
-7.935848407214507461e-05
-1.429742551408708096e-04
-2.899527898989617825e-04
-5.053083805250935256e-05
-9.251323353964835405e-05
-7.092287705745548010e-05
-5.249787500360980630e-05
1.210992631968110800e-04
-6.513599510071799159e-05
4.177674782113172114e-05
1.293495006393641233e-04
2.303167566424235702e-04
2.523764560464769602e-04
2.000585664063692093e-04
1.213979048770852387e-04
4.042284563183784485e-04
3.432881494518369436e-04
4.725691687781363726e-04
6.196672329679131508e-04
6.392574287019670010e-04
7.459719199687242508e-04
8.477268274873495102e-04
8.277537417598068714e-04
9.708069264888763428e-04
1.061570714227855206e-03
1.165084424428641796e-03
9.291208116337656975e-04
1.171795185655355453e-03
1.418316271156072617e-03
1.590668340213596821e-03
1.559727941639721394e-03
1.601188560016453266e-03
1.821309560909867287e-03
1.871416694484651089e-03
2.221920294687151909e-03
2.141716657206416130e-03
2.199813723564147949e-03
2.414351562038064003e-03
2.435300732031464577e-03
2.640464343130588531e-03
2.702679717913269997e-03
2.917701844125986099e-03
3.043798729777336121e-03
3.206767840310931206e-03
3.213743679225444794e-03
3.415658604353666306e-03
3.476930083706974983e-03
3.664162708446383476e-03
3.775319317355751991e-03
3.843312850221991539e-03
3.914857748895883560e-03
4.237215500324964523e-03
3.981222398579120636e-03
4.228799138218164444e-03
4.146261606365442276e-03
4.274138715118169785e-03
4.489547107368707657e-03
4.527709446847438812e-03
4.539410583674907684e-03
4.796670284122228622e-03
4.855815786868333817e-03
4.904399160295724869e-03
4.963754676282405853e-03
4.938796628266572952e-03
5.083011463284492493e-03
5.263917613774538040e-03
5.163912661373615265e-03
5.635996814817190170e-03
5.515928845852613449e-03
5.558902863413095474e-03
5.623865872621536255e-03
5.592693109065294266e-03
5.973822437226772308e-03
6.015250924974679947e-03
6.130340043455362320e-03
5.832591094076633453e-03
6.024957168847322464e-03
6.382657680660486221e-03
6.288013420999050140e-03
6.052865181118249893e-03
6.566879805177450180e-03
6.602237466722726822e-03
6.432928610593080521e-03
6.598817184567451477e-03
6.550026126205921173e-03
6.623824592679738998e-03
6.778352428227663040e-03
6.249561905860900879e-03
6.439544260501861572e-03
6.528439931571483612e-03
6.433509290218353271e-03
6.122418213635683060e-03
6.241104565560817719e-03
5.564422812312841415e-03
5.393743980675935745e-03
5.409558303654193878e-03
5.192356649786233902e-03
4.814640618860721588e-03
4.642751999199390411e-03
4.172408487647771835e-03
4.111752379685640335e-03
3.811691654846072197e-03
3.567997366189956665e-03
3.584749763831496239e-03
3.305429127067327499e-03
3.528999863192439079e-03
3.371780272573232651e-03
3.245009807869791985e-03
2.958812518045306206e-03
2.755143912509083748e-03
2.450243802741169930e-03
2.296061022207140923e-03
1.857174909673631191e-03
1.465446781367063522e-03
6.851687794551253319e-04
3.921923416783101857e-05
-5.147429328644648194e-05
-2.396136114839464426e-04
-8.986544562503695488e-04
-7.821535691618919373e-04
-5.146181210875511169e-04
-4.406247171573340893e-04
-2.851726603694260120e-04
-3.321742697153240442e-04
1.038541900925338268e-03
2.929585287347435951e-03
4.319819621741771698e-03
5.153775680810213089e-03
7.327630650252103806e-03
6.826664321124553680e-03
8.885267190635204315e-03
1.070434227585792542e-02
1.143203489482402802e-02
1.319056842476129532e-02
9.893498383462429047e-03
6.722634192556142807e-03
5.964460782706737518e-03
6.441447883844375610e-03
-9.262339881388470531e-05
1.853214460425078869e-03
-4.868726246058940887e-03
-2.113480120897293091e-03
-7.124422583729028702e-03
-1.145996246486902237e-02
-4.236685112118721008e-03
-6.551293656229972839e-03
-2.655931981280446053e-03
-1.108417194336652756e-02
-6.929276045411825180e-03
1.219123322516679764e-02
4.207703750580549240e-03
7.479477208107709885e-03
3.620373550802469254e-03
1.215352560393512249e-03
-1.261558849364519119e-02
2.040399052202701569e-02
2.955192700028419495e-03
1.209199987351894379e-02
-3.771271556615829468e-02
3.447113558650016785e-04
5.887587554752826691e-03
-1.714956946671009064e-02
2.638475224375724792e-02
8.524372428655624390e-02
3.508405934553593397e-04
-1.143306610174477100e-03
9.385003149509429932e-02
2.265503816306591034e-02
5.413090810179710388e-02
1.322486437857151031e-02
-8.167804032564163208e-02
1.279772445559501648e-02
4.432897269725799561e-02
-3.567695617675781250e-02
-1.740687876008450985e-03
9.061930468305945396e-04
1.684889942407608032e-02
-4.291534051299095154e-02
1.721357554197311401e-02
1.626594364643096924e-02
-5.884090065956115723e-02
-8.522258698940277100e-02
1.226074062287807465e-02
-5.823610350489616394e-02
-2.697422355413436890e-02
-3.069673478603363037e-02
-1.844410784542560577e-02
-2.240373566746711731e-02
3.919684514403343201e-02
1.934154704213142395e-02
-3.026088513433933258e-02
-6.546943332068622112e-04
5.145579576492309570e-03
1.827732473611831665e-02
-3.624331206083297729e-02
-6.354083307087421417e-03
-3.340862691402435303e-02
-1.187488064169883728e-02
-5.117679480463266373e-03
2.068813424557447433e-03
-5.309663712978363037e-03
-1.147681940346956253e-02
-1.556160114705562592e-02
-1.952773518860340118e-02
-1.719063892960548401e-02
-6.426592823117971420e-03
-1.752177253365516663e-02
-1.270778849720954895e-02
-2.347393333911895752e-02
-1.937100477516651154e-02
-1.683983951807022095e-02
-1.527873240411281586e-02
-1.177327986806631088e-02
-1.192024257034063339e-02
-6.241124123334884644e-03
-9.535507299005985260e-03
-9.725798852741718292e-03
-1.121099758893251419e-02
-1.361558865755796432e-02
-1.242179423570632935e-02
-1.102926209568977356e-02
-9.007507935166358948e-03
-8.308325894176959991e-03
-6.189090199768543243e-03
-5.178347695618867874e-03
-2.826707903295755386e-03
-6.699414225295186043e-04
-1.566775026731193066e-03
-1.906663965201005340e-04
1.861606608144938946e-03
1.715695136226713657e-03
3.391635837033390999e-03
3.144730348140001297e-03
2.474783686921000481e-03
1.016668742522597313e-03
3.742048866115510464e-04
-6.927474751137197018e-04
-7.448113756254315376e-04
-1.403546193614602089e-03
-2.379131969064474106e-03
-3.154144156724214554e-03
-3.984482027590274811e-03
-4.797119181603193283e-03
-5.441885441541671753e-03
-5.439641885459423065e-03
-5.979925859719514847e-03
-5.839752499014139175e-03
-6.367947906255722046e-03
-6.795711349695920944e-03
-7.011082023382186890e-03
-7.561264093965291977e-03
-7.708911318331956863e-03
-7.962565869092941284e-03
-8.031231351196765900e-03
-8.371384814381599426e-03
-8.447772823274135590e-03
-9.160388261079788208e-03
-8.994453586637973785e-03
-9.623618796467781067e-03
-9.741581045091152191e-03
-9.734656661748886108e-03
-9.869828820228576660e-03
-1.008367910981178284e-02
-1.046359632164239883e-02
-1.034813001751899719e-02
-1.058851648122072220e-02
-1.077328342944383621e-02
-1.076773833483457565e-02
-1.085549127310514450e-02
-1.117126084864139557e-02
-1.105691399425268173e-02
-1.108525134623050690e-02
-1.110873464494943619e-02
-1.095641497522592545e-02
-1.104534417390823364e-02
-1.108502876013517380e-02
-1.089734025299549103e-02
-1.062553469091653824e-02
-1.057277526706457138e-02
-1.049847807735204697e-02
-1.075838319957256317e-02
-1.053298078477382660e-02
-1.059477776288986206e-02
-1.070945151150226593e-02
-1.059074606746435165e-02
-1.045496389269828796e-02
-1.022579334676265717e-02
-1.032200176268815994e-02
-1.023260597139596939e-02
-1.003879867494106293e-02
-9.992643259465694427e-03
-9.938125498592853546e-03
-1.004856359213590622e-02
-9.822037070989608765e-03
-9.578419849276542664e-03
-9.480857290327548981e-03
-9.638771414756774902e-03
-9.560089558362960815e-03
-9.844119660556316376e-03
-9.448315016925334930e-03
-9.371695108711719513e-03
-9.227251634001731873e-03
-9.121044538915157318e-03
-9.117225185036659241e-03
-8.801362477242946625e-03
-8.583206683397293091e-03
-8.372483775019645691e-03
-8.473539724946022034e-03
-8.109168149530887604e-03
-8.014523424208164215e-03
-7.691140752285718918e-03
-7.735529448837041855e-03
-7.387999445199966431e-03
-7.160406094044446945e-03
-7.268911693245172501e-03
-6.881991401314735413e-03
-6.727037951350212097e-03
-6.472819484770298004e-03
-6.407799199223518372e-03
-6.046968512237071991e-03
-5.899445619434118271e-03
-5.723141133785247803e-03
-5.496303550899028778e-03
-5.300367716699838638e-03
-5.062740761786699295e-03
-4.911016207188367844e-03
-4.839516244828701019e-03
-4.611408337950706482e-03
-4.458684939891099930e-03
-4.191019106656312943e-03
-4.141543060541152954e-03
-3.952737897634506226e-03
-3.853571368381381035e-03
-3.544830251485109329e-03
-3.256847849115729332e-03
-3.343431744724512100e-03
-3.167676739394664764e-03
-2.909797942265868187e-03
-2.821414731442928314e-03
-2.744882833212614059e-03
-2.504311967641115189e-03
-2.428637119010090828e-03
-2.424845006316900253e-03
-2.124442718923091888e-03
-2.100802492350339890e-03
-2.032224088907241821e-03
-2.090093446895480156e-03
-1.867286162450909615e-03
-1.719951513223350048e-03
-1.695429091341793537e-03
-1.573010813444852829e-03
-1.527884276583790779e-03
-1.352158957161009312e-03
-1.281416858546435833e-03
-1.167155453003942966e-03
-1.194826676510274410e-03
-1.146564143709838390e-03
-1.024738885462284088e-03
-9.069616207852959633e-04
-8.349518175236880779e-04
-8.291916456073522568e-04
-6.929500377736985683e-04
-6.783587741665542126e-04
-6.837812252342700958e-04
-6.095462013036012650e-04
-4.934574826620519161e-04
-6.233254680410027504e-04
-5.281561752781271935e-04
-3.447529743425548077e-04
-4.988219006918370724e-04
-4.253431106917560101e-04
-5.027527804486453533e-04
-3.851949877571314573e-04
-4.050270654261112213e-04
-2.570490178186446428e-04
-4.453628498595207930e-04
-3.758752427529543638e-04
-3.830324858427047729e-04
