-4.839447792619466782e-04
-3.691386373247951269e-04
2.711593988351523876e-04
1.255299503100104630e-05
2.836628118529915810e-04
4.014622536487877369e-04
9.801153792068362236e-04
7.489457493647933006e-05
1.999872765736654401e-04
3.503947518765926361e-04
4.086230474058538675e-04
2.416577626718208194e-04
-2.615675039123743773e-04
1.329045480815693736e-04
1.308184873778373003e-04
-4.533352039288729429e-04
-3.400505229365080595e-04
8.905978174880146980e-04
1.185440574772655964e-03
-4.885236849077045918e-04
-1.616280787857249379e-04
6.987315136939287186e-04
-6.104251369833946228e-04
1.582290627993643284e-03
8.795249741524457932e-04
2.074952790280804038e-04
-3.442304659984074533e-06
-6.358089740388095379e-04
-2.839043736457824707e-04
-4.455942544154822826e-04
-1.919516507769003510e-04
-8.879235247150063515e-05
-8.880616951500996947e-05
4.358731966931372881e-04
-6.664460524916648865e-04
-1.750174851622432470e-04
-6.575140869244933128e-04
-5.850395536981523037e-04
-3.334927314426749945e-04
6.214506574906408787e-04
-3.692221944220364094e-04
-2.103766455547884107e-04
-5.045489524491131306e-04
5.421285168267786503e-04
6.111601833254098892e-04
9.091729880310595036e-04
-2.950086200144141912e-04
-1.465449895476922393e-04
3.217206394765526056e-04
5.217767466092482209e-05
-1.104139737435616553e-04
2.633793628774583340e-04
-5.929049439146183431e-05
5.100656999275088310e-04
6.066375062800943851e-04
-4.042907385155558586e-04
-5.118552362546324730e-04
9.544579661451280117e-04
-3.355267690494656563e-04
7.664085133001208305e-04
4.894127487204968929e-04
-4.490997525863349438e-04
-1.777794241206720471e-04
-1.926820114022120833e-04
-2.176871639676392078e-04
-3.032674139831215143e-04
4.608810704667121172e-04
-2.868212759494781494e-04
5.569422501139342785e-04
3.933631887775845826e-05
-2.585528709460049868e-04
-2.230902900919318199e-04
8.593112579546868801e-04
4.408272507134824991e-04
3.510462993290275335e-04
4.573407932184636593e-04
8.874999475665390491e-04
-3.337023372296243906e-04
-4.680276324506849051e-04
-5.169626092538237572e-04
-2.482437412254512310e-04
-4.308358256821520627e-05
1.181442872621119022e-03
9.883788879960775375e-04
5.573212984018027782e-04
1.153971068561077118e-03
-7.102869858499616385e-05
-5.533863441087305546e-04
-6.274366169236600399e-04
7.260175189003348351e-04
5.860409582965075970e-04
-4.890604177489876747e-04
-4.651538038160651922e-04
5.955151282250881195e-04
1.988896110560745001e-04
-5.655690329149365425e-04
5.193235701881349087e-04
-3.492452087812125683e-04
-5.832866881974041462e-04
9.050503722392022610e-04
1.309304643655195832e-04
-1.746836496749892831e-04
8.765704696998000145e-04
4.799150920007377863e-04
-1.647962635615840554e-04
-5.177096463739871979e-04
5.665366916218772531e-05
-8.977192919701337814e-05
-5.312146386131644249e-04
-3.129828837700188160e-04
5.029725143685936928e-04
6.131441914476454258e-04
-5.576748517341911793e-04
-2.652115654200315475e-04
-4.233459476381540298e-04
-6.015925318934023380e-04
-1.143611385487020016e-03
2.920642727985978127e-04
-8.399439975619316101e-04
-5.132444784976541996e-04
3.187732945661991835e-04
1.466842222725972533e-04
-4.335732373874634504e-04
5.275004659779369831e-04
2.234026178484782577e-04
4.628334500011987984e-05
-4.850052646361291409e-04
-1.055475324392318726e-03
1.427356328349560499e-04
4.669047120842151344e-05
-1.442735174350673333e-05
1.427930419595213607e-05
-6.293005426414310932e-04
-8.880574605427682400e-04
-9.728983277454972267e-04
-1.065433025360107422e-04
-7.370982784777879715e-04
-4.187008598819375038e-04
1.870912092272192240e-04
1.687085168669000268e-04
-4.569449811242520809e-04
-7.416101288981735706e-05
-4.399129829835146666e-04
-2.969819761347025633e-04
7.685292512178421021e-04
1.512174931121990085e-04
2.547973999753594398e-04
2.897736849263310432e-04
8.484579157084226608e-04
1.500880345702171326e-03
4.197440575808286667e-03
6.447779014706611633e-04
1.667183451354503632e-02
1.022466458380222321e-02
2.573104947805404663e-02
1.650469005107879639e-02
3.886903822422027588e-02
2.524051629006862640e-02
4.367286711931228638e-02
3.801554813981056213e-02
4.741023853421211243e-02
4.726516082882881165e-02
5.301881954073905945e-02
5.482870712876319885e-02
5.536891892552375793e-02
6.072233989834785461e-02
6.068814918398857117e-02
6.082143262028694153e-02
6.431106477975845337e-02
6.372640281915664673e-02
6.096336245536804199e-02
6.192180886864662170e-02
5.790408328175544739e-02
5.455277115106582642e-02
5.521181970834732056e-02
5.302586033940315247e-02
4.752862825989723206e-02
3.834463283419609070e-02
4.040677100419998169e-02
2.984092012047767639e-02
2.323455177247524261e-02
1.731916144490242004e-02
1.256039924919605255e-02
3.088461933657526970e-03
1.787972985766828060e-03
1.136500504799187183e-03
-1.650653721299022436e-04
-2.677175216376781464e-03
-1.073562167584896088e-02
-1.905591227114200592e-02
-2.556903660297393799e-02
-3.787364065647125244e-02
-4.367584362626075745e-02
-5.409936606884002686e-02
-6.622258573770523071e-02
-7.257945090532302856e-02
-7.484797388315200806e-02
-7.210545241832733154e-02
-6.836678832769393921e-02
-6.663978099822998047e-02
-3.589147329330444336e-02
-8.588908612728118896e-02
-1.089770644903182983e-01
-1.294564008712768555e-01
-1.411346495151519775e-01
-1.479734182357788086e-01
-1.531406193971633911e-01
-1.572593301534652710e-01
-1.656056642532348633e-01
-1.613489985466003418e-01
-1.684543490409851074e-01
-1.648973673582077026e-01
-1.642070412635803223e-01
-1.607629805803298950e-01
-1.628402322530746460e-01
-1.558312177658081055e-01
-1.494289040565490723e-01
-1.440975666046142578e-01
-1.353461146354675293e-01
-1.250467896461486816e-01
-1.155074015259742737e-01
-1.112064868211746216e-01
-9.586039185523986816e-02
-9.279707074165344238e-02
-7.804876565933227539e-02
-6.804025173187255859e-02
-5.766605585813522339e-02
-5.089160799980163574e-02
-4.324485361576080322e-02
-2.664996683597564697e-02
-2.454585582017898560e-02
-1.290193293243646622e-02
-9.339919313788414001e-03
-6.946926005184650421e-03
-1.225896121468394995e-04
5.531720235012471676e-04
-7.651364285266026855e-05
-1.111720484914258122e-04
-2.457149457768537104e-05
-1.704356509435456246e-05
8.908117888495326042e-04
-2.550429780967533588e-04
-1.485833199694752693e-04
7.684167940169572830e-04
2.459397306665778160e-03
1.221641316078603268e-03
9.568450041115283966e-04
1.598315247974824160e-05
1.349676633253693581e-03
-1.597886730451136827e-04
1.137771178036928177e-03
1.147371949627995491e-03
8.720452315174043179e-04
-2.656713477335870266e-04
3.694856131915003061e-04
2.455126959830522537e-04
1.296807313337922096e-03
-4.940118287777295336e-06
1.586984260939061642e-03
6.614167359657585621e-04
1.051356448442675173e-04
-2.824633156706113368e-05
-1.534830371383577585e-04
-1.763561886036768556e-04
1.174035947769880295e-03
4.750349035020917654e-04
-1.576055656187236309e-04
8.399235084652900696e-04
6.264514522626996040e-04
2.153850073227658868e-04
1.615081448107957840e-03
9.965560166165232658e-04
-4.590626631397753954e-04
1.834003633121028543e-04
3.828565604635514319e-05
1.612710912013426423e-04
1.782846520654857159e-04
4.692433285526931286e-04
-3.905608027707785368e-04
1.546513522043824196e-05
1.549685490317642689e-03
-4.369670205051079392e-05
8.976957178674638271e-04
2.170758962165564299e-04
-9.205603855662047863e-04
-7.787622162140905857e-04
-4.218063259031623602e-04
1.227151515195146203e-04
-6.947568035684525967e-04
-1.044445321895182133e-03
-1.851865381468087435e-04
-5.330652929842472076e-04
-5.047032027505338192e-04
1.386230578646063805e-03
6.541594630107283592e-04
-1.158053128165192902e-04
-4.206695302855223417e-05
-7.236771634779870510e-04
-3.817253673332743347e-05
-1.752176205627620220e-03
-6.132774287834763527e-04
-3.116774023510515690e-04
4.243375224177725613e-05
-3.172271535731852055e-04
2.686466905288398266e-05
3.214246244169771671e-04
-4.256823449395596981e-04
3.047487989533692598e-04
-4.014370497316122055e-04
-2.479236864019185305e-04
-6.894341204315423965e-04
-2.668351226020604372e-04
3.717158397193998098e-04
-3.440828877501189709e-04
-4.544721741694957018e-04
-2.025167486863210797e-04
6.470134248957037926e-04
2.789893769659101963e-04
-1.557772775413468480e-04
2.901697916968259960e-05
-9.696942870505154133e-04
-9.260093065677210689e-05
-9.475756087340414524e-04
-1.471457362640649080e-04
5.361048388294875622e-04
-4.713293164968490601e-04
-4.054455785080790520e-04
1.046326142386533320e-04
-6.760589894838631153e-04
5.607658531516790390e-04
1.462436339352279902e-04
2.532588259782642126e-04
4.599238163791596889e-04
-6.705793784931302071e-04
-1.101370085962116718e-03
2.762715739663690329e-04
-7.487944094464182854e-05
-9.756667714100331068e-05
-5.222588079050183296e-04
-8.645436028018593788e-04
2.274231374030932784e-04
-7.931796717457473278e-04
-2.472621563356369734e-04
-7.866213563829660416e-04
-7.497720071114599705e-04
3.881693992298096418e-04
-5.691674687113845721e-07
-2.807970486173871905e-05
-7.150426390580832958e-04
-5.413886392489075661e-04
-3.122309281025081873e-04
-6.865214090794324875e-04
4.537829663604497910e-04
-6.347791058942675591e-04
3.098630986642092466e-05
-3.452363016549497843e-04
9.557104785926640034e-04
-4.682465805672109127e-04
3.944205818697810173e-04
-1.037117559462785721e-03
-4.689513880293816328e-04
-7.456351304426789284e-04
3.388361365068703890e-04
-1.461960346205160022e-04
-2.725993108469992876e-04
1.101230645872419700e-05
-9.079860756173729897e-04
-6.540928734466433525e-04
4.400041652843356133e-04
3.984414797741919756e-04
-6.039265426807105541e-04
-5.294170696288347244e-04
-2.563867892604321241e-04
-3.850435023196041584e-04
-1.883678633021190763e-04
5.676454165950417519e-04
-1.012646476738154888e-03
6.587331426999298856e-07
5.656963330693542957e-04
2.134464011760428548e-05
1.098219654522836208e-04
8.487355080433189869e-04
3.141471534036099911e-04
2.580476575531065464e-04
-4.837736778426915407e-04
-7.814890523150097579e-06
7.633622735738754272e-04
-5.373458261601626873e-04
9.357947856187820435e-04
-7.082255906425416470e-04
2.796490443870425224e-04
1.770288363331928849e-04
-7.135204505175352097e-04
-5.977582186460494995e-04
-9.364190918859094381e-05
-2.963811566587537527e-04
-5.409244913607835770e-04
-1.041900133714079857e-03
-3.091747203143313527e-05
3.238935605622828007e-04
-2.066324086626991630e-04
