-3.915903216693550348e-04
-1.228023756993934512e-04
-7.629595929756760597e-04
-4.844830255024135113e-04
-6.926155183464288712e-04
4.840850597247481346e-04
-3.486879577394574881e-04
1.531679590698331594e-04
-9.081729222089052200e-04
-1.115540624596178532e-03
1.310327061219140887e-04
-4.778687143698334694e-04
-1.355692802462726831e-05
-1.311121042817831039e-03
3.044150653295218945e-04
-7.307359483093023300e-04
-1.862762583186849952e-04
-8.117640390992164612e-04
-7.884480874054133892e-04
-1.540208468213677406e-03
-1.083255978301167488e-03
3.063147596549242735e-04
-5.907709128223359585e-04
-1.334351953119039536e-03
-1.458410755731165409e-03
-8.682267798576503992e-05
-1.003408455289900303e-03
-5.967260221950709820e-04
-1.617659290786832571e-04
-6.547287921421229839e-04
-1.227987697347998619e-03
-1.248100074008107185e-03
-4.503923119045794010e-04
-6.828418700024485588e-04
-1.057618763297796249e-03
-9.832115611061453819e-04
-1.071733655408024788e-03
-3.854043607134371996e-04
-9.282092796638607979e-04
-8.671253453940153122e-04
-8.999105193652212620e-04
-1.202799729071557522e-03
-4.838620661757886410e-04
-7.456378662027418613e-04
1.785337954061105847e-04
-1.424523885361850262e-03
-1.377471373416483402e-03
-4.870915727224200964e-04
-7.463231304427608848e-05
-6.146164378151297569e-04
-9.386961464770138264e-04
-7.640352123416960239e-05
-7.377291913144290447e-04
-1.241473131813108921e-03
-8.878220105543732643e-04
-1.952473656274378300e-03
-9.801785927265882492e-04
-1.098666922189295292e-03
1.211614144267514348e-04
-2.323942317161709070e-04
-2.991096582263708115e-03
-1.058995025232434273e-03
-8.956454694271087646e-04
-1.122440211474895477e-03
-1.250914181582629681e-03
-2.096551936119794846e-03
-1.403281581588089466e-03
-2.895771758630871773e-03
-2.141684526577591896e-03
-2.238029381260275841e-03
-1.834354363381862640e-03
-2.201674738898873329e-03
-2.070443704724311829e-03
-9.610375273041427135e-04
-2.317248145118355751e-03
-3.101360751315951347e-03
-2.195143140852451324e-03
-2.060739556327462196e-03
-2.296013291925191879e-03
-2.046808134764432907e-03
-1.431216718629002571e-03
-1.464278786443173885e-03
-2.065268345177173615e-03
-1.908377511426806450e-03
-2.980536781251430511e-03
-2.523457165807485580e-03
-2.528460463508963585e-03
-2.464387100189924240e-03
-1.880117226392030716e-03
-2.821515779942274094e-03
-1.340680290013551712e-03
-1.832308364100754261e-03
-1.863481127656996250e-03
-2.340363338589668274e-03
-2.238184912130236626e-03
-1.264221384190022945e-03
-7.523753447458148003e-04
-1.695092883892357349e-03
-2.791751641780138016e-03
-2.034795237705111504e-03
-1.908238511532545090e-03
-1.151815173216164112e-03
-1.527008018456399441e-03
-8.490919135510921478e-04
-1.696862163953483105e-03
-1.400128705427050591e-03
-1.735062338411808014e-03
-2.372856251895427704e-03
-1.026763347908854485e-03
-1.498883240856230259e-03
-9.463759488426148891e-04
-1.419977517798542976e-03
-1.212361734360456467e-03
-3.287122308393009007e-05
-1.240764860995113850e-03
-1.918268855661153793e-03
-8.957469835877418518e-04
-7.372555555775761604e-04
-1.627565827220678329e-03
-6.961643230170011520e-04
-7.059765630401670933e-04
-1.188166672363877296e-03
-7.483010413125157356e-04
-1.390836085192859173e-03
-1.587738515809178352e-03
-1.035326160490512848e-03
-9.749257587827742100e-04
-1.090995501726865768e-03
-1.097962958738207817e-03
-7.198681705631315708e-04
-7.166213472373783588e-04
-6.189838750287890434e-04
2.963156730402261019e-04
-3.390836645849049091e-04
-4.200140538159757853e-04
-1.019914285279810429e-03
-1.217155295307748020e-04
-6.433512317016720772e-04
-1.023730146698653698e-03
-1.170762348920106888e-03
-4.732708039227873087e-04
1.356283319182693958e-04
-5.446763825602829456e-04
-8.818156202323734760e-04
5.675257416442036629e-04
-6.756911898264661431e-05
-2.538477419875562191e-04
-2.651503309607505798e-04
-1.696068502496927977e-04
-2.497505629435181618e-04
-6.718024378642439842e-04
-3.471020318102091551e-04
-1.921569928526878357e-04
-3.885663772962288931e-06
5.269888206385076046e-04
1.807984081096947193e-03
2.439113799482584000e-03
7.154054939746856689e-03
1.133811846375465393e-02
1.484284456819295883e-02
2.020453475415706635e-02
3.400215879082679749e-02
3.867394849658012390e-02
4.092935100197792053e-02
4.758270457386970520e-02
5.449609830975532532e-02
6.030279770493507385e-02
6.998200714588165283e-02
7.644568383693695068e-02
9.219133853912353516e-02
9.908059984445571899e-02
1.094386130571365356e-01
1.182514578104019165e-01
1.263309717178344727e-01
1.405790448188781738e-01
1.455945521593093872e-01
1.621774584054946899e-01
1.626370847225189209e-01
1.681034713983535767e-01
1.723966002464294434e-01
1.770672649145126343e-01
1.762684583663940430e-01
1.766634285449981689e-01
1.749330312013626099e-01
1.711111962795257568e-01
1.610164940357208252e-01
1.559073179960250854e-01
1.390345692634582520e-01
1.298036575317382812e-01
1.096136942505836487e-01
9.055846929550170898e-02
8.036711812019348145e-02
6.254050135612487793e-02
5.090897902846336365e-02
4.129011183977127075e-02
4.152187705039978027e-02
2.938807755708694458e-02
2.485691010951995850e-02
1.157946232706308365e-02
1.183827128261327744e-02
6.674192845821380615e-04
8.808462298475205898e-04
-1.746714406181126833e-04
-6.284402334131300449e-04
-6.714406772516667843e-04
1.916150358738377690e-04
6.233771273400634527e-05
-1.038643531501293182e-03
-1.141468295827507973e-03
-8.418778306804597378e-04
-5.455929203890264034e-04
-9.976138826459646225e-04
-7.653129287064075470e-04
-5.913174245506525040e-04
-7.578164222650229931e-04
-1.122026471421122551e-03
-6.673599127680063248e-04
-1.091578975319862366e-03
-1.242663711309432983e-03
-1.240148791112005711e-03
-1.156565500423312187e-03
-8.300756453536450863e-04
-1.956566236913204193e-03
-1.422878471203148365e-03
-1.814135117456316948e-03
-9.205670794472098351e-04
-1.803003600798547268e-03
-2.260376466438174248e-03
-1.820922247134149075e-03
-1.610397244803607464e-03
-1.873506233096122742e-03
-1.273236353881657124e-03
-1.653178944252431393e-03
-1.579387695528566837e-03
-2.033527242019772530e-03
-1.057376270182430744e-03
-9.958193404600024223e-04
-1.687328447587788105e-03
-1.319629373028874397e-03
-1.353162457235157490e-03
-1.658887253142893314e-03
-1.933351275511085987e-03
-1.733985031023621559e-03
-1.469548908062279224e-03
-1.259335433132946491e-03
-1.578830298967659473e-03
-1.459179329685866833e-03
-1.351775135844945908e-03
-1.350549748167395592e-03
-1.517484197393059731e-03
-1.712164026685059071e-03
-1.383409253321588039e-03
-1.257275813259184361e-03
-1.596356625668704510e-03
-1.749253948219120502e-03
-2.189061138778924942e-03
-1.036830479279160500e-03
-1.335314358584582806e-03
-1.083845621906220913e-03
-1.444006338715553284e-03
-1.521808677352964878e-03
-1.353413099423050880e-03
-1.472617266699671745e-03
-1.996941631659865379e-03
-1.129969023168087006e-03
-1.342274947091937065e-03
-1.476343604736030102e-03
-1.200289814732968807e-03
-1.357321860268712044e-03
-7.681732531636953354e-04
-1.112094148993492126e-03
-9.648443665355443954e-04
-1.137343235313892365e-03
-1.293790992349386215e-03
-8.109164773486554623e-04
-1.420075423084199429e-03
-8.360043284483253956e-04
-6.748838350176811218e-04
-1.883832737803459167e-03
-1.783486688509583473e-03
-1.249522902071475983e-03
-1.239200471900403500e-03
-1.286298967897891998e-03
-9.469997603446245193e-04
-1.417258637957274914e-03
-1.624537981115281582e-03
-1.251736423000693321e-03
-1.198622281663119793e-03
-6.216295878402888775e-04
-5.276261945255100727e-04
-6.896026316098868847e-04
-6.046504713594913483e-04
-1.051392289809882641e-03
-1.321833464317023754e-03
-2.588740608189254999e-04
-1.115053091780282557e-04
-7.942307856865227222e-04
-1.114652957767248154e-03
-6.949436501599848270e-04
-6.384842563420534134e-04
-1.158119644969701767e-03
-5.666099605150520802e-04
-8.283471688628196716e-04
-1.483203959651291370e-03
-4.889882402494549751e-04
-5.870478344149887562e-04
-6.592973368242383003e-04
-1.730554155074059963e-03
-1.241527032107114792e-03
-7.400051690638065338e-04
-1.986577699426561594e-04
-1.012778375297784805e-03
-4.298455314710736275e-04
-8.912645862437784672e-04
-8.918299572542309761e-04
-1.275705755688250065e-03
-9.046124760061502457e-04
-9.380041155964136124e-04
-8.035682840272784233e-04
-9.592054993845522404e-04
-1.209603506140410900e-03
-1.359541201964020729e-03
-2.964563900604844093e-04
-9.424679446965456009e-04
-1.374444458633661270e-03
-5.620631272904574871e-04
-1.199855469167232513e-03
-1.144357724115252495e-03
-9.288832661695778370e-04
-1.068775076419115067e-03
-1.373871811665594578e-03
-1.186499255709350109e-03
-1.436585909686982632e-03
-6.675122422166168690e-04
-7.877541356720030308e-04
-6.537508452311158180e-04
-6.960895261727273464e-04
-1.331283478066325188e-03
-1.503033097833395004e-03
-8.914667414501309395e-04
-5.717167514376342297e-04
-1.166346482932567596e-03
-8.002623799256980419e-04
-5.338023183867335320e-04
-4.269616620149463415e-04
-5.398096982389688492e-04
-8.317328756675124168e-04
-3.318376911920495331e-05
-3.418000123929232359e-04
-5.749891279265284538e-04
-1.375937135890126228e-03
-3.987980599049478769e-04
-5.595838883891701698e-04
-7.056360482238233089e-04
-6.704666302539408207e-04
-6.359494873322546482e-04
-1.058804453350603580e-03
-2.724346995819360018e-04
-1.028373022563755512e-03
-6.984998472034931183e-04
-1.179986633360385895e-03
-3.881021111737936735e-04
-4.584343696478754282e-04
-3.941161558032035828e-04
-6.647405098192393780e-04
-3.486706118565052748e-04
5.948396938038058579e-05
1.248403568752110004e-04
-3.254749753978103399e-04
-5.519746337085962296e-04
-1.747029891703277826e-04
-5.888947634957730770e-04
-5.944297299720346928e-04
-3.425819159019738436e-04
-4.253101360518485308e-04
-6.560664041899144650e-04
-2.692909620236605406e-04
-2.218418376287445426e-04
-1.429076073691248894e-03
-1.002723118290305138e-03
-1.560857490403577685e-04
-1.217119046486914158e-03
-1.148588722571730614e-03
-1.326915458776056767e-03
-3.254994517192244530e-04
-5.596666014753282070e-04
-7.925255340524017811e-04
-1.151523436419665813e-03
-9.423401788808405399e-04
-8.649184019304811954e-04
-2.759553899522870779e-04
-9.778800886124372482e-04
3.741322143469005823e-04
-9.333033231087028980e-04
-1.077110762707889080e-03
5.111886421218514442e-04
-1.424349145963788033e-03
-7.406898075714707375e-04
-2.912038762588053942e-04
-1.334893022431060672e-04
-3.938133886549621820e-04
