6.183853838592767715e-04
1.333556720055639744e-04
4.276546533219516277e-04
-1.580573189130518585e-05
-3.288854495622217655e-04
2.918620302807539701e-04
5.048495950177311897e-04
1.270256325369700789e-04
-1.010904787108302116e-03
-3.579668555175885558e-05
-2.630272647365927696e-04
-1.750300179992336780e-05
5.291326669976115227e-04
-2.078717516269534826e-04
-1.430012343917042017e-04
-5.120105925016105175e-05
2.270997065352275968e-04
5.879268283024430275e-04
4.300356958992779255e-04
3.676898777484893799e-04
2.185359480790793896e-04
8.695813448866829276e-05
1.147246803157031536e-04
1.769196096574887633e-04
-5.614474957837956026e-06
4.679763515014201403e-04
4.709321947302669287e-04
2.812967868521809578e-04
7.851903210394084454e-04
5.407125572673976421e-04
8.111987699521705508e-05
6.303051486611366272e-04
7.187402225099503994e-04
6.634511519223451614e-04
6.577888270840048790e-04
4.714150563813745975e-04
4.870562697760760784e-04
5.453599151223897934e-04
6.980960606597363949e-04
8.160536526702344418e-04
7.887550164014101028e-04
3.179902851115912199e-04
-1.613589120097458363e-05
6.738434894941747189e-04
4.910777788609266281e-04
-5.539730191230773926e-04
3.550611436367034912e-04
3.853654779959470034e-04
4.879192565567791462e-04
4.407897067721933126e-04
4.371812683530151844e-04
-1.200708502437919378e-04
4.871909623034298420e-04
5.514569347724318504e-04
-2.447294536978006363e-04
3.489706141408532858e-04
5.366735276766121387e-04
6.456586997956037521e-04
4.723560996353626251e-04
8.330413838848471642e-04
3.446537884883582592e-04
2.517720567993819714e-04
9.600304183550179005e-04
2.818958018906414509e-04
6.852461228845641017e-05
1.304411271121352911e-04
7.415058789774775505e-04
6.577653693966567516e-04
5.999206914566457272e-04
1.243685255758464336e-04
-1.688904449110850692e-04
5.346474936231970787e-04
6.280915113165974617e-04
-2.840306115103885531e-05
2.295941385455080308e-06
-4.002176574431359768e-04
4.833632556255906820e-04
8.221967727877199650e-04
7.724187453277409077e-04
4.963840474374592304e-04
3.665963304229080677e-04
-2.173481188947334886e-04
3.782376370509155095e-05
-6.785623554605990648e-05
1.752670359564945102e-04
3.630389983300119638e-04
9.735044441185891628e-04
7.313730893656611443e-04
3.415958199184387922e-04
1.734066754579544067e-04
2.151894150301814079e-04
5.061079864390194416e-04
5.661451723426580429e-04
1.345041819149628282e-04
3.075479980907402933e-05
5.139773129485547543e-04
5.209114751778542995e-04
1.298903371207416058e-04
1.259425916941836476e-04
2.632491523399949074e-04
3.107790835201740265e-04
1.861840282799676061e-04
2.484753204043954611e-04
3.449391224421560764e-04
8.676637080498039722e-04
2.936808450613170862e-04
8.176059345714747906e-04
5.265480140224099159e-04
6.690470036119222641e-04
7.925049285404384136e-04
2.144394093193113804e-04
3.915607812814414501e-04
4.987883148714900017e-04
9.046345367096364498e-04
8.087244350463151932e-04
5.315045709721744061e-04
4.493888409342616796e-04
9.025238687172532082e-04
2.806447446346282959e-04
4.265211755409836769e-04
7.271405193023383617e-04
9.540947503410279751e-04
7.826394867151975632e-04
5.053767235949635506e-04
4.809056990779936314e-04
7.631226908415555954e-04
1.183411222882568836e-03
9.727596770972013474e-04
1.132575329393148422e-03
9.911566739901900291e-04
1.600127108395099640e-02
3.282112767919898033e-03
1.327266544103622437e-02
1.368998177349567413e-02
1.369881164282560349e-02
2.725108899176120758e-02
3.502572188153862953e-03
4.904157295823097229e-02
1.763147301971912384e-02
5.233330279588699341e-02
2.901475317776203156e-02
6.824858486652374268e-02
3.537546098232269287e-02
5.468088015913963318e-02
6.685604900121688843e-02
5.535690858960151672e-02
7.085599005222320557e-02
7.439591735601425171e-02
6.368490308523178101e-02
8.741229027509689331e-02
6.345439702272415161e-02
1.138891726732254028e-01
6.438986212015151978e-02
1.030612587928771973e-01
1.069804206490516663e-01
7.622921466827392578e-02
1.168870627880096436e-01
1.080455705523490906e-01
9.236860275268554688e-02
1.332716047763824463e-01
9.312610328197479248e-02
1.248905584216117859e-01
1.137365624308586121e-01
1.124273613095283508e-01
1.226963028311729431e-01
1.159463524818420410e-01
1.222187578678131104e-01
1.143780276179313660e-01
1.202048584818840027e-01
1.167847737669944763e-01
1.148047596216201782e-01
1.004313305020332336e-01
1.260521858930587769e-01
9.817311912775039673e-02
1.030955538153648376e-01
1.096964925527572632e-01
8.436898142099380493e-02
1.072095483541488647e-01
9.182414412498474121e-02
7.438629120588302612e-02
1.059534102678298950e-01
6.917663663625717163e-02
7.692028582096099854e-02
8.066186308860778809e-02
6.731811165809631348e-02
6.152334809303283691e-02
6.690134853124618530e-02
6.390268355607986450e-02
3.928603976964950562e-02
7.073962688446044922e-02
2.821763791143894196e-02
3.316577896475791931e-02
5.406995117664337158e-02
2.273327484726905823e-02
1.730264723300933838e-02
4.841425642371177673e-02
5.399723537266254425e-03
1.284219138324260712e-02
1.161182112991809845e-02
1.340205664746463299e-03
1.480146311223506927e-03
2.101800637319684029e-03
1.649885671213269234e-03
1.196883036755025387e-03
7.350452360697090626e-04
9.809506591409444809e-04
6.762387929484248161e-04
5.131026846356689930e-04
7.066176040098071098e-04
5.665445351041853428e-04
7.204615976661443710e-04
1.014184555970132351e-03
7.412218837998807430e-04
9.150269324891269207e-04
7.023381767794489861e-04
7.026733946986496449e-04
5.310281412675976753e-04
7.524778484366834164e-04
9.491087403148412704e-04
2.061003033304587007e-04
5.632361280731856823e-04
7.750989170745015144e-04
9.663235396146774292e-04
1.104910625144839287e-03
1.259628683328628540e-03
2.037950180238112807e-04
3.946281212847679853e-04
8.514047949574887753e-04
1.157778897322714329e-03
7.130574085749685764e-04
1.841871126089245081e-04
5.256878794170916080e-04
3.411040233913809061e-04
-2.281622728332877159e-04
1.477071054978296161e-05
-1.829363463912159204e-04
9.290362504543736577e-05
7.474694866687059402e-04
6.371262134052813053e-04
1.349019439658150077e-04
6.958106678212061524e-05
1.109200238715857267e-04
1.975599880097433925e-04
-2.271979974466376007e-05
5.051701446063816547e-04
3.014860267285257578e-04
-1.368602825095877051e-04
-1.070874423021450639e-04
-2.276656450703740120e-04
5.298554897308349609e-04
6.514211418107151985e-05
1.118265572586096823e-04
6.151058478280901909e-04
5.323840887285768986e-04
5.549411871470510960e-04
3.057945286855101585e-04
-6.257805507630109787e-04
-1.620744660613127053e-05
2.971002249978482723e-04
3.817366086877882481e-04
2.929921902250498533e-04
1.443649671273306012e-04
-4.410539986565709114e-04
-1.572832406964153051e-04
-6.231110455701127648e-05
3.191627620253711939e-04
1.224376173922792077e-04
5.596433184109628201e-04
5.579897551797330379e-04
-3.382268187124282122e-04
-5.186073831282556057e-04
3.405822208151221275e-04
7.643184653716161847e-05
-6.785415462218225002e-05
3.563505888450890779e-04
8.255714055849239230e-05
3.046447527594864368e-04
-1.667557662585750222e-04
-5.059966351836919785e-04
2.553918420744594187e-05
2.107780164806172252e-05
1.391862838318047579e-06
2.813516184687614441e-04
-6.870293873362243176e-05
-6.051437230780720711e-04
-5.560955614782869816e-04
-5.336198373697698116e-04
3.653746680356562138e-04
-1.142775945481844246e-04
-3.276326460763812065e-04
-8.022043766686692834e-05
2.259063185192644596e-04
1.454661542084068060e-04
2.491107152309268713e-04
8.034658094402402639e-05
1.653953077038750052e-04
5.113044753670692444e-04
9.295705240219831467e-05
7.951114093884825706e-05
4.762480093631893396e-04
1.004351535812020302e-03
1.824319770094007254e-04
6.565652438439428806e-04
2.878407030948437750e-05
1.715302496450021863e-04
-3.700315137393772602e-04
3.582980425562709570e-04
2.536121464800089598e-04
6.154664442874491215e-04
3.732854675035923719e-04
3.795329539570957422e-04
5.982209113426506519e-04
-1.041330542648211122e-04
-2.368884161114692688e-04
4.589863820001482964e-04
5.365051329135894775e-04
4.977706121280789375e-04
-2.293023135280236602e-04
3.554559370968490839e-04
1.830217661336064339e-04
-1.594562054378911853e-04
6.883656024001538754e-04
7.920130155980587006e-04
6.309101590886712074e-04
3.113133134320378304e-04
2.436265058349817991e-04
5.084837321192026138e-04
5.415838677436113358e-04
3.897698479704558849e-04
3.039684379473328590e-04
4.903152002952992916e-04
5.822002422064542770e-04
-7.702788570895791054e-05
2.715474402066320181e-04
4.907586262561380863e-04
5.398980574682354927e-04
1.080441870726644993e-03
7.450798875652253628e-04
6.571957492269575596e-04
7.387588848359882832e-04
5.707617383450269699e-04
5.593558307737112045e-04
7.584116538055241108e-04
7.237631361931562424e-04
5.448744632303714752e-04
5.350979627110064030e-04
7.092765299603343010e-04
2.470653562340885401e-04
3.702109097503125668e-04
4.991568857803940773e-04
2.446143480483442545e-04
3.979398461524397135e-04
7.435381412506103516e-04
7.365760975517332554e-04
8.358129416592419147e-04
3.715452621690928936e-04
5.209049049881286919e-06
3.944195632357150316e-04
6.681492668576538563e-04
-1.807800072128884494e-05
3.646015247795730829e-04
6.556506268680095673e-04
6.654748576693236828e-04
4.931926960125565529e-04
5.785828689113259315e-04
5.362217198126018047e-04
6.908209179528057575e-04
5.263860221020877361e-04
3.722276596818119287e-04
2.589059295132756233e-04
3.256425552535802126e-04
-2.917804231401532888e-04
2.046824665740132332e-04
4.811548569705337286e-04
5.511984927579760551e-04
1.070050348062068224e-04
4.228759789839386940e-04
4.816130094695836306e-04
1.007355167530477047e-03
8.307145326398313046e-04
5.618456634692847729e-04
7.046162500046193600e-04
3.499181475490331650e-04
4.745290789287537336e-04
9.441698784939944744e-04
7.332325330935418606e-04
8.381769875995814800e-04
3.629629500210285187e-04
4.581884131766855717e-04
9.797653183341026306e-05
4.097559140063822269e-04
3.561432240530848503e-04
5.552401416935026646e-04
5.123409209772944450e-04
3.505471686366945505e-04
2.576987317297607660e-04
6.651456351391971111e-04
2.513968211133033037e-04
5.297543248161673546e-04
4.896840546280145645e-04
2.464300487190485001e-04
