1.426402886863797903e-04
-4.350966482888907194e-04
-3.105325449723750353e-04
2.557906263973563910e-04
-6.238548085093498230e-04
3.500359889585524797e-04
1.591797772562131286e-04
-3.538936434779316187e-04
-8.009401499293744564e-04
-1.798192970454692841e-04
3.508157897158525884e-05
1.772073446772992611e-04
4.825766663998365402e-04
-5.094638909213244915e-04
6.874508108012378216e-05
4.957799683324992657e-04
2.662336919456720352e-04
4.245856835041195154e-04
-8.966080349637195468e-05
-9.433725790586322546e-05
-5.286320229060947895e-04
-1.192864583572372794e-04
-2.888643066398799419e-04
-3.792611823882907629e-04
-1.107341449824161828e-04
-6.753244670107960701e-04
-2.169569052057340741e-04
-8.007605210877954960e-04
-8.149608038365840912e-04
-5.437716608867049217e-04
3.115846775472164154e-04
-6.390095222741365433e-04
4.661489219870418310e-05
2.306825626874342561e-04
-8.604886243119835854e-04
-4.840495821554213762e-04
1.476804754929617047e-04
-5.052344640716910362e-04
-5.237954901531338692e-04
-3.208106500096619129e-04
1.775260461727157235e-04
-7.321631419472396374e-04
1.122156027122400701e-05
-1.753196556819602847e-05
-5.870244931429624557e-04
-5.526128807105123997e-04
-1.569905289215967059e-04
8.410745795117691159e-05
-2.409627923043444753e-04
-3.620499046519398689e-04
3.033100510947406292e-04
-8.173014066414907575e-05
-3.590529377106577158e-04
-5.843305189046077430e-05
8.023218833841383457e-05
-1.214808435179293156e-04
-5.089591722935438156e-04
-3.058642323594540358e-04
-1.689482160145416856e-04
-1.002516582957468927e-04
-1.342607283731922507e-04
4.239313420839607716e-05
-2.190764062106609344e-04
-4.467183898668736219e-04
-9.335299546364694834e-05
-3.879446885548532009e-04
-6.626168615184724331e-04
-2.428302832413464785e-04
-3.359455731697380543e-04
-5.554345552809536457e-04
-4.361734027042984962e-04
-1.718179410090669990e-04
-5.960398702882230282e-04
-5.445158458314836025e-04
-6.654397584497928619e-04
-3.552039925125427544e-05
-2.590880612842738628e-04
-4.269429482519626617e-04
-7.703432493144646287e-05
-2.679639146663248539e-04
-5.575934192165732384e-04
-4.967615823261439800e-04
-4.467431863304227591e-04
-5.142161971889436245e-04
-4.646061570383608341e-04
-3.271438181400299072e-04
-2.636253484524786472e-04
-2.649204398039728403e-04
-5.510949995368719101e-05
-1.376864092890173197e-04
-3.023557947017252445e-04
-2.379888901486992836e-04
-3.807578177656978369e-04
-2.775411994662135839e-04
-2.570850192569196224e-04
7.889769040048122406e-05
-6.991397240199148655e-04
-3.657040942925959826e-04
-1.153774719568900764e-04
-4.103857208974659443e-04
5.339528433978557587e-05
-3.251830639783293009e-04
-3.801062703132629395e-04
-5.213623517192900181e-04
-4.478605987969785929e-04
-2.578208514023572206e-04
-5.147164338268339634e-04
-5.360733484849333763e-04
-3.091291000600904226e-04
-6.008410709910094738e-04
-7.289488567039370537e-04
-4.390967369545251131e-04
-5.336001049727201462e-04
-6.983826751820743084e-04
-8.847067947499454021e-04
-3.725869755726307631e-04
-1.138172301580198109e-04
-1.140790409408509731e-04
-1.458850892959162593e-04
-3.829485794994980097e-04
-3.720199747476726770e-04
-3.746802394744008780e-04
-4.260607820469886065e-04
-4.609327006619423628e-04
-4.578680382110178471e-04
-4.385630600154399872e-04
-5.809951107949018478e-04
-8.071607444435358047e-04
-4.046435933560132980e-04
-4.884204245172441006e-04
-2.498336252756416798e-04
-7.080995128490030766e-04
-1.019662595354020596e-03
-8.898494997993111610e-04
-6.984075298532843590e-04
-4.398809978738427162e-04
-7.373940898105502129e-04
-7.008403190411627293e-04
-7.925774552859365940e-04
-6.302613765001296997e-04
-8.417894714511930943e-04
-8.644339977763593197e-04
-9.681897237896919250e-03
-1.223839004524052143e-03
-2.000009268522262573e-02
-7.303130696527659893e-04
-2.675393596291542053e-02
-6.557625252753496170e-03
-3.070243261754512787e-02
-2.046554908156394958e-02
-3.449530526995658875e-02
-3.547432646155357361e-02
-3.894251212477684021e-02
-5.147964134812355042e-02
-4.252538084983825684e-02
-5.913539230823516846e-02
-6.160869076848030090e-02
-5.862054228782653809e-02
-8.116571605205535889e-02
-6.639786064624786377e-02
-9.412838518619537354e-02
-8.578691631555557251e-02
-9.851034730672836304e-02
-1.059218943119049072e-01
-1.011781617999076843e-01
-1.221804618835449219e-01
-1.082372069358825684e-01
-1.337139308452606201e-01
-1.160317957401275635e-01
-1.366077363491058350e-01
-1.353966146707534790e-01
-1.330011337995529175e-01
-1.420582234859466553e-01
-1.355599910020828247e-01
-1.414792984724044800e-01
-1.345773339271545410e-01
-1.413504481315612793e-01
-1.232282221317291260e-01
-1.397796422243118286e-01
-1.168376356363296509e-01
-1.283044964075088501e-01
-1.060125753283500671e-01
-1.122756376862525940e-01
-9.799412637948989868e-02
-9.557689726352691650e-02
-8.205191045999526978e-02
-8.507172018289566040e-02
-6.710211932659149170e-02
-7.284840196371078491e-02
-5.226971209049224854e-02
-6.497639417648315430e-02
-4.683274403214454651e-02
-5.614535510540008545e-02
-3.756906092166900635e-02
-4.228123649954795837e-02
-2.638500556349754333e-02
-3.078271821141242981e-02
-1.247884798794984818e-02
-1.405707839876413345e-02
-5.324245430529117584e-03
-8.112359209917485714e-04
-7.202529232017695904e-04
-6.505241617560386658e-04
-6.904642796143889427e-04
-9.576393058523535728e-04
-6.636842153966426849e-04
-8.390579023398458958e-04
-5.061560659669339657e-04
-4.478491900954395533e-04
-7.967696874402463436e-04
-8.504010620526969433e-04
-7.575072231702506542e-04
-7.733979873592033982e-05
4.024716690764762461e-05
-2.392208843957632780e-04
-5.236492725089192390e-04
1.269158674404025078e-04
4.848659445997327566e-04
1.869519655883777887e-05
-1.254745729966089129e-04
-8.653553231852129102e-05
-6.971701077418401837e-05
1.434433506801724434e-04
3.243240353185683489e-04
-8.895373866835143417e-06
-4.116932977922260761e-04
-3.478311118669807911e-04
-5.485841029440052807e-05
4.156155409873463213e-05
-2.469051396474242210e-04
-4.419480974320322275e-04
-1.747420901665464044e-05
-5.022753248340450227e-05
-1.380252797389402986e-04
-6.639017374254763126e-05
-1.885202509583905339e-04
5.867419167771004140e-05
9.856014366960152984e-05
-1.708994532236829400e-04
-1.270300854230299592e-04
-2.389372966717928648e-04
-4.281920264475047588e-04
-5.707661039195954800e-04
-4.248138575349003077e-04
-2.513246436137706041e-04
-3.278608783148229122e-04
-7.056546164676547050e-04
-4.523540847003459930e-04
-4.111216694582253695e-04
-3.859839926008135080e-04
-1.539913500891998410e-05
-3.554012801032513380e-04
-1.115075647248886526e-04
-2.933476062025874853e-04
-4.487234691623598337e-04
-3.089663223363459110e-04
-3.275987692177295685e-04
-3.918820875696837902e-04
-5.037987721152603626e-04
-3.898320719599723816e-04
-3.238601493649184704e-04
-3.084900672547519207e-04
-2.395917545072734356e-04
-1.284733443753793836e-04
-2.478298847563564777e-04
-5.708396784029901028e-04
-4.342534521128982306e-04
-4.334523109719157219e-04
-3.265170380473136902e-04
-8.549180347472429276e-05
-6.785776349715888500e-05
-1.806348009267821908e-04
-1.185948785860091448e-04
-2.484852448105812073e-04
-2.450823376420885324e-04
-6.463811732828617096e-04
-4.201240371912717819e-04
-3.437881241552531719e-04
-4.820520407520234585e-04
-5.618955474346876144e-04
-2.519498520996421576e-04
-3.183793160133063793e-05
-1.968152500921860337e-04
-3.938265435863286257e-04
-3.055623674299567938e-04
-4.632183990906924009e-04
-4.638187238015234470e-05
-5.991363432258367538e-04
-3.809896588791161776e-04
-2.369875292060896754e-04
-3.415213141124695539e-04
-3.397248219698667526e-04
3.281729368609376252e-05
-1.371053658658638597e-04
-5.637253707391209900e-05
1.615780638530850410e-05
-2.548535412643104792e-04
-1.782042090781033039e-04
-4.801912655238993466e-05
-4.966584965586662292e-04
-2.011929318541660905e-04
-5.812234594486653805e-04
-2.417384093860164285e-04
-2.039737009909003973e-04
-1.438747567590326071e-04
-3.203156520612537861e-04
-2.184130280511453748e-04
7.549364090664312243e-05
-3.591100103221833706e-04
-3.176485188305377960e-04
-4.171242835582233965e-05
-1.707163610262796283e-04
-1.275217509828507900e-04
-1.319303555646911263e-04
-1.564304548082873225e-04
-4.853939753957092762e-05
-2.428056322969496250e-04
-5.980209098197519779e-04
-3.522752376738935709e-04
-3.352580461069010198e-05
-3.021444717887789011e-04
-4.472176660783588886e-04
-2.261463523609563708e-04
3.246141568524762988e-05
-3.376763779670000076e-04
-2.587560156825929880e-04
-6.102254337747581303e-05
7.269803609233349562e-05
-4.255778039805591106e-04
1.776066055754199624e-04
1.852280402090400457e-04
7.082870433805510402e-05
-1.222354767378419638e-04
4.647534296964295208e-05
-5.321034695953130722e-04
-6.601118366234004498e-04
-1.030998027999885380e-04
-3.668536082841455936e-04
-6.149503169581294060e-04
-1.875346060842275620e-04
1.604528515599668026e-04
3.783126885537058115e-05
-3.065490818698890507e-05
-7.286677719093859196e-04
-2.563765738159418106e-04
-5.152512458153069019e-04
1.807764238037634641e-05
-5.076648085378110409e-05
-1.624889773665927351e-05
-2.356240584049373865e-04
1.317476417170837522e-04
-1.910784048959612846e-04
1.234762021340429783e-04
-1.370171376038342714e-04
-1.177162994281388819e-04
-7.201965199783444405e-04
-3.070678940275683999e-05
-3.195043827872723341e-04
-9.441262809559702873e-04
-2.580502477940171957e-04
-1.306813064729794860e-04
-3.135230508632957935e-05
-2.701559569686651230e-04
2.926107845269143581e-04
-4.174723289906978607e-04
-1.530911395093426108e-04
7.636845839442685246e-05
-7.462900248356163502e-05
-7.561293314211070538e-04
-4.676867974922060966e-04
-3.784773580264300108e-04
-5.002597463317215443e-04
-1.391034948028391227e-05
-7.199012907221913338e-04
-4.786510544363409281e-04
-2.222715120296925306e-04
-2.747746475506573915e-04
-1.654865045566111803e-04
-4.750733496621251106e-04
-1.014453591778874397e-04
-3.441253211349248886e-04
-1.333215477643534541e-04
-9.204241359839215875e-05
-5.727754905819892883e-04
1.359977322863414884e-04
-4.567196883726865053e-04
-5.352375228540040553e-05
1.753552351146936417e-05
-1.998670923057943583e-04
-1.810690882848575711e-04
-4.338005965109914541e-04
-3.556953452061861753e-04
-8.658836013637483120e-04
2.832399040926247835e-04
-6.341802654787898064e-04
-5.583648453466594219e-04
-5.015432634536409751e-06
-2.853511250577867031e-04
-2.953209332190454006e-04
-5.026471917517483234e-04
-4.558183718472719193e-04
