-1.074279352906160057e-04
-8.291442645713686943e-04
-7.562971441075205803e-04
-1.161335967481136322e-04
-9.002901497296988964e-04
1.920021022669970989e-04
-6.155099254101514816e-05
-1.207517834700411186e-05
-8.892292389646172523e-04
-5.011806497350335121e-04
-1.175861340016126633e-03
-1.155167352408170700e-03
-7.152453763410449028e-04
-1.266955514438450336e-03
9.122331539401784539e-05
-3.452639211900532246e-04
-1.181612897198647261e-04
-1.177480677142739296e-03
-1.981111563509330153e-04
-6.619220948778092861e-04
-5.761063075624406338e-04
-1.067367149516940117e-03
-1.113385311327874660e-03
-9.006275795400142670e-04
-1.936426269821822643e-04
1.809546229196712375e-04
-1.555185182951390743e-03
-1.844514044933021069e-04
-3.181401989422738552e-04
-9.157453314401209354e-04
-9.273794712498784065e-04
1.010184176266193390e-03
-2.117827971233054996e-04
3.021580632776021957e-04
5.301055498421192169e-04
1.040332936099730432e-04
3.381854621693491936e-04
-1.062562223523855209e-03
4.914699820801615715e-04
-3.539508325047791004e-04
5.203320761211216450e-04
1.053743981174193323e-04
4.403682250995188951e-04
-9.320335811935365200e-05
4.156768263783305883e-04
-3.741882683243602514e-04
-7.058599148876965046e-04
6.155782612040638924e-04
9.575881995260715485e-04
-2.292338467668741941e-04
-2.226267679361626506e-04
4.753338289447128773e-04
4.125272389501333237e-04
4.754769324790686369e-04
1.452923315810039639e-04
9.056089329533278942e-04
1.186402281746268272e-03
3.071735409321263433e-05
-1.704501119093038142e-05
3.084710333496332169e-04
7.434139843098819256e-04
3.481047751847654581e-04
5.353703745640814304e-04
5.865644197911024094e-04
-2.826176933012902737e-04
1.583557343110442162e-03
6.045316695235669613e-04
-6.776042864657938480e-04
4.485526296775788069e-04
-4.970271038473583758e-05
5.500580882653594017e-04
1.147324452176690102e-03
1.143630128353834152e-03
1.419148291461169720e-03
4.943841486237943172e-04
7.011023117229342461e-04
3.880070580635219812e-04
-3.835795505437999964e-04
3.679303918033838272e-04
-3.606732061598449945e-04
-1.944181567523628473e-04
7.360960007645189762e-04
3.851666406262665987e-04
2.647818764671683311e-04
-7.034024456515908241e-04
1.005520229227840900e-03
7.438479224219918251e-04
-2.491883351467549801e-04
4.624994762707501650e-04
-3.285424318164587021e-04
3.807241155300289392e-04
2.818659413605928421e-04
3.891790111083537340e-04
5.829996662214398384e-04
-1.308791106566786766e-04
3.772327618207782507e-04
-3.760737308766692877e-05
3.638425841927528381e-04
8.767482941038906574e-04
2.478312817402184010e-04
-6.381173734553158283e-04
-1.835960720200091600e-04
1.690353819867596030e-04
-3.186519315931946039e-04
-3.820554993581026793e-04
-5.157393752597272396e-04
9.182762005366384983e-04
1.137807965278625488e-03
3.013228415511548519e-04
4.787141224369406700e-04
-5.190814408706501126e-05
-4.976667696610093117e-04
-2.740921045187860727e-04
8.738483302295207977e-04
3.214851312804967165e-04
3.202666121069341898e-04
-1.782974140951409936e-04
1.507695706095546484e-04
2.530888014007359743e-04
-9.033157402882352471e-05
1.046899356879293919e-03
1.356362481601536274e-03
1.042040414176881313e-03
4.796387220267206430e-04
8.381786174140870571e-04
-5.668455851264297962e-04
-2.400322409812361002e-04
2.086803433485329151e-04
-1.402265916112810373e-04
-6.296667270362377167e-04
-8.893514313967898488e-05
-5.648836959153413773e-04
-2.879133098758757114e-04
1.022730211843736470e-04
-2.408079599263146520e-04
-5.592828383669257164e-04
-4.770673695020377636e-04
-2.773182641249150038e-04
-2.607654023449867964e-04
-2.831160090863704681e-04
-6.434722454287111759e-04
-6.606391980312764645e-04
-2.574935206212103367e-04
-6.690886220894753933e-04
-4.588294832501560450e-04
5.307445462676696479e-06
-6.515909917652606964e-04
4.577354411594569683e-05
5.416349740698933601e-04
1.400805922457948327e-04
4.459268238861113787e-04
5.650595412589609623e-04
1.231825590366497636e-04
-5.875196802662685513e-05
6.916792481206357479e-04
4.136264789849519730e-03
4.213755950331687927e-03
8.737523108720779419e-03
1.617372408509254456e-02
1.869747415184974670e-02
2.811304293572902679e-02
3.531753644347190857e-02
3.959670290350914001e-02
4.458769410848617554e-02
5.342550948262214661e-02
6.274401396512985229e-02
6.312621384859085083e-02
7.673668116331100464e-02
8.079642057418823242e-02
9.508357197046279907e-02
1.014629825949668884e-01
1.103755533695220947e-01
1.203702464699745178e-01
1.324059218168258667e-01
1.420156657695770264e-01
1.469327956438064575e-01
1.632152646780014038e-01
1.602398455142974854e-01
1.670641601085662842e-01
1.717682182788848877e-01
1.762885302305221558e-01
1.756263226270675659e-01
1.745960116386413574e-01
1.727707386016845703e-01
1.698348373174667358e-01
1.565592437982559204e-01
1.493411511182785034e-01
1.332595646381378174e-01
1.253682971000671387e-01
1.083004176616668701e-01
8.871944993734359741e-02
7.604815065860748291e-02
6.090754643082618713e-02
5.231703445315361023e-02
4.668484255671501160e-02
4.670696705579757690e-02
3.216472640633583069e-02
2.527801878750324249e-02
1.478142011910676956e-02
1.429134607315063477e-02
1.954667270183563232e-03
2.647240413352847099e-03
1.581259071826934814e-03
1.190828857943415642e-03
6.336423102766275406e-04
1.113901380449533463e-03
1.733030221657827497e-04
1.752638199832290411e-04
5.970505881123244762e-04
-1.713342353468760848e-04
-4.102239036001265049e-04
7.719311979599297047e-04
5.738948821090161800e-04
4.166500002611428499e-04
-3.382002178113907576e-04
3.418315463932231069e-05
-5.062958225607872009e-04
1.828754902817308903e-04
3.224208194296807051e-05
-9.608332766219973564e-04
-3.529118112055584788e-05
6.430050125345587730e-04
2.564555325079709291e-04
-7.689476478844881058e-04
-7.612408080603927374e-05
2.224799391115084291e-04
-7.695159874856472015e-04
-1.413706340827047825e-04
6.397459947038441896e-05
-1.359453599434345961e-04
6.791434134356677532e-04
5.649652448482811451e-04
-1.386626972816884518e-04
-2.221557406301144511e-05
-2.678263408597558737e-04
-8.345685200765728951e-04
-2.247605589218437672e-04
-9.944945486495271325e-05
-4.024712252430617809e-04
-8.797267219051718712e-04
-3.610382264014333487e-04
-2.313236618647351861e-04
-9.028420754475519061e-05
-9.019735734909772873e-04
6.665439577773213387e-04
3.314919304102659225e-04
-5.083128344267606735e-04
-3.191424766555428505e-04
-7.063460652716457844e-04
-2.800990769173949957e-04
1.987187424674630165e-04
4.116011259611696005e-04
7.737029227428138256e-04
3.041738818865269423e-04
-1.323860196862369776e-04
2.253506390843540430e-04
1.569258456584066153e-04
-1.062860101228579879e-04
-7.469929405488073826e-04
3.538315067999064922e-04
1.161019281425978988e-05
-2.875376958400011063e-04
-8.039757958613336086e-04
1.622455747565254569e-04
5.336569156497716904e-04
2.506552555132657290e-04
-3.510518581606447697e-04
-2.619433416839456186e-06
-3.752592601813375950e-04
-7.152343750931322575e-04
-5.794768803752958775e-04
-8.427947759628295898e-04
-8.276620646938681602e-04
-8.926656446419656277e-04
-7.248484762385487556e-04
-5.905373836867511272e-04
-6.009134231135249138e-04
-5.351395229808986187e-04
-9.089491868508048356e-06
-1.338212052360177040e-03
-3.455507103353738785e-04
2.722376957535743713e-04
-5.261208862066268921e-04
-2.794229949358850718e-04
1.564752710692118853e-05
-3.440386790316551924e-04
3.148743417114019394e-04
3.291103930678218603e-04
-2.819632982209441252e-06
-2.958739059977233410e-04
-7.736923289485275745e-04
-5.623715114779770374e-04
-5.918109673075377941e-04
-5.883662379346787930e-04
-5.628900253213942051e-04
-3.903628967236727476e-04
-3.220691360183991492e-05
3.301064134575426579e-04
-5.333452718332409859e-04
-3.631134459283202887e-04
-1.291150547331199050e-04
1.946276606759056449e-04
-5.353434826247394085e-04
9.929561056196689606e-04
6.967207445995882154e-05
-5.808915011584758759e-04
-1.608923485036939383e-04
1.204860978759825230e-03
7.016656454652547836e-04
-2.498741378076374531e-04
-5.042888806201517582e-04
-2.601650194264948368e-04
4.599420644808560610e-04
7.916236645542085171e-04
2.938856778200715780e-04
-2.607642672955989838e-04
1.721094886306673288e-04
1.058612600900232792e-03
-4.716730618383735418e-04
-3.352029889356344938e-04
4.966550040990114212e-04
-9.719716035760939121e-05
-3.117061278317123652e-04
-7.947114681883249432e-06
-1.555168564664199948e-04
-6.237428169697523117e-04
-3.964668721891939640e-04
2.454931964166462421e-04
-1.556319330120459199e-04
5.303173093125224113e-04
3.038242284674197435e-04
-2.588818824733607471e-05
-9.664970275480300188e-05
6.506469217129051685e-04
5.048299208283424377e-04
2.244070929009467363e-04
1.935767068061977625e-04
1.170914911199361086e-04
6.670894217677414417e-04
5.564582534134387970e-05
1.391568657709285617e-04
6.272246246226131916e-04
4.708672640845179558e-04
4.476730537135154009e-04
1.120048182201571763e-04
4.703507001977413893e-04
-3.473444958217442036e-04
-4.748628416564315557e-04
-1.552500616526231170e-04
3.783084102906286716e-04
1.563870901009067893e-04
3.986826632171869278e-04
-1.580277603352442384e-04
-2.836133935488760471e-04
3.593628061935305595e-04
7.964102551341056824e-04
6.103581399656832218e-04
-5.143905291333794594e-04
-2.984536404255777597e-04
-8.889733580872416496e-04
9.640442440286278725e-04
-9.718463988974690437e-04
-1.627746241865679622e-04
-7.043759105727076530e-04
-8.471073233522474766e-04
3.825853855232708156e-05
-3.637340560089796782e-04
-8.032995538087561727e-06
3.804177104029804468e-04
-9.804847650229930878e-04
-2.159895957447588444e-04
-1.321515592280775309e-04
-7.975845946930348873e-04
-6.942286854609847069e-04
2.514129446353763342e-04
3.565695078577846289e-04
-2.425101702101528645e-04
-5.641576717607676983e-04
4.412395646795630455e-04
-8.244354394264519215e-04
-2.458246308378875256e-04
1.685697789071127772e-04
-1.830849942052736878e-04
3.342957643326371908e-04
-1.890836028906051069e-05
-4.334327531978487968e-04
-7.646260200999677181e-05
-6.608862895518541336e-04
-3.112862177658826113e-04
-9.566078078933060169e-04
-7.562271784991025925e-04
-4.643330175895243883e-04
1.718884886940941215e-04
6.250293808989226818e-04
4.899477789876982570e-05
-9.599453187547624111e-05
3.812313661910593510e-04
5.617253482341766357e-04
-1.234648050740361214e-03
3.595023881644010544e-04
3.792667703237384558e-04
