-4.855991282965987921e-04
-6.967624649405479431e-04
-2.671618422027677298e-04
-1.906493707792833447e-04
-4.206200537737458944e-04
-2.768190752249211073e-04
-2.336094330530613661e-04
-3.037354617845267057e-04
-5.028280429542064667e-04
-4.356611461844295263e-04
-4.447878745850175619e-04
-4.604931746143847704e-04
-2.783696108963340521e-04
-2.610477677080780268e-04
-3.114209539489820600e-05
-2.373099559918045998e-04
-5.300115444697439671e-04
-6.316575454548001289e-04
-1.903047232190147042e-04
-3.673405153676867485e-04
-5.472116754390299320e-04
-3.943826013710349798e-04
-7.698038243688642979e-04
-7.398581947200000286e-04
1.046717370627447963e-04
-2.315392775926738977e-04
-2.976676332764327526e-04
-2.690670662559568882e-04
-2.681928162928670645e-04
-2.575714897830039263e-04
-1.976902858586981893e-04
-1.265930332010611892e-04
-5.220295861363410950e-04
-4.147545550949871540e-04
-6.426495383493602276e-04
-5.853400798514485359e-04
-2.032376214629039168e-04
-8.372531010536476970e-05
-2.847470568667631596e-05
-2.361089718760922551e-04
7.166650902945548296e-05
-2.016173530137166381e-04
-7.320369477383792400e-04
-2.149271604139357805e-04
-1.522507373010739684e-04
-4.950800212100148201e-04
-1.909712300403043628e-04
2.223750016128178686e-06
-2.556908002588897943e-04
-2.767958212643861771e-04
-2.908903115894645452e-04
-2.330172719666734338e-04
-2.739930059760808945e-04
-7.878542237449437380e-05
-4.248344339430332184e-04
-5.429672892205417156e-04
-6.110318936407566071e-04
-1.656550884945318103e-04
-3.322956908959895372e-04
-3.150484990328550339e-04
-2.729664265643805265e-04
-3.540281031746417284e-04
-1.374462735839188099e-04
-5.080087576061487198e-04
-1.428131945431232452e-04
-1.361059985356405377e-04
-2.396555792074650526e-04
-1.905511890072375536e-04
-5.295816226862370968e-04
-5.006864084862172604e-04
-3.407246258575469255e-04
-3.419136337470263243e-04
-1.161799882538616657e-04
-2.470141334924846888e-04
-7.351653184741735458e-04
-6.284340634010732174e-04
-2.705119259189814329e-04
-3.970703983213752508e-04
-4.807040677405893803e-04
1.661763235460966825e-04
-3.379202389623969793e-04
-1.012027641991153359e-04
-3.962811897508800030e-04
-5.100024282000958920e-04
-5.060480325482785702e-04
-4.129958979319781065e-04
-1.913105952553451061e-04
3.552617272362112999e-05
-7.056213507894426584e-05
-4.020909836981445551e-04
-7.726250332780182362e-04
-6.624988163821399212e-04
-3.707642899826169014e-04
-1.350994571112096310e-04
-3.038243739865720272e-04
-4.135575145483016968e-04
-4.407601954881101847e-04
-4.077034827787429094e-04
-3.841698053292930126e-04
-3.389511257410049438e-04
-6.219074712134897709e-04
-5.698126624338328838e-04
-5.972961080260574818e-04
-4.575516504701226950e-04
-5.652237450703978539e-04
-3.509583766572177410e-04
-7.420597830787301064e-05
-2.306296373717486858e-04
-5.621530581265687943e-04
-7.182049448601901531e-04
-6.439235876314342022e-04
-5.237517761997878551e-04
-5.643052863888442516e-04
-2.518162655178457499e-04
-3.937457804568111897e-04
-5.076631205156445503e-04
-7.303536403924226761e-04
-6.259335787035524845e-04
-3.789691254496574402e-04
-5.123687442392110825e-04
-3.867223276756703854e-04
-4.256544925738126040e-04
-2.355807082494720817e-04
-6.239768699742853642e-04
-4.584567795973271132e-04
-4.725772014353424311e-04
-4.859029431827366352e-04
-1.755164412315934896e-04
-6.374648655764758587e-04
-7.336593116633594036e-04
-8.131456561386585236e-04
-7.233835640363395214e-04
-2.116330142598599195e-04
-2.685647923499345779e-04
-3.156060120090842247e-04
-2.892925840569660068e-05
1.321481395279988647e-04
-1.719241845421493053e-04
1.240771525772288442e-04
1.200407277792692184e-02
1.952023885678499937e-04
1.695817708969116211e-02
1.085522933863103390e-03
1.974793709814548492e-02
2.388566173613071442e-02
2.423670329153537750e-02
3.610887750983238220e-02
4.203594848513603210e-02
3.222496062517166138e-02
5.479712411761283875e-02
3.605538234114646912e-02
7.301196455955505371e-02
4.780622199177742004e-02
7.393295317888259888e-02
7.552632689476013184e-02
7.021816819906234741e-02
9.170031547546386719e-02
8.961871266365051270e-02
9.017983078956604004e-02
1.127623766660690308e-01
8.960926532745361328e-02
1.170324087142944336e-01
1.125586181879043579e-01
1.145123243331909180e-01
1.234023645520210266e-01
1.237529963254928589e-01
1.285358220338821411e-01
1.281253248453140259e-01
1.342740505933761597e-01
1.283253729343414307e-01
1.355906724929809570e-01
1.279516220092773438e-01
1.350424736738204956e-01
1.214544475078582764e-01
1.213781908154487610e-01
1.225745901465415955e-01
1.090405434370040894e-01
1.176359504461288452e-01
1.117989942431449890e-01
9.941308200359344482e-02
1.099972948431968689e-01
8.661976456642150879e-02
8.876235038042068481e-02
8.489338308572769165e-02
7.605510950088500977e-02
7.751516997814178467e-02
7.102428376674652100e-02
7.448817044496536255e-02
5.403501912951469421e-02
6.773033738136291504e-02
4.205028712749481201e-02
4.177881777286529541e-02
4.973142594099044800e-02
3.720208629965782166e-02
3.096453472971916199e-02
3.898346051573753357e-02
1.497167255729436874e-02
1.651416160166263580e-02
9.307734668254852295e-03
2.300417749211192131e-03
4.641527193598449230e-04
6.738093798048794270e-04
5.955111919320188463e-05
-1.709034841042011976e-04
-1.180254548671655357e-04
-4.146100836805999279e-04
-1.296077243750914931e-04
-8.114019874483346939e-05
-3.087738878093659878e-04
-8.060458349063992500e-04
-5.199813749641180038e-04
-7.887161336839199066e-04
-3.226319386158138514e-04
-7.723820162937045097e-04
-6.885125185362994671e-04
-3.358722606208175421e-04
-3.672845195978879929e-04
-2.775505708996206522e-04
-2.983767772093415260e-04
-8.768860716372728348e-04
-8.985666790977120399e-04
-8.068074821494519711e-04
-6.123132188804447651e-04
-5.302591016516089439e-04
-4.238221736159175634e-04
-7.363626500591635704e-04
-7.147366413846611977e-04
-7.826496148481965065e-04
-6.076805875636637211e-04
-8.060566615313291550e-04
-8.136726100929081440e-04
-5.302031058818101883e-04
-4.678502155002206564e-04
-3.898772702086716890e-04
-2.705478400457650423e-04
-6.881707231514155865e-04
-4.908958799205720425e-04
-5.511165363714098930e-04
-6.894863327033817768e-04
-5.417583743110299110e-04
-6.431149668060243130e-04
-8.324772352352738380e-04
-7.793179829604923725e-04
-5.365901743061840534e-04
-3.514442360028624535e-04
-4.757524584420025349e-04
-9.672102751210331917e-04
-7.407680386677384377e-04
-6.152522983029484749e-04
-8.756824536249041557e-04
-5.704272189177572727e-04
-5.754802841693162918e-04
-4.736327973660081625e-04
-7.797014550305902958e-04
-9.851687354966998100e-04
-8.020398090593516827e-04
-5.936287925578653812e-04
-3.641792864073067904e-04
-7.443358190357685089e-04
-7.053503068163990974e-04
-8.582845912314951420e-04
-3.382060094736516476e-04
-5.956896930001676083e-04
-7.220788975246250629e-04
-4.883458022959530354e-04
-4.838569147977977991e-04
-4.045016830787062645e-04
-5.488326423801481724e-04
-9.084332268685102463e-04
-4.343494947534054518e-04
-3.964184725191444159e-04
-6.493728142231702805e-04
-4.643362772185355425e-04
-5.626521306112408638e-04
-4.404854262247681618e-04
-2.135085233021527529e-04
-4.537248751148581505e-04
-4.378608718980103731e-04
-5.681109032593667507e-04
-6.855531828477978706e-04
-6.060973391868174076e-04
-6.674142787232995033e-04
-5.771123105660080910e-04
-3.682411916088312864e-04
-2.619167789816856384e-04
-4.157553485129028559e-04
-3.668218269012868404e-04
-6.156920571811497211e-04
-6.198417977429926395e-04
-1.829067914513871074e-04
-1.622449635760858655e-04
-2.238273445982486010e-04
-2.775308967102319002e-04
5.966483149677515030e-04
-2.227295481134206057e-04
-2.750188868958503008e-04
-2.598506980575621128e-04
-4.602809203788638115e-04
-5.108623299747705460e-04
-3.805275191552937031e-04
-2.494934306014329195e-04
-6.022026645950973034e-04
-9.875989053398370743e-05
-2.720067568589001894e-04
-3.399040433578193188e-04
-6.624220404773950577e-04
-5.817080964334309101e-04
-6.032178644090890884e-04
-5.458740633912384510e-04
-3.467214410193264484e-04
-1.554078626213595271e-04
-8.962521678768098354e-04
-4.597037623170763254e-04
-7.178289815783500671e-04
-5.811547162011265755e-04
-5.644620978273451328e-04
-2.675441501196473837e-04
-6.734436028636991978e-04
-3.992034471593797207e-04
-3.166393144056200981e-04
-3.611500142142176628e-04
-3.590696433093398809e-04
2.508485631551593542e-04
-7.153589976951479912e-04
-5.303740617819130421e-04
-2.709797117859125137e-04
-2.318190818186849356e-04
-3.000426513608545065e-04
-7.454122533090412617e-04
-3.719045489560812712e-04
1.860585762187838554e-04
1.418327738065272570e-04
7.244002335937693715e-05
-2.176959969801828265e-04
-2.496614761184900999e-04
7.119142537703737617e-05
7.390825339825823903e-05
-9.046149207279086113e-04
-9.096876601688563824e-04
-4.503118980210274458e-04
-3.608370025176554918e-04
-4.909925628453493118e-04
-2.895666111726313829e-04
-2.699473116081207991e-04
-4.651421331800520420e-04
-6.068244692869484425e-04
-8.234006818383932114e-04
-3.790546325035393238e-04
-3.506687935441732407e-04
-6.512370891869068146e-04
2.084697189275175333e-04
-7.355911657214164734e-04
-1.095812767744064331e-03
-3.789359470829367638e-04
-2.055286167887970805e-04
-6.809228798374533653e-04
-1.205480657517910004e-03
-4.272189689800143242e-04
-7.621589465998113155e-04
-3.699461522046476603e-04
-8.340534404851496220e-04
-8.742769132368266582e-04
-6.406380562111735344e-04
-8.416975033469498158e-04
-8.309511467814445496e-04
-9.174403385259211063e-04
-6.240900256671011448e-04
-8.791142026893794537e-04
-9.946731152012944221e-04
-5.630839150398969650e-04
-3.962875343859195709e-04
-4.638449172489345074e-04
-2.319425548193976283e-04
-1.052021281793713570e-03
-3.016470873262733221e-04
-1.213002135045826435e-03
-2.253142592962831259e-04
-5.095631931908428669e-04
-1.240938901901245117e-03
-8.585799369029700756e-04
-6.290837773121893406e-04
-7.483094814233481884e-04
-4.866490780841559172e-04
-9.378131944686174393e-04
-9.648815030232071877e-04
-1.006761565804481506e-03
-9.561137412674725056e-04
-9.351524058729410172e-04
-5.518770776689052582e-04
-8.164213504642248154e-04
-3.018312563654035330e-04
-1.264454098418354988e-03
-7.827662630006670952e-04
-6.350476178340613842e-04
-5.220833700150251389e-04
-3.098774177487939596e-04
-1.067656325176358223e-03
-7.805087370797991753e-04
-1.428269897587597370e-03
-4.549591976683586836e-04
-9.305390412919223309e-04
