1.906935794977471232e-04
6.002892405376769602e-05
6.958195008337497711e-04
1.716010738164186478e-04
5.029122112318873405e-04
6.187814869917929173e-04
2.531282952986657619e-04
6.396749085979536176e-05
1.664035517023876309e-04
-6.778589158784598112e-05
5.658000009134411812e-04
4.910948337055742741e-04
3.304743149783462286e-04
9.498486761003732681e-04
4.241616406943649054e-04
1.105343471863307059e-04
-3.240922524128109217e-04
4.680313868448138237e-04
5.451111937873065472e-04
3.943748015444725752e-04
6.230223225429654121e-04
6.513557163998484612e-04
5.303985089994966984e-04
4.118513024877756834e-04
1.214674790389835835e-03
3.283251135144382715e-05
4.952884628437459469e-04
6.443527527153491974e-04
6.273949984461069107e-04
4.218473914079368114e-04
-4.676382377510890365e-05
4.824820207431912422e-04
8.262761402875185013e-04
7.991857128217816353e-04
4.436523304320871830e-04
5.595412221737205982e-04
4.553596372716128826e-04
5.036795046180486679e-04
2.942752907983958721e-04
4.725519393105059862e-04
4.428692045621573925e-04
7.384263444691896439e-04
6.748783634975552559e-04
4.490613646339625120e-04
4.534850595518946648e-04
9.750899043865501881e-04
3.844028688035905361e-04
4.008594260085374117e-04
6.706304266117513180e-04
1.648088364163413644e-04
7.780962041579186916e-04
9.621884673833847046e-04
1.212963034049607813e-04
5.353487213142216206e-04
7.737718406133353710e-04
9.859317215159535408e-04
3.405277675483375788e-04
5.528334877453744411e-04
4.286992189008742571e-04
1.252958900295197964e-04
4.225458833388984203e-04
3.856141847791150212e-05
2.758844057098031044e-04
5.004291888326406479e-04
7.211047341115772724e-04
7.513178279623389244e-04
5.078651010990142822e-04
6.571550620719790459e-04
4.298961721360683441e-04
8.930103504098951817e-04
8.391091832891106606e-04
5.945536540821194649e-04
4.301432927604764700e-04
-2.698448079172521830e-04
-1.017129325191490352e-04
5.332356668077409267e-04
1.024085868266411126e-04
1.555721828481182456e-04
6.320318789221346378e-04
4.087299457751214504e-04
4.220951523166149855e-04
8.174484246410429478e-04
6.069641676731407642e-04
6.496160058304667473e-04
4.551095189526677132e-04
7.961515802890062332e-04
3.583131183404475451e-04
-2.379621146246790886e-04
7.395284483209252357e-04
-1.826752268243581057e-04
2.849630254786461592e-04
8.006194839254021645e-04
8.536824025213718414e-04
6.392526556737720966e-04
7.508766138926148415e-04
4.436205490492284298e-04
6.475631962530314922e-04
6.237956113182008266e-04
7.437726599164307117e-04
5.315988673828542233e-04
9.294826886616647243e-04
3.565077786333858967e-04
6.383811123669147491e-04
2.953884250018745661e-04
7.743123569525778294e-04
-5.839635196025483310e-05
4.281372239347547293e-04
2.847667201422154903e-04
1.711550430627539754e-04
8.161323494277894497e-04
5.251269903965294361e-04
5.483693676069378853e-04
7.350483792833983898e-04
8.603765163570642471e-04
5.270540714263916016e-04
7.821976905688643456e-04
3.809499321505427361e-04
4.414188733790069818e-04
7.347392383962869644e-04
4.627057933248579502e-04
4.291445948183536530e-04
3.033147950191050768e-04
3.283671394456177950e-04
7.379184244200587273e-04
8.318041800521314144e-04
8.494482608512043953e-04
6.453492096625268459e-04
4.627609741874039173e-04
6.617080071009695530e-04
6.279933149926364422e-04
7.456066086888313293e-04
6.861567962914705276e-04
-6.942801701370626688e-05
1.568954030517488718e-04
5.115839885547757149e-04
6.209290586411952972e-04
3.859191201627254486e-04
5.098929395899176598e-04
6.774870562367141247e-04
3.983319329563528299e-04
3.416526596993207932e-04
2.683836792130023241e-04
-3.235518670408055186e-05
-1.950254663825035095e-04
2.485502336639910936e-04
1.035295936162583530e-04
6.107399822212755680e-04
8.605642942711710930e-04
9.361097472719848156e-04
7.379333255812525749e-04
7.697588880546391010e-04
7.810246897861361504e-04
6.499108276329934597e-04
9.083122859010472894e-05
5.876156501471996307e-04
6.304656271822750568e-04
8.205090853152796626e-05
6.014991668052971363e-04
2.284166839672252536e-04
4.235417873132973909e-04
2.965363091789186001e-04
7.063914672471582890e-04
7.022254285402595997e-04
6.493103574030101299e-04
3.154930309392511845e-04
6.583717186003923416e-04
4.339596489444375038e-04
2.187487698392942548e-04
1.906127290567383170e-04
5.412024911493062973e-04
5.454791244119405746e-05
6.984758074395358562e-04
1.961816888069733977e-04
4.641708510462194681e-04
7.825384964235126972e-04
5.612048553302884102e-04
7.939682691358029842e-04
2.697688469197601080e-04
2.970502537209540606e-04
6.934404955245554447e-04
4.858146712649613619e-04
4.067512418259866536e-05
1.363782939733937383e-04
4.071646835654973984e-04
1.402982888976112008e-04
4.908777191303670406e-04
-1.212051211041398346e-04
3.499799504425027408e-06
3.613275184761732817e-04
5.795852630399167538e-04
5.707691307179629803e-04
5.307610263116657734e-04
1.211606577271595597e-04
1.219000085256993771e-03
7.792562246322631836e-04
7.502519292756915092e-04
9.564250940456986427e-04
5.130918580107390881e-04
8.204000769183039665e-04
3.416104009374976158e-04
-5.372236482799053192e-04
-2.019081963226199150e-03
-2.700064890086650848e-02
-9.218742139637470245e-03
-3.920222073793411255e-02
-2.640865556895732880e-02
-4.684924334287643433e-02
-4.374266043305397034e-02
-5.134968459606170654e-02
-6.937339901924133301e-02
-7.083246111869812012e-02
-8.851549774408340454e-02
-9.407380223274230957e-02
-1.059020161628723145e-01
-1.124392673373222351e-01
-1.134257540106773376e-01
-1.306734830141067505e-01
-1.208384931087493896e-01
-1.321637481451034546e-01
-1.384827196598052979e-01
-1.301665306091308594e-01
-1.492861956357955933e-01
-1.296975910663604736e-01
-1.391825377941131592e-01
-1.391723006963729858e-01
-1.307607144117355347e-01
-1.401843130588531494e-01
-1.304822266101837158e-01
-1.265334039926528931e-01
-1.301010400056838989e-01
-1.179400309920310974e-01
-1.246455535292625427e-01
-1.040025502443313599e-01
-1.214253604412078857e-01
-8.990287035703659058e-02
-1.187103465199470520e-01
-7.786018401384353638e-02
-1.016621217131614685e-01
-7.190153747797012329e-02
-8.298561722040176392e-02
-6.510111689567565918e-02
-6.563059240579605103e-02
-6.501019001007080078e-02
-2.996232360601425171e-02
-6.527786701917648315e-02
-2.341470867395401001e-02
-3.709526360034942627e-02
-2.498768270015716553e-02
-2.177684754133224487e-02
-1.350487954914569855e-02
-1.733118668198585510e-02
-1.034570741467177868e-04
-1.195836346596479416e-02
3.096302098128944635e-04
4.210254337522201240e-05
2.629358205012977123e-04
4.837086889892816544e-04
3.293336776550859213e-04
3.190995194017887115e-04
6.944142514839768410e-04
3.035019035451114178e-04
2.782855881378054619e-04
1.753447431838139892e-04
5.676734726876020432e-04
4.462608194444328547e-04
5.399474684963934124e-05
5.261388141661882401e-04
5.376662011258304119e-04
2.244596689706668258e-04
4.613426572177559137e-04
7.338163559325039387e-04
5.319836782291531563e-04
3.607615362852811813e-04
7.431474514305591583e-04
4.611595068126916885e-04
2.628005167935043573e-04
4.366634821053594351e-04
5.436291685327887535e-04
1.893188018584623933e-04
6.325704744085669518e-04
5.704127834178507328e-04
4.135601193411275744e-05
1.698547130217775702e-04
4.035355523228645325e-04
-1.522564853075891733e-04
7.731757796136662364e-05
5.298656178638339043e-04
4.697722324635833502e-04
6.525506614707410336e-05
3.426974581088870764e-04
6.633038719883188605e-05
4.057616461068391800e-04
4.513890889938920736e-04
3.101165639236569405e-04
1.346777135040611029e-04
4.391470065456815064e-05
2.096424868796020746e-04
5.692655104212462902e-04
5.679302266798913479e-04
3.169703413732349873e-04
4.013451398350298405e-04
4.818641755264252424e-04
3.472981916274875402e-04
1.645054435357451439e-04
4.450506530702114105e-04
7.330447551794350147e-04
3.003153251484036446e-04
2.051193878287449479e-04
1.562783581903204322e-04
2.663946652319282293e-04
3.221431106794625521e-04
9.295465861214324832e-05
5.280007026158273220e-04
2.946021850220859051e-04
4.535010884865187109e-05
-2.216888824477791786e-04
2.183890901505947113e-04
1.390245888615027070e-04
5.277899981592781842e-05
3.504481574054807425e-04
1.144327252404764295e-04
-1.342415052931755781e-04
5.806924309581518173e-04
2.285135706188157201e-04
4.823523340746760368e-05
3.945000062230974436e-04
4.503568343352526426e-04
1.119621796533465385e-03
3.809743211604654789e-04
3.348340396769344807e-04
2.044288994511589408e-04
9.496987331658601761e-05
2.986107720062136650e-04
-3.012288070749491453e-04
1.790222449926659465e-05
9.748067895998246968e-06
4.045403038617223501e-04
4.134637129027396441e-04
-1.524508843431249261e-04
1.000762495095841587e-05
4.527428609435446560e-05
1.031957683153450489e-03
4.196049121674150229e-04
2.631121897138655186e-04
2.949171175714582205e-04
2.559348358772695065e-04
-1.430647535016760230e-04
-4.161667020525783300e-04
4.825770156458020210e-04
3.981203772127628326e-04
-2.361525839660316706e-04
-6.590149860130622983e-05
1.184546563308686018e-04
9.598638862371444702e-04
8.325768285430967808e-04
-2.114613307639956474e-04
4.684502782765775919e-04
-5.742279608966782689e-05
2.165380865335464478e-04
2.716702874749898911e-04
4.027126706205308437e-04
-3.747968730749562383e-05
1.525297295302152634e-03
7.846434600651264191e-04
1.091023368644528091e-04
1.722566667012870312e-04
1.030718340189196169e-04
1.695589016890153289e-04
4.297060950193554163e-04
2.209515223512426019e-04
1.857720417319796979e-05
4.570336313918232918e-04
7.690534112043678761e-04
5.199005245231091976e-04
-3.784505533985793591e-04
3.403967421036213636e-04
-2.993752423208206892e-04
3.330195322632789612e-04
2.693510905373841524e-04
3.185912210028618574e-04
-3.004214959219098091e-04
2.696593874134123325e-04
4.978897632099688053e-04
6.260861846385523677e-05
5.019371383241377771e-05
2.876033540815114975e-04
5.909429746679961681e-04
2.686982916202396154e-04
5.510557093657553196e-04
-4.154911148361861706e-04
3.895389963872730732e-04
4.744839388877153397e-04
6.618659244850277901e-04
5.433480255305767059e-04
-4.277398984413594007e-04
8.019312517717480659e-04
2.189693041145801544e-04
8.639716725156176835e-06
6.122680497355759144e-04
7.780862506479024887e-04
-9.519089508103206754e-05
