-1.241072779521346092e-03
-9.857566328719258308e-04
-5.413323524408042431e-04
-2.408760483376681805e-04
-8.943032589741051197e-04
-5.350978462956845760e-04
-1.317826565355062485e-03
-2.739163115620613098e-03
-1.142082852311432362e-03
-4.783306736499071121e-03
7.464048103429377079e-04
6.790421321056783199e-04
-2.822110196575522423e-03
6.348993338178843260e-05
-2.067882451228797436e-04
-1.283033983781933784e-03
-9.216459584422409534e-04
-5.444888956844806671e-04
-1.894925604574382305e-03
-1.750129275023937225e-03
-5.005941493436694145e-04
-4.366571083664894104e-04
2.011990727623924613e-04
7.678794208914041519e-04
-1.233894843608140945e-03
-5.564031656831502914e-03
-9.665804827818647027e-05
-8.715532021597027779e-04
2.171091473428532481e-04
-5.361541989259421825e-04
8.239894523285329342e-04
-3.274458460509777069e-03
1.334006519755348563e-04
5.163608002476394176e-04
8.464277925668284297e-05
6.630564457736909389e-04
-8.609319920651614666e-04
-3.750004805624485016e-03
1.051175058819353580e-03
-7.627035374753177166e-04
-1.078752218745648861e-03
3.753654193133115768e-03
2.449522435199469328e-04
-6.393782678060233593e-05
2.347924513742327690e-03
3.469074144959449768e-04
6.701147649437189102e-04
4.903075285255908966e-03
1.640685513848438859e-04
-1.243005972355604172e-02
-7.007435197010636330e-04
6.185233360156416893e-05
3.785131266340613365e-03
7.465821108780801296e-04
2.037265858234604821e-06
2.818370470777153969e-03
1.670690136961638927e-03
5.559010431170463562e-03
3.636361798271536827e-03
3.476665006019175053e-04
4.791439510881900787e-03
3.615533467382192612e-03
2.002322580665349960e-03
3.571676788851618767e-03
4.740938078612089157e-03
5.187253002077341080e-03
4.101715981960296631e-03
2.414249582216143608e-03
6.686944514513015747e-03
3.633684245869517326e-03
3.050995524972677231e-03
3.815816715359687805e-03
4.691204056143760681e-03
3.058231435716152191e-03
1.129865273833274841e-02
1.763812266290187836e-03
6.484313867986202240e-03
3.193380543962121010e-03
3.825770458206534386e-03
1.576969050802290440e-03
2.338950522243976593e-03
4.073263145983219147e-03
6.136259995400905609e-03
5.721056368201971054e-03
3.249346977099776268e-03
3.573056543245911598e-03
8.281448972411453724e-04
1.093894359655678272e-03
3.773128380998969078e-03
3.156081074848771095e-03
6.131601985543966293e-03
7.620062213391065598e-03
5.993406288325786591e-03
3.588990308344364166e-03
1.096430933102965355e-03
7.599919103085994720e-03
6.777211558073759079e-03
8.324210532009601593e-03
1.085356925614178181e-03
6.872493773698806763e-03
1.165443379431962967e-02
4.865069873631000519e-03
5.110249854624271393e-03
7.179007865488529205e-03
9.200952015817165375e-03
1.103199180215597153e-02
8.069701492786407471e-03
8.245918899774551392e-03
1.298019383102655411e-02
1.366090402007102966e-02
6.972732953727245331e-03
1.138042937964200974e-02
8.418127894401550293e-03
1.335437130182981491e-02
1.259734015911817551e-02
1.477514114230871201e-02
5.213695578277111053e-03
2.893385011702775955e-03
2.251183846965432167e-03
-1.711963675916194916e-03
3.962096816394478083e-04
-9.324423735961318016e-04
1.164697110652923584e-03
-4.435229580849409103e-03
-1.127331517636775970e-03
2.616229001432657242e-03
-2.234529005363583565e-03
3.831627778708934784e-03
9.778366424143314362e-03
1.029771566390991211e-02
9.798380546271800995e-03
4.731888417154550552e-03
8.378926664590835571e-03
3.999541979283094406e-03
6.669116672128438950e-03
7.355108857154846191e-03
9.539327584207057953e-03
-1.256564445793628693e-02
-1.368554122745990753e-02
-7.446839008480310440e-03
-6.517895497381687164e-03
-8.868913166224956512e-03
1.451409305445849895e-03
1.907843048684298992e-03
-1.892190630314871669e-04
-1.144564885180443525e-04
-1.563892140984535217e-02
-1.455343421548604965e-02
2.011655597016215324e-03
2.057242766022682190e-02
4.076149314641952515e-03
3.198675438761711121e-02
-8.544434240320697427e-05
6.018462590873241425e-03
2.519247122108936310e-02
2.533766254782676697e-02
5.080183595418930054e-02
8.359354920685291290e-03
3.236722666770219803e-03
-2.830517769325524569e-04
3.064931556582450867e-02
-1.299867033958435059e-02
1.017141155898571014e-02
-3.291548788547515869e-02
2.286652801558375359e-03
-2.899908274412155151e-02
-4.409358277916908264e-02
5.351956933736801147e-03
-2.764449641108512878e-02
9.167783893644809723e-03
-4.622451215982437134e-02
-2.360374107956886292e-02
5.006909742951393127e-02
1.311940432060509920e-04
2.862243913114070892e-02
8.865130133926868439e-03
1.077345479279756546e-02
-4.275443404912948608e-02
4.736519232392311096e-02
3.157716011628508568e-03
2.533588185906410217e-02
-7.110682129859924316e-02
8.483701385557651520e-03
2.107104659080505371e-02
-3.586644306778907776e-02
2.563775889575481415e-02
1.249754875898361206e-01
-1.717646606266498566e-02
-8.340569213032722473e-03
1.188178211450576782e-01
1.032863557338714600e-02
7.222093641757965088e-02
2.083314955234527588e-02
-9.620784223079681396e-02
8.979130536317825317e-03
4.365331679582595825e-02
-2.243953384459018707e-02
1.216611708514392376e-03
-3.293362387921661139e-04
3.927606716752052307e-02
-3.982461243867874146e-02
1.849430054426193237e-02
4.438255447894334793e-03
-4.312650114297866821e-02
-8.593393117189407349e-02
1.023698505014181137e-02
-5.501496046781539917e-02
-1.746706664562225342e-02
-3.139784932136535645e-02
-9.839707054197788239e-03
-3.462926298379898071e-02
5.560654029250144958e-02
2.516004815697669983e-02
-5.434587225317955017e-02
5.775067489594221115e-03
1.865973323583602905e-02
4.208210855722427368e-02
-6.988707929849624634e-02
4.876131191849708557e-03
-6.766423583030700684e-02
-8.436702191829681396e-03
1.072811707854270935e-02
2.580836601555347443e-02
1.267099287360906601e-02
-1.460940297693014145e-02
-1.689478196203708649e-02
-3.675356507301330566e-02
-2.948684245347976685e-02
4.077346995472908020e-02
-3.662797436118125916e-02
1.451106392778456211e-03
-4.683010280132293701e-02
-3.373522683978080750e-02
-2.261281572282314301e-02
-3.534303233027458191e-02
-6.031446158885955811e-03
-1.570573821663856506e-02
2.398491464555263519e-02
-1.269972976297140121e-02
-7.731254445388913155e-04
6.471882108598947525e-03
-3.310676291584968567e-02
-2.765597589313983917e-02
-2.598304115235805511e-02
-2.125105634331703186e-02
-1.777057349681854248e-02
-8.833623491227626801e-03
-1.496693678200244904e-02
2.346960594877600670e-03
1.931650005280971527e-02
-1.990434899926185608e-02
-1.374123245477676392e-02
2.040740661323070526e-02
6.964727770537137985e-03
2.254019863903522491e-02
2.889572456479072571e-02
1.793121919035911560e-02
1.247352361679077148e-02
3.785892855376005173e-03
-8.571564219892024994e-03
1.507923193275928497e-02
-4.005855953437276185e-05
-1.507443630544003099e-05
-2.441190415993332863e-03
-3.059900598600506783e-03
-7.104831747710704803e-03
-1.629445329308509827e-02
-3.708069212734699249e-03
-9.488904848694801331e-03
-9.212043136358261108e-03
-1.006560120731592178e-02
-1.326309237629175186e-02
-1.092615816742181778e-02
-1.179883442819118500e-02
-1.710644364356994629e-02
-2.117702504619956017e-03
-5.932717584073543549e-03
-1.288413070142269135e-03
-8.453897200524806976e-03
-8.425678126513957977e-03
-2.673278097063302994e-03
-1.193021237850189209e-02
-1.320859231054782867e-02
-4.658458754420280457e-03
-5.226067733019590378e-03
-7.294425740838050842e-03
-1.166228856891393661e-02
-8.529004640877246857e-03
-3.511755261570215225e-03
-4.821244161576032639e-03
-1.284298114478588104e-02
-1.175955403596162796e-02
-2.016376703977584839e-02
-1.482308190315961838e-02
-1.646679267287254333e-02
-1.610759273171424866e-02
-1.028767134994268417e-02
-8.277774788439273834e-03
-1.315924245864152908e-02
-1.090970356017351151e-02
-8.749627508223056793e-03
-7.505291141569614410e-03
-6.017754785716533661e-03
-1.051644608378410339e-02
-7.718263193964958191e-03
-1.236982923001050949e-02
-1.485408004373311996e-02
-1.292027253657579422e-02
-1.882664673030376434e-02
-8.500971831381320953e-03
-9.584826417267322540e-03
-1.014403719455003738e-02
-7.112935651093721390e-03
-1.195284351706504822e-02
-8.896077983081340790e-03
-1.018700934946537018e-02
-1.031715981662273407e-02
-1.243506092578172684e-03
-5.698416382074356079e-03
-6.588293705135583878e-03
-9.257316589355468750e-03
-2.147131226956844330e-02
-1.226928271353244781e-02
-1.277718227356672287e-02
-1.131170149892568588e-02
-1.406105235219001770e-02
-1.400642935186624527e-02
-1.159235462546348572e-02
-1.012835931032896042e-02
-1.078678295016288757e-02
-1.324345357716083527e-02
-8.703048340976238251e-03
-1.193507947027683258e-02
-7.823184132575988770e-03
-1.233253069221973419e-02
-1.089432090520858765e-02
-7.210962940007448196e-03
-1.042732689529657364e-02
-7.891686633229255676e-03
-6.079946644604206085e-03
-8.183941245079040527e-03
-7.526261731982231140e-03
-6.399088539183139801e-03
-6.093789823353290558e-03
-5.268545355647802353e-03
-6.214218679815530777e-03
-5.498225335031747818e-03
-4.488580394536256790e-03
-3.731585806235671043e-03
-8.061044849455356598e-03
-6.370692048221826553e-03
-6.380350328981876373e-03
-4.381829407066106796e-03
-7.037507370114326477e-03
-4.090045113116502762e-03
-3.256699768826365471e-03
-2.958022058010101318e-03
2.606396796181797981e-03
-6.138779222965240479e-03
-7.479468360543251038e-03
-2.145167905837297440e-03
-1.594743458554148674e-03
-1.077127875760197639e-03
2.816289896145462990e-03
-1.406867522746324539e-03
-4.438475240021944046e-03
2.688818378373980522e-03
-2.007376868277788162e-03
-3.087979508563876152e-03
-3.931371029466390610e-03
-1.669332268647849560e-03
-2.631134411785751581e-04
-2.186388242989778519e-03
-1.454502693377435207e-03
-1.785898464731872082e-03
-1.867405837401747704e-03
-1.787167973816394806e-03
-2.025259018409997225e-04
-2.456234768033027649e-03
-9.774528443813323975e-04
-7.235025404952466488e-04
-5.109873600304126740e-04
-6.518787122331559658e-04
-1.279175630770623684e-03
-7.309017819352447987e-04
1.978484913706779480e-03
-4.947165143676102161e-04
-1.005418598651885986e-03
3.090700134634971619e-03
9.156126179732382298e-04
-8.463169797323644161e-05
6.257139146327972412e-03
-1.121421737479977310e-04
-4.246948810759931803e-04
-3.593272762373089790e-03
-1.274361275136470795e-03
-1.026193029247224331e-03
-1.195394666865468025e-03
-5.127861164510250092e-03
-2.831373130902647972e-03
-1.782676787115633488e-03
