1.394573046127334237e-04
-2.701808232814073563e-03
-2.497870940715074539e-03
-3.402845235541462898e-03
1.472628442570567131e-03
6.706031854264438152e-04
-3.816989716142416000e-03
-1.203325577080249786e-03
-2.491491846740245819e-03
9.786426089704036713e-03
-8.038609288632869720e-03
-1.269037486054003239e-03
-4.248393699526786804e-03
-2.641171449795365334e-03
-4.011181648820638657e-03
-6.908897310495376587e-03
-8.362754248082637787e-03
-1.122960262000560760e-02
-2.787701552733778954e-03
-2.342665335163474083e-03
-2.856242004781961441e-03
-3.617750480771064758e-03
-1.501855254173278809e-02
-7.187624461948871613e-03
-4.078696016222238541e-03
-6.848422344774007797e-03
-7.922767545096576214e-04
-3.868313971906900406e-03
-3.226355416700243950e-03
-6.706612650305032730e-03
-4.451641347259283066e-03
-6.538365036249160767e-03
-1.467370893806219101e-03
-2.285564318299293518e-03
-2.047116402536630630e-03
-8.966255933046340942e-03
-1.143119647167623043e-03
-2.928753569722175598e-02
-6.703433115035295486e-03
-5.866263527423143387e-03
-5.737795028835535049e-03
-4.423522390425205231e-03
-7.729846984148025513e-03
-3.637226531282067299e-03
-9.554135613143444061e-03
-1.244195643812417984e-02
-5.639745853841304779e-03
-7.517860271036624908e-03
-8.936657570302486420e-03
-1.313536334782838821e-02
-5.473197903484106064e-03
-8.354465477168560028e-03
-1.259926520287990570e-02
-1.112497784197330475e-02
-3.635345259681344032e-03
-4.125334322452545166e-03
-3.015486290678381920e-03
-5.363964010030031204e-03
-1.334714796394109726e-02
-8.324347436428070068e-03
-9.008256718516349792e-03
-1.564067602157592773e-02
-8.821875788271427155e-03
-1.350832730531692505e-02
2.192583866417407990e-03
-5.995416082441806793e-03
-5.868405103683471680e-03
1.783279469236731529e-03
-3.653105814009904861e-03
-1.489852671511471272e-03
-6.937560159713029861e-03
-9.662390686571598053e-03
2.901757135987281799e-03
-4.236018657684326172e-02
-7.421073969453573227e-03
-1.884658820927143097e-02
-3.420963184908032417e-03
2.462955191731452942e-02
-1.748534664511680603e-02
8.245413191616535187e-03
2.996622584760189056e-03
-6.643428932875394821e-03
-7.549473084509372711e-03
-1.331453328020870686e-03
-8.387539535760879517e-03
-4.923776141367852688e-04
-5.836931057274341583e-03
-2.436883980408310890e-03
8.603850379586219788e-03
5.393332685343921185e-05
5.376324057579040527e-03
-3.514811862260103226e-03
2.480404684320092201e-03
-1.012059766799211502e-02
1.037928462028503418e-02
-1.059180591255426407e-02
-4.091658163815736771e-03
-8.354329038411378860e-04
8.485578000545501709e-04
-2.262897556647658348e-03
4.226084332913160324e-03
2.154069370590150356e-04
-8.898095227777957916e-03
2.778620924800634384e-03
-1.015638117678463459e-03
3.506087232381105423e-03
2.136026974767446518e-03
1.726209931075572968e-02
5.092091485857963562e-02
1.678507402539253235e-02
1.316692680120468140e-02
-1.421354338526725769e-02
5.569909233599901199e-03
3.705489914864301682e-03
7.381194271147251129e-03
2.512936480343341827e-02
5.507582332938909531e-03
-3.647236386314034462e-03
-1.741158775985240936e-02
2.019022358581423759e-03
1.921804994344711304e-02
-8.654027245938777924e-03
1.358972745947539806e-03
1.648387173190712929e-03
1.085950434207916260e-02
4.816520027816295624e-03
1.647332310676574707e-02
1.009194459766149521e-02
-1.539632678031921387e-02
-1.227004686370491982e-03
1.110649202018976212e-02
1.260934770107269287e-02
-1.945963501930236816e-02
1.230493746697902679e-02
5.449378862977027893e-03
-2.135961502790451050e-02
-1.144005265086889267e-02
-9.706839919090270996e-03
-1.271792966872453690e-02
-1.234657410532236099e-02
9.966409765183925629e-03
-1.534804888069629669e-02
1.607258222065865993e-03
5.030798166990280151e-02
-2.119406498968601227e-02
-1.308095641434192657e-02
-9.234146215021610260e-03
8.773447945713996887e-03
-1.146582420915365219e-03
2.677604183554649353e-02
-1.022899057716131210e-02
1.924264128319919109e-03
-2.980987192131578922e-04
-6.464603357017040253e-04
-1.436499319970607758e-02
-6.527498771902173758e-05
-3.930085897445678711e-02
-2.067259140312671661e-02
-3.032360225915908813e-03
3.608347475528717041e-02
1.893844828009605408e-02
1.438856311142444611e-02
4.536940157413482666e-02
1.227844599634408951e-02
-2.253495715558528900e-02
1.676229201257228851e-02
3.134755790233612061e-02
-1.573678851127624512e-02
2.009517699480056763e-02
1.929547754116356373e-03
3.837765380740165710e-02
-2.005806006491184235e-02
-3.105502389371395111e-02
1.063983142375946045e-02
2.939212135970592499e-02
-5.862246267497539520e-03
5.165030807256698608e-02
2.027928084135055542e-02
2.748109772801399231e-02
-2.729847840964794159e-02
6.590983830392360687e-03
6.041332148015499115e-03
-2.024490386247634888e-03
5.619072914123535156e-02
2.446978539228439331e-02
-1.208112947642803192e-02
-5.128538236021995544e-02
4.231800511479377747e-02
3.645502403378486633e-02
-7.048715837299823761e-03
5.621267855167388916e-02
1.077205408364534378e-02
4.021896421909332275e-02
-2.911732159554958344e-02
-6.680721044540405273e-02
-2.471168339252471924e-02
-3.594191372394561768e-02
4.656878113746643066e-02
1.215506810694932938e-02
-4.112263396382331848e-02
-7.588233053684234619e-02
-3.080648556351661682e-02
-5.612116307020187378e-02
-2.673684060573577881e-02
5.624357238411903381e-02
-4.270448908209800720e-02
-1.088315397500991821e-01
6.802464276552200317e-02
-8.911278098821640015e-02
-3.260889789089560509e-03
-4.559501074254512787e-03
-7.410525809973478317e-03
-2.204186283051967621e-02
1.314641255885362625e-02
2.692579291760921478e-02
-1.682016439735889435e-02
-2.824937179684638977e-02
5.895146355032920837e-02
-2.349380962550640106e-02
-2.790049277245998383e-02
6.026350311003625393e-04
-5.877150222659111023e-02
3.215657919645309448e-02
2.277115918695926666e-02
-2.472502738237380981e-02
7.162083406001329422e-03
-1.757311867550015450e-03
-4.828225076198577881e-02
-3.445021808147430420e-02
2.934717200696468353e-02
1.892703212797641754e-02
4.365096986293792725e-02
-2.882929146289825439e-02
3.203455591574311256e-03
-2.298196032643318176e-02
-7.413658313453197479e-03
1.802784204483032227e-02
1.945011690258979797e-02
2.585437707602977753e-02
-1.870480738580226898e-02
7.671178173040971160e-05
-2.573019266128540039e-02
-2.540861628949642181e-02
6.615093909204006195e-03
1.025231741368770599e-02
-1.462151389569044113e-02
-1.023320667445659637e-02
-1.715537533164024353e-02
-2.703721448779106140e-02
3.313215449452400208e-02
-8.067082613706588745e-03
1.542876567691564560e-02
7.928607985377311707e-03
-3.395723761059343815e-04
2.619418315589427948e-03
5.354224704205989838e-03
9.379012510180473328e-03
8.693126961588859558e-03
-1.045126188546419144e-02
-1.309594884514808655e-02
-1.347333937883377075e-02
-1.987223140895366669e-02
-1.261788606643676758e-02
-4.302404355257749557e-03
1.383458264172077179e-02
-2.598142623901367188e-02
5.068956874310970306e-03
-1.484350534155964851e-03
-4.559810331556946039e-04
-3.244987875223159790e-02
1.034730463288724422e-03
-6.485501304268836975e-03
5.520163103938102722e-03
-1.019694190472364426e-02
-5.404406692832708359e-03
-1.355862338095903397e-02
-1.767395809292793274e-02
-4.786026198416948318e-03
-6.246452033519744873e-02
-1.243185438215732574e-02
-7.534627337008714676e-03
2.159759402275085449e-02
-3.584980033338069916e-03
-1.883062720298767090e-02
-3.261558245867490768e-03
1.834907568991184235e-03
-4.173617344349622726e-03
2.463230048306286335e-04
3.944075666368007660e-03
1.978398067876696587e-03
-1.433630753308534622e-02
-4.179839976131916046e-03
-9.614517912268638611e-03
8.727300912141799927e-03
-4.019020590931177139e-03
-9.702415205538272858e-03
-1.083176489919424057e-02
-1.399068976752460003e-03
-1.017911173403263092e-02
-5.570289678871631622e-03
1.446159556508064270e-02
-4.477752372622489929e-03
-3.464397508651018143e-03
8.887870237231254578e-03
-1.426406670361757278e-02
-1.750280708074569702e-02
-7.383915595710277557e-03
6.399566307663917542e-03
1.291917823255062103e-02
-6.738740485161542892e-03
-6.436801515519618988e-03
5.177973769605159760e-03
7.437516935169696808e-03
-3.507553040981292725e-02
5.826512351632118225e-03
-3.856512950733304024e-03
-5.509637761861085892e-03
-6.419863086193799973e-03
-1.030792109668254852e-02
-1.053246576339006424e-02
-4.149965196847915649e-02
-1.868011988699436188e-02
2.605392225086688995e-02
-7.801548112183809280e-03
-8.635253645479679108e-03
-3.677088534459471703e-04
-1.120604109019041061e-02
-7.440044078975915909e-03
-1.363215595483779907e-02
-9.537545032799243927e-03
-1.264345925301313400e-02
-1.562181045301258564e-03
8.354085497558116913e-03
-1.119302958250045776e-02
-7.870471104979515076e-03
-6.979668047279119492e-03
-9.804191999137401581e-03
-9.648571722209453583e-04
-2.511634025722742081e-03
-1.116466894745826721e-02
-1.212759409099817276e-02
-6.497707683593034744e-03
9.737504879012703896e-04
-1.390329748392105103e-02
-1.145795919001102448e-02
-9.233087301254272461e-03
-7.901807315647602081e-03
-1.152731385082006454e-02
-9.746205061674118042e-03
-7.392700295895338058e-03
-8.642202243208885193e-03
-2.179501391947269440e-02
-1.375716552138328552e-02
-1.623066142201423645e-02
-6.503793876618146896e-03
-5.591009743511676788e-03
-4.907742142677307129e-03
-5.273022688925266266e-03
-3.984912764281034470e-03
-5.187938921153545380e-03
-5.326389335095882416e-03
-5.830645561218261719e-03
-4.683697130531072617e-03
1.010801643133163452e-02
-2.681818790733814240e-03
-3.872018773108720779e-03
-4.753902554512023926e-03
-1.024698745459318161e-02
-5.899919196963310242e-03
-7.315152324736118317e-03
1.054151100106537342e-03
-4.846839234232902527e-02
-1.096344273537397385e-02
-1.074185594916343689e-02
-7.942385040223598480e-03
-5.038218572735786438e-03
-7.745963055640459061e-03
-6.163625046610832214e-03
-1.061327010393142700e-02
-6.239532493054866791e-03
-6.305227987468242645e-03
-4.894683137536048889e-03
-6.508966442197561264e-03
-3.917925525456666946e-03
-6.913346704095602036e-03
-4.245158284902572632e-03
-4.032853525131940842e-03
-9.087339043617248535e-03
-1.147755980491638184e-02
-9.299063822254538536e-04
-6.937671452760696411e-03
-2.511264989152550697e-03
-6.282980088144540787e-03
-4.402696620672941208e-03
-5.737261381000280380e-03
-3.861573757603764534e-03
-4.045577719807624817e-03
1.137270312756299973e-02
-3.156112972646951675e-03
-3.146583912894129753e-03
4.490315448492765427e-03
