-4.065082175657153130e-04
-6.859298446215689182e-04
-1.643689931370317936e-03
-1.574474736116826534e-03
-1.285468460991978645e-03
-9.158726898021996021e-04
-1.041393261402845383e-03
-1.476767472922801971e-03
-5.206597852520644665e-04
-2.329874318093061447e-03
-1.124464557506144047e-03
-5.760887870565056801e-04
-4.914866294711828232e-04
-5.354386521503329277e-04
-2.700650657061487436e-04
-9.974030544981360435e-04
-4.789853119291365147e-04
3.138227111776359379e-05
-4.558374057523906231e-04
-1.041026553139090538e-03
-1.105640432797372341e-03
-7.654394721612334251e-04
-9.246080298908054829e-05
-4.664933076128363609e-04
-7.712987717241048813e-04
-1.216612639836966991e-03
-1.436532940715551376e-03
-3.518051526043564081e-04
4.795539425686001778e-04
-7.667639292776584625e-04
-4.395601281430572271e-04
-7.587362197227776051e-04
-1.092105987481772900e-03
-1.280698052141815424e-04
-6.758461822755634785e-04
-1.324790413491427898e-03
-1.025427947752177715e-03
-4.684899176936596632e-04
-6.442546145990490913e-04
-6.657171761617064476e-04
-8.537808898836374283e-04
-1.055656583048403263e-03
-1.185054890811443329e-03
-2.657861914485692978e-04
-2.591256052255630493e-04
-1.081301597878336906e-03
-9.523841436021029949e-04
-9.792884811758995056e-04
-2.183835487812757492e-03
-1.112183788791298866e-03
-8.291038102470338345e-04
-7.298924028873443604e-04
-9.032675297930836678e-04
-8.275698637589812279e-04
-1.238258089870214462e-03
-9.747046278789639473e-04
-1.009903266094624996e-03
-7.257726392708718777e-04
-9.485158952884376049e-04
-1.201006118208169937e-03
-1.084193703718483448e-03
-1.565260696224868298e-03
-1.507080160081386566e-03
-1.128851785324513912e-03
-5.215912242420017719e-04
-4.166229919064790010e-04
-5.312473513185977936e-04
-9.048645733855664730e-04
-1.005690428428351879e-03
-5.916736554354429245e-04
-1.749717921484261751e-04
-3.991948033217340708e-04
-7.933003944344818592e-04
-3.192544390913099051e-04
-2.277694584336131811e-04
-8.786559919826686382e-04
-3.213160089217126369e-04
-8.390664006583392620e-04
-2.410370943835005164e-04
-8.852426544763147831e-04
9.781126573216170073e-05
-4.482465155888348818e-04
-1.118296757340431213e-03
-5.415714695118367672e-04
-9.190575801767408848e-04
3.703591937664896250e-04
-3.727815783349797130e-05
9.094321285374462605e-05
-3.277583746239542961e-04
-1.155440768343396485e-04
-2.477885282132774591e-04
-4.772819811478257179e-04
-1.585968711879104376e-04
-3.917544381693005562e-04
-8.422895916737616062e-04
-7.676776731386780739e-04
-8.881372632458806038e-04
2.501380513422191143e-04
-3.465788322500884533e-04
-9.732172475196421146e-04
-9.510602103546261787e-04
-7.783795008435845375e-04
-9.735712665133178234e-04
-8.964685839600861073e-04
-1.040802686475217342e-03
-5.596730625256896019e-04
-2.302611828781664371e-04
-2.534057130105793476e-04
-6.878351559862494469e-04
-7.393364212475717068e-04
-1.172055908682523295e-05
-5.492077907547354698e-04
-1.124464208260178566e-03
-5.895748035982251167e-04
-7.957787602208554745e-04
-2.688017848413437605e-04
-2.439962263451889157e-04
-7.975894841365516186e-04
-3.213963354937732220e-04
-8.833655738271772861e-04
-1.190605107694864273e-03
-6.605900125578045845e-04
-3.667412383947521448e-04
-5.862158723175525665e-04
-1.063133124262094498e-03
-9.673197637312114239e-04
-5.774783785454928875e-04
-6.488883809652179480e-05
-4.271705693099647760e-04
-7.855485891923308372e-04
-1.198983867652714252e-03
-9.666593978181481361e-04
-1.064197509549558163e-03
-4.573276382870972157e-04
-8.117542602121829987e-04
-1.347982208244502544e-03
-1.030634855851531029e-03
-3.784609143622219563e-04
-4.170547472313046455e-04
-4.917851183563470840e-04
-7.976869237609207630e-04
3.296716371551156044e-03
-1.970295852515846491e-04
7.453068159520626068e-03
1.064175460487604141e-02
1.221654843538999557e-02
1.971897110342979431e-02
2.582539618015289307e-02
2.131082862615585327e-02
4.138262942433357239e-02
2.615322358906269073e-02
6.026181578636169434e-02
4.037769883871078491e-02
6.182727962732315063e-02
6.375083327293395996e-02
6.328217685222625732e-02
8.116874843835830688e-02
7.999077439308166504e-02
8.667398989200592041e-02
1.025597676634788513e-01
8.501428365707397461e-02
1.111927852034568787e-01
1.101220250129699707e-01
1.132259592413902283e-01
1.199452504515647888e-01
1.232090964913368225e-01
1.291705071926116943e-01
1.302630454301834106e-01
1.371956765651702881e-01
1.313291341066360474e-01
1.376479417085647583e-01
1.339449584484100342e-01
1.387686282396316528e-01
1.270209401845932007e-01
1.289838701486587524e-01
1.280547082424163818e-01
1.187687888741493225e-01
1.221454441547393799e-01
1.148682981729507446e-01
1.051310822367668152e-01
1.115977466106414795e-01
9.458304941654205322e-02
9.778430312871932983e-02
8.765143901109695435e-02
8.046789467334747314e-02
8.272203803062438965e-02
6.730844080448150635e-02
7.230994105339050293e-02
5.772953107953071594e-02
6.772722303867340088e-02
4.585329815745353699e-02
4.713851585984230042e-02
4.891898110508918762e-02
3.575402498245239258e-02
2.886044979095458984e-02
3.745763003826141357e-02
1.630416139960289001e-02
1.597383432090282440e-02
9.011799469590187073e-03
7.775200065225362778e-04
1.138854655437171459e-03
3.726961440406739712e-04
4.785572673426941037e-05
-1.109248569264309481e-05
6.224044045666232705e-05
-5.639757146127521992e-04
-4.664565494749695063e-04
-4.217110981699079275e-04
-8.628556970506906509e-04
2.614677359815686941e-04
3.031346714124083519e-04
-3.074884007219225168e-04
-9.597232565283775330e-04
-3.101317561231553555e-04
-3.349744074512273073e-04
-5.322205252014100552e-04
-4.208825994282960892e-04
-3.333989297971129417e-06
-3.772457130253314972e-04
-6.457098061218857765e-04
-7.760783191770315170e-04
-6.248998106457293034e-04
-1.202968414872884750e-03
-1.320188632234930992e-03
3.485096967779099941e-04
-2.580016152933239937e-04
-8.702662307769060135e-04
-9.375013760291039944e-04
-1.090279198251664639e-03
-1.106448704376816750e-03
-6.812484352849423885e-04
-6.204127566888928413e-04
-5.252231494523584843e-04
-1.496049226261675358e-04
-2.105868188664317131e-03
-1.224930398166179657e-03
-9.698404464870691299e-04
-1.154540223069489002e-03
-1.830315566621720791e-03
-1.362114213407039642e-03
-1.064128824509680271e-03
-1.831076573580503464e-03
-8.019242086447775364e-04
-4.492201551329344511e-04
-1.194266718812286854e-03
-1.474269898608326912e-03
-1.092071412131190300e-03
-1.921028597280383110e-03
-1.305167214013636112e-03
-1.462963293306529522e-03
-1.429161638952791691e-03
-1.457314356230199337e-03
-1.368107507005333900e-03
-1.435904297977685928e-03
-6.467146449722349644e-04
-5.543642328120768070e-04
-1.249174587428569794e-03
-1.415676437318325043e-03
-1.135715167038142681e-03
-1.076316111721098423e-03
-1.284827594645321369e-03
-1.097451546229422092e-03
-1.775441691279411316e-03
-9.950236417353153229e-04
-3.852007212117314339e-04
-7.171489414758980274e-04
-1.651725731790065765e-03
-9.960680035874247551e-04
-1.414929167367517948e-03
-1.549384207464754581e-03
-1.060209586285054684e-03
-1.486506429500877857e-03
-1.266762963496148586e-03
-5.971638020128011703e-04
-6.058755097910761833e-04
-2.005278802243992686e-04
-8.767581894062459469e-04
-1.061496441252529621e-03
-1.767473760992288589e-03
-1.242619124241173267e-03
-8.771552820689976215e-04
-8.101940038613975048e-04
-1.153236487880349159e-03
-4.086541011929512024e-04
-2.731295535340905190e-04
-8.763267542235553265e-04
-1.434231409803032875e-03
-1.487632980570197105e-03
-1.637609326280653477e-03
-2.255764557048678398e-03
-1.791123999282717705e-03
-4.678284749388694763e-04
-5.209440714679658413e-04
-9.467446943745017052e-04
-7.141486858017742634e-04
-5.792260635644197464e-04
2.767993282759562135e-05
-9.346349543193355203e-05
-7.544266409240663052e-04
-8.741994970478117466e-04
-5.659514572471380234e-04
-1.623368822038173676e-03
-1.280647004023194313e-03
-1.093896804377436638e-03
-8.127894252538681030e-04
-1.081650028936564922e-03
-1.000005751848220825e-03
-6.809375481680035591e-04
-2.458291128277778625e-04
7.961357187014073133e-05
-7.941364310681819916e-04
-9.637266048230230808e-04
-1.580206910148262978e-03
-9.181750356219708920e-04
-6.970458343857899308e-05
-3.158595354761928320e-04
-1.069609657861292362e-03
-5.231061950325965881e-04
-8.300695917569100857e-04
-2.537777763791382313e-04
-8.422289392910897732e-04
-6.450147484429180622e-04
-1.902831281768158078e-04
-9.202643559547141194e-05
-7.867703097872436047e-04
-9.091537212952971458e-04
-8.746201638132333755e-04
-9.796179365366697311e-04
-5.597278359346091747e-04
-7.691638893447816372e-04
-5.160507280379533768e-04
-8.997886907309293747e-04
-1.071180333383381367e-03
-9.254510514438152313e-04
-8.775466121733188629e-04
-5.736108869314193726e-04
-4.678576660808175802e-04
-2.127674233634024858e-04
-6.118771852925419807e-04
-8.788838749751448631e-04
-9.451527148485183716e-04
-1.146513852290809155e-03
-7.488919654861092567e-04
-7.830149261280894279e-04
-1.287132734432816505e-03
-9.038088028319180012e-04
-5.091897328384220600e-04
-8.676354773342609406e-04
-1.156422309577465057e-03
-1.053457381203770638e-03
-9.589999099262058735e-04
-9.654005989432334900e-04
-9.135585278272628784e-04
-8.123032166622579098e-04
-6.182240904308855534e-04
3.993457085016416386e-06
-8.967348258011043072e-04
-6.763060227967798710e-04
-7.310757646337151527e-04
-8.931286283768713474e-04
-7.091704756021499634e-04
-4.325875779613852501e-04
-1.289309468120336533e-03
-3.286328574176877737e-04
-1.021981821395456791e-03
-1.087801414541900158e-03
-1.039806986227631569e-03
-1.068354584276676178e-03
-4.159011878073215485e-04
-6.816122331656515598e-04
-8.355882600881159306e-04
-1.189413713291287422e-03
-7.758189458400011063e-04
-9.186913957819342613e-04
-1.008558669127523899e-03
-1.315490924753248692e-03
-9.335375507362186909e-04
-5.039133247919380665e-04
-4.382911720313131809e-04
-5.120658315718173981e-04
-8.297800086438655853e-04
-9.774897480383515358e-04
-8.320193155668675900e-04
-1.730980002321302891e-04
-7.447962416335940361e-04
-9.884735336527228355e-04
-7.619114476256072521e-04
-9.886990301311016083e-04
-2.467620884999632835e-03
-6.764669087715446949e-04
-1.299540279433131218e-03
-1.153979799710214138e-03
-1.373887294903397560e-03
-1.224357169121503830e-03
-3.873606328852474689e-04
-3.836491086985915899e-04
-8.438705117441713810e-04
-4.769993829540908337e-04
-8.112443611025810242e-04
-2.781251969281584024e-04
-3.412455553188920021e-04
