9.223247761838138103e-04
4.039339255541563034e-04
5.755273741669952869e-05
-7.185065769590437412e-04
-9.046855848282575607e-05
5.085464799776673317e-04
-2.608386785141192377e-05
2.747165272012352943e-04
3.225364198442548513e-04
6.809082697145640850e-04
3.318609087727963924e-04
8.379181381314992905e-04
-1.105087110772728920e-03
1.695131941232830286e-04
-7.264524901984259486e-05
-2.179166913265362382e-04
3.226959088351577520e-04
-9.163189679384231567e-05
-1.780193560989573598e-04
-3.411311627132818103e-05
-1.911644649226218462e-04
2.095881354762241244e-04
7.330307853408157825e-04
2.477492380421608686e-04
2.004499110626056790e-04
-7.152230828069150448e-04
-4.948420100845396519e-04
1.677658292464911938e-04
-1.604556455276906490e-04
2.691523986868560314e-04
1.951633603312075138e-04
2.247797820018604398e-04
-6.557199230883270502e-05
-7.410807302221655846e-04
-5.885390783078037202e-05
-2.152580418623983860e-04
1.129066586145199835e-04
-5.039964453317224979e-04
-9.330172179033979774e-05
-3.729120653588324785e-04
1.320162209594855085e-05
-1.317192072747275233e-05
3.097024455200880766e-04
1.106341296690516174e-04
-1.263770263904007152e-05
4.341651801951229572e-04
-2.391605376033112407e-04
1.929224090417847037e-04
3.253316390328109264e-04
-1.187625312013551593e-04
-4.045647074235603213e-05
-7.150149758672341704e-05
-4.930192371830344200e-04
-5.226425128057599068e-04
-9.562123159412294626e-05
-5.162640809430740774e-05
1.447814138373360038e-04
2.171281230403110385e-04
-2.259517932543531060e-04
-6.515621207654476166e-04
-6.145289517007768154e-04
-2.161822631023824215e-04
-5.595583352260291576e-04
-4.929222632199525833e-04
-4.071241419296711683e-04
-1.600018294993788004e-04
-9.332296758657321334e-05
2.160949225071817636e-05
4.274513339623808861e-04
2.582737652119249105e-04
3.987007949035614729e-04
-5.437021027319133282e-04
-8.360469364561140537e-04
1.699460699455812573e-05
-1.814041752368211746e-04
7.135023770388215780e-05
6.385419401340186596e-04
1.141751199611462653e-04
5.738286999985575676e-04
2.434294874547049403e-04
3.205928951501846313e-04
-1.881297357613220811e-04
5.189416115172207355e-04
3.596088208723813295e-04
5.931520136073231697e-04
2.898787206504493952e-04
5.760863423347473145e-04
1.422170171281322837e-04
5.147372139617800713e-04
7.307315827347338200e-04
-3.357326786499470472e-04
4.747896746266633272e-04
-9.755064093042165041e-05
-3.625966201070696115e-04
1.021558637148700655e-05
-6.305410061031579971e-04
3.203241794835776091e-05
2.378540229983627796e-04
1.855438604252412915e-04
1.441752974642440677e-04
4.615833458956331015e-04
-2.457063819747418165e-04
3.154047590214759111e-04
-8.263671770691871643e-05
7.177919615060091019e-04
-6.083293701522052288e-04
2.185128105338662863e-04
8.574862149544060230e-04
1.212971750646829605e-03
3.966838412452489138e-04
3.349045073264278471e-05
3.165144007652997971e-04
4.274019738659262657e-04
3.805854648817330599e-04
6.779351970180869102e-04
1.464750966988503933e-04
-3.245170591981150210e-05
7.360193558270111680e-05
9.457581472815945745e-05
3.145885420963168144e-04
6.048148497939109802e-04
1.386131771141663194e-05
-1.587333244970068336e-04
-1.179532919195480645e-04
2.769679413177073002e-04
1.020812560454942286e-04
1.750782248564064503e-04
-2.915962832048535347e-04
-1.119796070270240307e-04
-7.445405208272859454e-05
-6.368353933794423938e-05
-4.192975757177919149e-04
-9.240685903932899237e-05
-2.077111857943236828e-04
2.768892591120675206e-05
1.135553247877396643e-05
-3.748020390048623085e-06
-1.822586636990308762e-04
1.802036858862265944e-04
1.850265107350423932e-04
1.432310527889057994e-04
-1.839902870415244251e-05
-3.780415572691708803e-04
1.342402101727202535e-04
1.872569409897550941e-04
4.725264734588563442e-04
4.178249801043421030e-04
1.587511942489072680e-04
2.838900545611977577e-04
3.065349301323294640e-04
9.442456648685038090e-04
1.211300957947969437e-03
5.871267057955265045e-04
1.613248838111758232e-03
4.201387986540794373e-03
1.273492723703384399e-02
1.332358829677104950e-02
1.611268520355224609e-02
2.660890296101570129e-02
2.440987527370452881e-02
4.246805980801582336e-02
3.680909797549247742e-02
5.118222162127494812e-02
4.881399124860763550e-02
6.209780275821685791e-02
7.032000273466110229e-02
7.161343097686767578e-02
8.716060966253280640e-02
8.706750720739364624e-02
1.072292327880859375e-01
1.070066541433334351e-01
1.177228018641471863e-01
1.288399696350097656e-01
1.311996430158615112e-01
1.466144174337387085e-01
1.428887844085693359e-01
1.640335619449615479e-01
1.514229178428649902e-01
1.706257760524749756e-01
1.633403450250625610e-01
1.698982715606689453e-01
1.657699793577194214e-01
1.654519438743591309e-01
1.607389152050018311e-01
1.596949398517608643e-01
1.426790803670883179e-01
1.424419879913330078e-01
1.227805539965629578e-01
1.176651045680046082e-01
1.057707816362380981e-01
8.796149492263793945e-02
8.056937158107757568e-02
6.087990477681159973e-02
5.673707276582717896e-02
5.047297105193138123e-02
4.766452312469482422e-02
3.275466710329055786e-02
2.518869936466217041e-02
1.229565870016813278e-02
1.174762099981307983e-02
4.616759542841464281e-04
9.432464721612632275e-04
6.347057060338556767e-04
7.408739766106009483e-04
5.802971427328884602e-04
5.083085270598530769e-04
1.055478816851973534e-03
6.351601914502680302e-04
5.183907924219965935e-04
6.409598863683640957e-04
7.695059175603091717e-04
3.700804663822054863e-04
5.763414083048701286e-04
9.701386443339288235e-05
1.809914829209446907e-04
1.596317597432062030e-04
-3.716256760526448488e-04
-2.587561320979148149e-04
-2.588351489976048470e-04
1.198836325784213841e-04
-1.546409766888245940e-04
-6.691778544336557388e-04
-1.990877208299934864e-04
-3.620902716647833586e-04
-2.954916271846741438e-04
-2.950850175693631172e-04
-3.815159652731381357e-05
-3.447779454290866852e-04
-1.862941717263311148e-04
-1.142826949944719672e-04
-1.693100784905254841e-05
-5.453773701447062194e-05
-1.218406177940778434e-04
-3.453071985859423876e-04
-2.866597496904432774e-04
4.135154595132917166e-04
1.601991971256211400e-05
3.385114905540831387e-05
-4.064926761202514172e-04
-2.908270689658820629e-04
2.851392782758921385e-04
4.114203038625419140e-04
1.129989686887711287e-04
-1.804682833608239889e-04
-7.636474038008600473e-06
-1.156524158432148397e-04
-3.102144983131438494e-04
-1.893552544061094522e-04
-2.581829030532389879e-04
-1.654342922847718000e-04
1.054841850418597460e-04
1.486805122112855315e-04
1.282479497604072094e-04
-2.014493657043203712e-05
4.507330959313549101e-05
-1.016821988741867244e-05
-5.946404053247533739e-05
-2.868005831260234118e-04
1.881066709756851196e-04
4.188599414192140102e-04
1.102360402001067996e-04
2.749472150753717870e-05
-3.585074155125766993e-04
2.441830583848059177e-04
-2.456095826346427202e-04
-2.349356218473985791e-04
1.099332293961197138e-04
1.387636439176276326e-04
-4.053711891174316406e-04
5.787564441561698914e-04
3.850205102935433388e-04
1.256896648555994034e-04
-1.144866109825670719e-04
2.673483686521649361e-04
2.783964737318456173e-04
-7.651816122233867645e-05
2.102885628119111061e-04
3.072815015912055969e-04
3.402356232982128859e-04
3.497703874018043280e-04
-9.943652548827230930e-05
1.371665566693991423e-04
-2.377627242822200060e-04
1.583520679560024291e-05
-3.597802060539834201e-05
2.325510577065870166e-04
-7.416631433443399146e-06
4.036818863824009895e-04
-7.406334043480455875e-05
2.628123911563307047e-04
2.332594449399039149e-04
-1.894390734378248453e-04
6.918098661117255688e-04
-3.493930853437632322e-04
-5.291983252391219139e-04
-2.874124329537153244e-04
-3.010292130056768656e-04
-1.114474798669107258e-04
5.751569988206028938e-04
3.781441773753613234e-05
-3.546186489984393120e-04
-8.490906329825520515e-04
1.234918545378604904e-05
-4.972351234755478799e-05
-2.554846287239342928e-04
1.421240594936534762e-04
4.139361553825438023e-04
7.460077176801860332e-04
-1.531791494926437736e-04
-2.266659284941852093e-04
-4.658315447159111500e-04
-6.138175958767533302e-04
-2.554966195020824671e-04
7.493729353882372379e-04
5.268539462122134864e-05
3.051679232157766819e-04
-9.577079617884010077e-05
-1.761328021530061960e-04
-1.007002210826613009e-04
-2.987113257404416800e-04
-2.128324995283037424e-04
-7.804811320966109633e-05
1.316059060627594590e-04
3.098619927186518908e-04
-1.091370359063148499e-05
1.056489709299057722e-04
-4.497734189499169588e-04
2.203006151830777526e-04
-2.690815017558634281e-04
-1.203417632495984435e-04
-7.273928349604830146e-05
6.648814305663108826e-04
4.474749730434268713e-04
1.817428856156766415e-04
-3.124263603240251541e-04
1.418505416950210929e-05
4.943973908666521311e-05
-4.784433986060321331e-04
2.660916943568736315e-04
-7.705297321081161499e-05
-4.510709550231695175e-04
2.885214053094387054e-04
-3.720720123965293169e-04
-2.953262010123580694e-04
-2.783061354421079159e-04
-6.263103568926453590e-04
-2.009914605878293514e-04
-4.445870581548660994e-04
2.695034199859946966e-04
-1.537233620183542371e-04
-5.872918991371989250e-04
2.066651359200477600e-04
4.693660885095596313e-04
7.109188118192832917e-06
-9.671778389019891620e-05
-4.210034967400133610e-05
1.433392608305439353e-04
1.407834060955792665e-04
3.402220318093895912e-04
-3.696302010212093592e-04
7.769897347316145897e-04
2.055462391581386328e-04
-5.200056475587189198e-04
-2.053081116173416376e-04
1.904965465655550361e-04
-5.246496875770390034e-04
4.930865252390503883e-04
-3.748901362996548414e-04
-1.519121142337098718e-04
-1.105822011595591903e-04
-5.618691793642938137e-04
-8.663677144795656204e-04
2.220737587776966393e-05
4.743853933177888393e-04
9.890642832033336163e-05
1.553520269226282835e-04
3.307385195512324572e-04
-1.755374833010137081e-04
2.743079385254532099e-04
5.634676199406385422e-04
-6.905364716658368707e-05
5.156958941370248795e-04
5.062347627244889736e-04
6.645414396189153194e-04
-5.921667980146594346e-05
4.137793148402124643e-04
3.341302508488297462e-04
-1.707290939521044493e-04
-1.641247072257101536e-04
5.515827433555386961e-05
2.650230017025023699e-04
5.724147194996476173e-04
-4.684696905314922333e-04
-2.942438295576721430e-04
2.454716304782778025e-04
1.653993240324780345e-05
-3.816284879576414824e-05
8.217116701416671276e-04
2.053959760814905167e-04
-4.507953417487442493e-05
-3.421827568672597408e-04
