-1.443245564587414265e-03
-5.265006911940872669e-04
-4.639742255676537752e-04
-1.170131028629839420e-03
-1.095841987989842892e-03
-1.005408936180174351e-03
-5.097491666674613953e-04
-7.695892709307372570e-04
-7.277342374436557293e-04
-1.266234205104410648e-03
-7.955544861033558846e-04
-1.731327152810990810e-03
-1.460172701627016068e-03
-1.086803822545334697e-04
-3.280607343185693026e-04
-6.078349542804062366e-04
-7.111088489182293415e-04
-6.826822063885629177e-04
-8.486454025842249393e-04
-4.565333365462720394e-04
-9.699006914161145687e-04
-1.761410618200898170e-03
-1.325102988630533218e-03
-1.457700273022055626e-03
-1.194303855299949646e-03
-1.253576367162168026e-03
-8.605127222836017609e-04
-7.640986586920917034e-04
-4.640876140911132097e-04
-7.296902476809918880e-04
-1.139978761784732342e-03
-6.081672618165612221e-04
-5.954375374130904675e-04
-1.056811655871570110e-03
-8.959508850239217281e-04
-7.165296119637787342e-04
-5.326853715814650059e-04
-6.623584195040166378e-04
-5.806490662507712841e-04
-1.203439314849674702e-03
-1.044223317876458168e-03
-8.645617635920643806e-04
-8.830489823594689369e-04
-6.599194020964205265e-04
-7.058958290144801140e-04
-1.729946117848157883e-03
-1.669651712290942669e-03
-9.428801131434738636e-04
-5.611707456409931183e-04
-9.409284102730453014e-04
-9.076560381799936295e-04
-1.006986596621572971e-03
-3.728428855538368225e-04
-6.290022283792495728e-04
-9.931613458320498466e-04
-6.035239784978330135e-04
-1.238733064383268356e-03
-1.118918065913021564e-03
-7.535197073593735695e-04
-7.313144742511212826e-04
-3.383721050340682268e-04
-8.370451396331191063e-04
-1.038409653119742870e-03
-5.907051381655037403e-04
-7.296383846551179886e-04
-1.933910971274599433e-04
-6.309050368145108223e-04
-9.542116313241422176e-04
-8.616214618086814880e-04
-1.191155984997749329e-03
-9.685529512353241444e-04
-5.830501322634518147e-04
-4.493887827266007662e-04
-1.070655183866620064e-03
-1.087004551663994789e-03
-1.225779415108263493e-03
-5.909391911700367928e-04
-1.028796890750527382e-03
-1.008114544674754143e-03
-9.784060530364513397e-04
-4.048624541610479355e-04
-1.010126434266567230e-03
-4.998682416044175625e-04
-6.489717052318155766e-04
-3.695007471833378077e-04
-5.743071087636053562e-04
-3.654343890957534313e-04
-1.070569123839959502e-04
-3.446445334702730179e-04
4.047235415782779455e-05
-2.971790672745555639e-04
-4.693936789408326149e-04
4.204448487143963575e-04
-6.108174420660361648e-05
-2.621826024551410228e-05
-3.513604169711470604e-04
-6.747653242200613022e-04
-4.953051102347671986e-04
-4.928150447085499763e-04
-4.011204000562429428e-04
-3.574140428099781275e-04
-6.545386277139186859e-04
-1.064541633240878582e-03
-5.007786094211041927e-04
-9.131355909630656242e-04
-6.468405481427907944e-04
-9.959946619346737862e-04
-1.003752346150577068e-03
-7.215073565021157265e-04
-2.775819739326834679e-04
-4.507673729676753283e-04
-7.947322446852922440e-04
-7.515419856645166874e-04
-1.801044163585174829e-05
-3.679280052892863750e-04
-5.902732373215258121e-04
-7.018399192020297050e-04
-2.746674290392547846e-04
-9.082629694603383541e-04
-7.882051868364214897e-04
-6.343044224195182323e-04
-7.731851655989885330e-04
-8.014178019948303699e-04
-8.455922943539917469e-04
-8.682444458827376366e-04
2.535987878218293190e-04
3.760491672437638044e-04
-3.469833754934370518e-04
-6.678904173895716667e-04
-7.413219427689909935e-04
-4.815116117242723703e-04
-6.390748312696814537e-04
-2.951671194750815630e-04
-5.572883310378529131e-05
-1.443523797206580639e-04
-3.103760536760091782e-04
-3.695221384987235069e-04
4.209328835713677108e-05
-1.860642369138076901e-04
2.117335825460031629e-04
-7.544872933067381382e-04
1.634725835174322128e-03
3.671088721603155136e-03
4.636134486645460129e-03
1.540165022015571594e-02
2.072186395525932312e-02
1.109775435179471970e-02
3.780255466699600220e-02
1.890688575804233551e-02
4.583738744258880615e-02
3.186366707086563110e-02
5.149666592478752136e-02
3.712607920169830322e-02
6.807646900415420532e-02
4.731513559818267822e-02
8.005990087985992432e-02
5.794060230255126953e-02
9.066335856914520264e-02
6.611636281013488770e-02
1.042637601494789124e-01
7.659600675106048584e-02
1.196212545037269592e-01
9.122418612241744995e-02
1.161477789282798767e-01
1.109427660703659058e-01
1.266818046569824219e-01
1.173716560006141663e-01
1.328741759061813354e-01
1.238066256046295166e-01
1.365256458520889282e-01
1.337825655937194824e-01
1.345690935850143433e-01
1.343129128217697144e-01
1.357326954603195190e-01
1.202175542712211609e-01
1.375517696142196655e-01
1.012692376971244812e-01
1.342853009700775146e-01
9.039478749036788940e-02
1.224939599633216858e-01
8.858662843704223633e-02
1.022639945149421692e-01
8.326252549886703491e-02
8.306950330734252930e-02
8.077460527420043945e-02
6.376968324184417725e-02
8.130622655153274536e-02
5.490125715732574463e-02
7.093603163957595825e-02
4.125340282917022705e-02
6.730261445045471191e-02
3.746675327420234680e-02
5.456509068608283997e-02
3.311436995863914490e-02
3.533091396093368530e-02
2.767545916140079498e-02
1.436202600598335266e-02
2.159885317087173462e-02
8.157584816217422485e-03
3.626218531280755997e-03
-2.186554957006592304e-05
-7.839693571440875530e-04
-4.306092741899192333e-04
-1.168587245047092438e-03
-1.613116008229553699e-03
-8.541949209757149220e-04
-9.046936756931245327e-04
-5.601160228252410889e-04
-7.920349016785621643e-04
-6.110337562859058380e-04
-1.242011436261236668e-03
-5.201559397391974926e-04
-4.855626903008669615e-04
-5.759163759648799896e-04
-1.082177259377203882e-04
-4.129614171688444912e-05
-7.741336594335734844e-04
-1.002974924631416798e-03
2.168439095839858055e-05
-5.677147419191896915e-04
-7.846583030186593533e-04
-4.681766586145386100e-05
-2.463869168423116207e-04
-8.020250825211405754e-04
-9.611598215997219086e-04
-6.756127695553004742e-04
-6.195164169184863567e-04
-8.299117907881736755e-04
-9.547878289595246315e-04
-3.373529762029647827e-05
-3.135622828267514706e-04
-1.267442479729652405e-03
-1.088822958990931511e-03
-4.811160615645349026e-04
-5.769635899923741817e-04
-1.264633145183324814e-03
-9.793754434213042259e-04
-5.483930581249296665e-04
-4.048111441079527140e-04
-5.977356922812759876e-04
-9.452747181057929993e-04
-6.148701068013906479e-04
-1.118344254791736603e-03
5.429959128377959132e-05
-1.062751398421823978e-03
-1.647088443860411644e-03
-1.113407895900309086e-03
-4.936373443342745304e-04
-1.209110370837152004e-03
-1.244522049091756344e-03
-8.872257894836366177e-04
-5.658675800077617168e-04
-1.137890620157122612e-03
-1.373380771838128567e-03
-9.127036901190876961e-04
-7.453705184161663055e-04
-5.173335666768252850e-04
-8.302926435135304928e-04
-1.392476842738687992e-03
-2.817587519530206919e-04
-1.224737847223877907e-03
-8.058788953348994255e-04
-9.100564639084041119e-04
-1.403751550242304802e-03
-7.490193238481879234e-04
-1.066329306922852993e-03
-1.065008225850760937e-03
-9.032887755893170834e-04
-6.352637428790330887e-04
-5.731990095227956772e-04
-9.744322742335498333e-04
-1.304431469179689884e-03
-6.635099998675286770e-04
-8.011770551092922688e-04
-1.064938260242342949e-03
-5.294724251143634319e-04
-4.292580124456435442e-04
-1.469748094677925110e-04
-1.196637051180005074e-03
-1.490726019255816936e-03
-1.322005409747362137e-03
-4.844682116527110338e-04
-1.173702185042202473e-03
-1.246236031875014305e-03
-8.630839874967932701e-04
-5.308910040184855461e-04
-7.715201354585587978e-04
-9.386058081872761250e-04
-1.446140231564640999e-03
-1.089086523279547691e-03
-7.784422487020492554e-04
-1.056777196936309338e-03
-1.251504058018326759e-03
-9.946954669430851936e-04
-8.762368815951049328e-04
-5.930464831180870533e-04
-6.104455096647143364e-04
-4.388091037981212139e-04
-1.098249922506511211e-03
-1.123475143685936928e-03
-1.209891750477254391e-03
-1.070456462912261486e-03
-9.366353624500334263e-04
-8.092057541944086552e-04
-7.517331978306174278e-04
-9.249525610357522964e-04
-1.271077198907732964e-03
-1.008340157568454742e-03
-6.398431141860783100e-04
-1.582825323566794395e-03
-8.300757617689669132e-04
-1.005011377856135368e-03
-1.621727133169770241e-03
-1.845738152042031288e-03
-8.357464103028178215e-04
-1.313881250098347664e-03
-8.095263037830591202e-04
-8.997099939733743668e-04
-8.577238186262547970e-04
-1.159291947260499001e-03
-1.417122315615415573e-03
-1.118469517678022385e-03
-1.762272673659026623e-03
-1.518174191005527973e-03
-8.191767847165465355e-04
-7.829969399608671665e-04
-1.431946293450891972e-03
-8.843760588206350803e-04
-1.030308660119771957e-03
-1.962115988135337830e-03
-1.035869005136191845e-03
-1.549503300338983536e-03
-1.491161761805415154e-03
-1.749195624142885208e-03
-1.492610201239585876e-03
-1.328371814452111721e-03
-7.095600594766438007e-04
-7.787668728269636631e-04
-1.283815479837357998e-03
-1.653879880905151367e-03
-1.357892761006951332e-03
-1.616495661437511444e-03
-1.600197632797062397e-03
-1.671275356784462929e-03
-1.234188908711075783e-03
-1.721529872156679630e-03
-1.686837873421609402e-03
-1.611137762665748596e-03
-1.448883907869458199e-03
-1.163949840702116489e-03
-1.050314167514443398e-03
-9.402863215655088425e-04
-1.136040431447327137e-03
-1.200994127430021763e-03
-1.379298511892557144e-03
-1.424494199454784393e-03
-1.251043402589857578e-03
-1.219414407387375832e-03
-5.756901809945702553e-04
-1.015887944959104061e-03
-1.252803951501846313e-03
-1.415144535712897778e-03
-1.758637139573693275e-03
-1.512296963483095169e-03
-1.465320703573524952e-03
-1.082095201127231121e-03
-1.634248183108866215e-03
-1.219969242811203003e-03
-1.914390129968523979e-03
-1.332665211521089077e-03
-1.289143925532698631e-03
-1.761717023327946663e-03
-1.104863476939499378e-03
-1.150800380855798721e-03
-8.880263776518404484e-04
-1.316128415055572987e-03
-1.520064659416675568e-03
-8.764091762714087963e-04
-9.831710485741496086e-04
-1.229285495355725288e-03
-1.287557766772806644e-03
-5.178745486773550510e-04
-1.398036489263176918e-03
-1.359804300591349602e-03
-9.576959419064223766e-04
-1.101295230910181999e-03
-1.641864306293427944e-03
-1.298850402235984802e-03
-1.307811238802969456e-03
-9.351279004476964474e-04
-1.049245009198784828e-03
-1.652516773901879787e-03
-9.564033243805170059e-04
-1.341781346127390862e-03
-1.449777162633836269e-03
-9.313665796071290970e-04
-5.778947961516678333e-04
-1.241547870449721813e-03
-1.303157769143581390e-03
-6.625842652283608913e-04
-1.255876733921468258e-03
