-5.044832942076027393e-04
-3.285984275862574577e-03
3.139192704111337662e-03
-1.184027735143899918e-02
-2.769608050584793091e-03
7.382061798125505447e-03
2.620400162413716316e-03
1.514907809905707836e-03
5.508756265044212341e-03
-2.535473089665174484e-03
6.176955066621303558e-03
4.374535288661718369e-03
4.987233784049749374e-03
7.418144494295120239e-03
1.032111351378262043e-03
-7.395295542664825916e-04
1.923452829942107201e-03
-1.072018593549728394e-02
7.852441631257534027e-04
4.736555740237236023e-03
3.969739656895399094e-03
3.701218171045184135e-03
9.958888404071331024e-03
3.238969016820192337e-03
4.183005075901746750e-03
4.451372195035219193e-03
1.053406670689582825e-02
6.253743544220924377e-03
5.365417804569005966e-03
-1.594475819729268551e-03
3.301798552274703979e-02
1.971793174743652344e-02
4.935841541737318039e-03
5.915456917136907578e-03
8.651287294924259186e-03
4.160990472882986069e-03
3.557469462975859642e-03
6.889506243169307709e-03
3.800029167905449867e-03
7.932827807962894440e-03
4.921003244817256927e-03
8.062676526606082916e-03
3.794493852183222771e-03
1.053817104548215866e-02
3.614621004089713097e-03
1.139853708446025848e-02
1.103549916297197342e-02
1.934237405657768250e-02
1.044846978038549423e-02
1.211441867053508759e-02
7.076574023813009262e-03
1.441420987248420715e-03
8.241763338446617126e-03
8.787536062300205231e-03
-9.740752284415066242e-05
3.915107250213623047e-02
1.305250544100999832e-02
9.584465064108371735e-03
4.469024948775768280e-03
4.217905458062887192e-03
4.801815841346979141e-03
2.502628602087497711e-02
1.226303260773420334e-02
1.808911678381264210e-03
7.524320855736732483e-03
1.184843480587005615e-02
-1.075250748544931412e-02
-7.580339908599853516e-03
5.974876228719949722e-03
6.861129309982061386e-03
6.914099212735891342e-03
1.602938573341816664e-04
7.689253427088260651e-03
6.914965808391571045e-03
7.580698002129793167e-04
7.021244615316390991e-03
4.035805817693471909e-03
7.486694492399692535e-03
9.639830328524112701e-03
1.000801753252744675e-02
1.129687391221523285e-02
1.152586191892623901e-02
5.885993596166372299e-03
-1.464262139052152634e-03
-6.793105276301503181e-04
-9.370905347168445587e-03
1.104671508073806763e-02
-8.722226135432720184e-03
-1.991088734939694405e-03
1.522506121546030045e-02
8.484864607453346252e-03
1.292049326002597809e-02
1.907395489979535341e-04
1.180341746658086777e-02
-1.578989252448081970e-02
5.416768835857510567e-04
8.810279890894889832e-03
2.836138010025024414e-03
3.422209993004798889e-03
1.001452002674341202e-02
3.014036046806722879e-04
8.885214105248451233e-03
8.501267060637474060e-03
6.011084187775850296e-03
2.524362178519368172e-03
-7.105406839400529861e-03
5.486976820975542068e-03
1.229760609567165375e-02
4.840203095227479935e-03
-8.195204660296440125e-03
-6.177248898893594742e-03
3.942518495023250580e-03
1.323609519749879837e-02
-2.693075314164161682e-02
1.007624436169862747e-02
-2.191509492695331573e-02
-1.129140495322644711e-03
1.200160011649131775e-02
6.202281918376684189e-03
-5.316427443176507950e-03
7.424018345773220062e-03
-6.624171044677495956e-03
-3.689629258587956429e-03
2.325559780001640320e-02
-1.162174041382968426e-03
1.040033996105194092e-02
9.745546616613864899e-03
3.251055022701621056e-03
4.790508246514946222e-04
2.034940198063850403e-02
1.151179801672697067e-02
-4.016215447336435318e-03
9.359187679365277290e-04
-1.505547575652599335e-02
-1.098564360290765762e-02
-2.280387096107006073e-03
-1.872540079057216644e-02
1.649894565343856812e-02
-2.204467775300145149e-03
7.238727062940597534e-03
6.148974411189556122e-03
7.281093858182430267e-04
-3.339474275708198547e-02
-1.587610505521297455e-02
2.917619980871677399e-02
4.404822248034179211e-04
2.544972114264965057e-02
1.504027470946311951e-02
-2.828898606821894646e-03
-1.235563657246530056e-03
1.018685940653085709e-02
8.732888847589492798e-03
-3.764179348945617676e-02
-1.212346553802490234e-02
4.495451692491769791e-03
-4.413354396820068359e-02
1.815663091838359833e-02
-1.934750936925411224e-02
-6.124305352568626404e-02
-2.837492525577545166e-02
-3.344479203224182129e-02
4.109312314540147781e-03
-1.062265480868518353e-03
-1.483664195984601974e-02
-2.438868768513202667e-02
-1.965812966227531433e-02
1.037301775068044662e-02
-2.230863459408283234e-02
-3.068500198423862457e-02
-4.594626370817422867e-03
-2.764467895030975342e-02
-3.433568030595779419e-02
1.367966271936893463e-02
-3.473677858710289001e-02
-2.915687114000320435e-02
5.827812943607568741e-03
-1.702844910323619843e-02
3.730350732803344727e-02
-2.448325045406818390e-02
-2.586505189538002014e-02
6.910209357738494873e-02
-1.991759985685348511e-02
-5.401166528463363647e-02
7.801218889653682709e-03
-1.844998076558113098e-02
-6.737288832664489746e-02
8.626508526504039764e-03
-1.854978874325752258e-02
2.275742357596755028e-03
9.004604816436767578e-02
-6.431695818901062012e-02
-3.283027186989784241e-02
6.351336091756820679e-02
-5.231037735939025879e-02
-4.370884969830513000e-02
8.995048701763153076e-02
-7.485187053680419922e-02
6.318390369415283203e-02
6.894922256469726562e-02
-8.992701023817062378e-02
-4.642875492572784424e-02
4.740677773952484131e-02
3.998109698295593262e-02
3.251814469695091248e-02
7.620666921138763428e-02
8.655297011137008667e-02
3.065859898924827576e-02
3.164649009704589844e-02
-5.382336676120758057e-02
5.612710490822792053e-03
2.643412677571177483e-03
-6.551484763622283936e-02
-3.511393442749977112e-02
1.559006143361330032e-02
-6.083506159484386444e-03
4.753448069095611572e-02
-2.160092070698738098e-02
2.895293757319450378e-02
6.407092325389385223e-03
-1.011036057025194168e-02
-6.091636791825294495e-02
-6.233539804816246033e-02
5.193205177783966064e-02
-5.052367597818374634e-02
2.492701821029186249e-02
-2.180336415767669678e-02
3.838650509715080261e-02
1.353851146996021271e-02
2.503832615911960602e-02
6.987940520048141479e-03
2.239687182009220123e-02
-6.825299467891454697e-03
-2.966250479221343994e-02
-1.737312227487564087e-02
-6.130743306130170822e-03
2.494269981980323792e-02
-1.659760996699333191e-02
-2.190831582993268967e-03
-8.525660261511802673e-03
-1.257549412548542023e-02
6.740925833582878113e-03
-9.016147232614457607e-04
-1.076836371794342995e-03
-3.754639253020286560e-02
4.779091686941683292e-04
-3.914610296487808228e-02
-8.530750637874007225e-04
1.900949515402317047e-02
9.019683115184307098e-03
-1.915503107011318207e-02
-8.520198985934257507e-03
3.920072223991155624e-03
-2.607466652989387512e-02
-9.912300854921340942e-03
-1.170705072581768036e-02
1.883820863440632820e-03
-1.596842630533501506e-04
-1.246492192149162292e-02
-9.156519547104835510e-03
-1.514680311083793640e-02
1.225531939417123795e-02
-2.286327508045360446e-04
1.532682334072887897e-03
3.491723164916038513e-02
-4.727177787572145462e-03
-6.906367372721433640e-03
-2.044801786541938782e-02
-6.722241640090942383e-03
-1.277145463973283768e-02
-3.892116481438279152e-03
6.881902460008859634e-03
4.072086885571479797e-03
3.924697637557983398e-03
6.378642749041318893e-03
-4.780335351824760437e-03
1.713377889245748520e-03
9.461129084229469299e-03
3.339708084240555763e-03
7.075644098222255707e-03
1.289341133087873459e-02
6.513052619993686676e-03
2.499078633263707161e-03
-4.944141954183578491e-03
-1.369096571579575539e-03
1.122687026509083807e-04
9.394630789756774902e-03
1.596202608197927475e-03
-1.290915813297033310e-02
2.980754943564534187e-04
-3.918792586773633957e-03
-8.887122385203838348e-03
2.114240825176239014e-02
5.352793261408805847e-03
4.524743184447288513e-03
1.129172276705503464e-02
1.367689017206430435e-02
1.872552372515201569e-02
-7.115886546671390533e-03
1.205412205308675766e-03
-8.208728395402431488e-03
1.343283453024923801e-03
7.961638271808624268e-03
-1.959822839125990868e-03
-1.415314618498086929e-03
-1.034701243042945862e-03
-5.857028998434543610e-03
5.449458258226513863e-04
-7.293859380297362804e-04
2.001970424316823483e-04
-5.248294211924076080e-03
-5.019056610763072968e-03
1.001958618871867657e-03
3.045004326850175858e-03
5.953483749181032181e-03
-6.263661198318004608e-03
4.377843812108039856e-03
1.576286624185740948e-03
-2.878478961065411568e-03
1.776960329152643681e-03
-7.445459254086017609e-03
-1.312413532286882401e-02
-1.770722679793834686e-03
-6.295140483416616917e-04
7.217715028673410416e-04
-1.320239738561213017e-03
-1.491231564432382584e-02
-1.365163014270365238e-03
-6.352655589580535889e-03
3.143028821796178818e-03
-4.733366891741752625e-03
-8.076828904449939728e-03
2.923717489466071129e-03
-6.017075385898351669e-03
-3.939007408916950226e-03
-4.910456016659736633e-03
-1.106811501085758209e-02
-3.977796994149684906e-03
-7.231764961034059525e-03
-3.542422503232955933e-02
-1.151059102267026901e-02
-4.493064247071743011e-03
-6.433657836169004440e-03
-1.469144015572965145e-03
-1.286556292325258255e-02
-9.775830432772636414e-03
-7.866094820201396942e-03
-3.224674379453063011e-03
-3.468730719760060310e-03
-4.147066734731197357e-03
-7.726233452558517456e-03
-3.706717118620872498e-02
-9.515484794974327087e-03
-6.581486016511917114e-02
-1.171544846147298813e-02
3.779867291450500488e-02
-3.066309960559010506e-03
-1.961529254913330078e-02
-1.912609674036502838e-02
-5.874658469110727310e-03
-1.067966967821121216e-02
1.051333826035261154e-02
-8.901819819584488869e-04
8.214288391172885895e-03
-1.032994501292705536e-02
-2.344650216400623322e-02
-9.536271914839744568e-03
-6.518460344523191452e-03
-1.783688436262309551e-03
-3.742718137800693512e-03
-2.064522169530391693e-02
-5.310471169650554657e-03
-3.249888075515627861e-03
-8.522769436240196228e-03
-5.682726390659809113e-03
3.142382204532623291e-02
-3.208555746823549271e-03
-2.004599757492542267e-02
-6.277593318372964859e-03
-5.819411482661962509e-03
-9.625870734453201294e-03
-7.610884960740804672e-03
-4.947995766997337341e-03
5.510141636477783322e-05
-4.197753965854644775e-03
-9.277594275772571564e-03
-8.114782976917922497e-04
8.770702406764030457e-04
-1.060389564372599125e-03
-9.467035531997680664e-03
-3.962525166571140289e-03
-3.423664486035704613e-03
-2.306533418595790863e-02
-8.687467314302921295e-03
-7.340585812926292419e-03
7.097828667610883713e-03
5.055359099060297012e-03
-4.288088995963335037e-03
-1.161286607384681702e-03
-7.638249546289443970e-03
-1.395899336785078049e-03
2.202918258262798190e-04
