-1.115583116188645363e-03
7.713418919593095779e-03
-7.144950795918703079e-04
-2.046242123469710350e-03
-4.102682229131460190e-03
-8.839736692607402802e-03
-1.337706577032804489e-03
3.964781295508146286e-03
7.692410144954919815e-04
-2.634714182931929827e-04
-1.082221791148185730e-02
-2.427365398034453392e-03
-2.778797643259167671e-03
-1.339342328719794750e-03
3.762834006920456886e-03
3.983324568253010511e-04
1.684508100152015686e-02
2.395063173025846481e-03
1.657716371119022369e-02
-5.892544053494930267e-03
-1.417642808519303799e-03
-1.745228306390345097e-03
-6.082334555685520172e-03
7.860541343688964844e-03
-1.901259645819664001e-03
1.466325018554925919e-03
-2.410119771957397461e-02
-3.541314741596579552e-03
1.625657081604003906e-03
7.795210927724838257e-03
-1.214056648313999176e-02
6.918067112565040588e-03
3.565059741958975792e-03
-2.704254620766732842e-05
-2.359336474910378456e-03
4.376705735921859741e-03
1.030771527439355850e-03
1.681211986579000950e-03
5.123133771121501923e-03
2.023707842454314232e-03
1.593817141838371754e-03
-1.572970300912857056e-02
-6.909066345542669296e-03
-2.193642593920230865e-02
8.526822552084922791e-03
1.560620404779911041e-02
2.643391257151961327e-03
2.800877671688795090e-03
-6.096848286688327789e-03
-1.451512239873409271e-02
3.029251529369503260e-04
1.143777836114168167e-02
3.861025674268603325e-03
-2.269099466502666473e-02
4.272521939128637314e-03
7.759028580039739609e-03
-1.221298007294535637e-03
-5.032667890191078186e-03
1.075646188110113144e-02
2.914566779509186745e-03
9.892002679407596588e-03
1.772671192884445190e-02
-3.922206349670886993e-03
1.033812644891440868e-03
4.432340152561664581e-03
-1.132909301668405533e-02
1.266700308769941330e-02
3.525759791955351830e-03
-1.360918395221233368e-03
6.811839528381824493e-03
1.178271509706974030e-02
2.200569259002804756e-03
7.157479412853717804e-03
-1.382374390959739685e-02
-3.566608647815883160e-04
9.022816084325313568e-03
6.895755883306264877e-03
1.942729461006820202e-03
1.014363137073814869e-03
5.735144950449466705e-03
7.893670350313186646e-03
1.616943441331386566e-02
1.448281202465295792e-02
-2.775916829705238342e-02
-3.272240981459617615e-03
-1.142389420419931412e-02
-4.755739122629165649e-03
8.504156954586505890e-03
2.733241068199276924e-03
-2.561246044933795929e-03
-1.351810898631811142e-02
-1.241462398320436478e-02
4.834308288991451263e-03
-5.304304417222738266e-03
6.501491647213697433e-03
1.518638990819454193e-02
7.314930669963359833e-03
4.337552469223737717e-03
5.981737747788429260e-02
2.720447955653071404e-04
7.613045163452625275e-03
3.414306556805968285e-03
-5.731450859457254410e-03
8.165084756910800934e-03
-2.207167819142341614e-02
2.544136717915534973e-03
-1.049907878041267395e-02
2.195035573095083237e-03
1.017119269818067551e-02
3.281384333968162537e-02
1.245773769915103912e-02
-2.677732845768332481e-03
9.893855080008506775e-03
-1.049578376114368439e-02
-8.187864907085895538e-03
-3.501853439956903458e-03
1.290175039321184158e-02
2.422352787107229233e-03
3.590728715062141418e-02
2.011484466493129730e-03
-1.041885837912559509e-02
1.666089519858360291e-02
1.453005988150835037e-02
-2.030640840530395508e-02
9.251079522073268890e-03
-1.247596275061368942e-02
1.480113714933395386e-02
-4.026924725621938705e-03
8.352584205567836761e-03
-6.056325044482946396e-03
4.991753026843070984e-03
1.703356276266276836e-03
-2.416219096630811691e-03
5.352591630071401596e-03
-7.012051530182361603e-03
8.212218992412090302e-03
1.122973859310150146e-02
1.210548914968967438e-02
9.029195643961429596e-03
2.022772654891014099e-02
1.848106458783149719e-02
6.998762954026460648e-03
6.834118976257741451e-04
1.954187825322151184e-02
2.110638655722141266e-02
1.545034348964691162e-02
1.335775945335626602e-02
1.796984486281871796e-02
-3.097475739195942879e-03
1.380828674882650375e-02
2.793277986347675323e-02
3.513992764055728912e-03
-2.400827221572399139e-02
8.318124338984489441e-03
-3.970927745103836060e-02
-3.058435861021280289e-03
-5.782647989690303802e-03
1.745180040597915649e-02
-1.309214712819084525e-04
2.766909310594201088e-03
-1.524596009403467178e-02
3.841868788003921509e-02
6.060199812054634094e-04
8.151250891387462616e-03
2.452862821519374847e-02
4.028345644474029541e-02
-7.495576515793800354e-03
1.410951931029558182e-02
5.809951107949018478e-03
4.005040228366851807e-02
1.962218992412090302e-02
-8.592927828431129456e-03
-2.033662609755992889e-02
-2.938842959702014923e-02
5.106019321829080582e-03
2.570989541709423065e-02
-1.394435111433267593e-02
4.499292373657226562e-02
-9.919071570038795471e-03
1.980005018413066864e-02
-3.519464656710624695e-02
8.793132379651069641e-03
-3.621554002165794373e-02
2.716973610222339630e-02
9.993679821491241455e-02
-3.763998672366142273e-02
1.952329464256763458e-02
-1.110542658716440201e-02
4.356573149561882019e-02
-7.071667164564132690e-02
7.727220654487609863e-02
1.060392614454030991e-02
9.646932780742645264e-02
2.514283172786235809e-03
-3.618760406970977783e-02
-3.704903274774551392e-02
-6.160707399249076843e-02
2.258970215916633606e-02
-2.506184764206409454e-02
-4.088656604290008545e-02
1.682242564857006073e-02
2.653843350708484650e-02
-3.912368416786193848e-02
-6.803879048675298691e-03
5.061965063214302063e-02
9.335188567638397217e-02
9.443840943276882172e-03
6.009576097130775452e-02
-2.112651802599430084e-02
4.927304387092590332e-02
4.518382996320724487e-02
4.824468120932579041e-02
3.955425322055816650e-02
-9.777658618986606598e-03
6.853433698415756226e-02
6.698706746101379395e-02
-2.474172040820121765e-02
1.879825256764888763e-02
2.052499540150165558e-02
5.650998093187808990e-03
4.054026678204536438e-02
7.604431360960006714e-03
-3.866630047559738159e-02
1.091953739523887634e-02
3.123071044683456421e-02
9.278192184865474701e-03
-4.441542085260152817e-03
-3.169323876500129700e-02
6.279034074395895004e-03
-1.772912777960300446e-02
-1.679518818855285645e-02
2.574441768229007721e-02
4.421770200133323669e-02
8.586126496084034443e-04
2.474647760391235352e-02
1.585520058870315552e-02
-1.482649147510528564e-02
1.261463295668363571e-02
7.594603812322020531e-05
3.280214965343475342e-02
3.842001780867576599e-02
-5.554797593504190445e-03
2.076565660536289215e-02
2.568607917055487633e-03
-7.493879180401563644e-03
1.131583005189895630e-03
-1.459615770727396011e-02
-4.938384052366018295e-03
9.675302542746067047e-03
2.471229806542396545e-02
3.566361218690872192e-02
2.517554908990859985e-02
-7.165739778429269791e-03
-1.487308926880359650e-02
-1.165682636201381683e-02
-1.855477318167686462e-02
-1.864974759519100189e-02
-1.176696503534913063e-03
-2.860427089035511017e-02
-2.063364349305629730e-02
2.716926485300064087e-02
2.381915459409356117e-03
1.959554664790630341e-02
1.564524322748184204e-02
-5.435447208583354950e-03
8.612661622464656830e-03
-8.920137770473957062e-03
-2.000740543007850647e-02
1.086612604558467865e-02
6.870570592582225800e-03
2.018974162638187408e-03
-3.010413609445095062e-03
-2.616973128169775009e-03
5.097583401948213577e-03
1.921720243990421295e-02
-7.009071763604879379e-03
-2.499253675341606140e-02
1.591020449995994568e-02
1.883391290903091431e-02
-1.396923232823610306e-02
3.728909941855818033e-04
-2.419799380004405975e-02
2.847004216164350510e-03
1.640926301479339600e-02
3.553849179297685623e-03
9.257368743419647217e-03
1.244456786662340164e-02
1.974399201571941376e-03
-6.239082664251327515e-03
-2.456239657476544380e-03
2.018146775662899017e-02
8.185192942619323730e-03
1.244241604581475258e-03
-1.063167583197355270e-02
5.645265337079763412e-03
6.084308959543704987e-03
1.293553039431571960e-02
4.656557459384202957e-03
7.860451587475836277e-04
-1.023000013083219528e-02
1.408316940069198608e-02
-3.710560267791152000e-03
1.323708915151655674e-03
9.259412065148353577e-03
9.988188743591308594e-03
6.057943217456340790e-03
8.803956210613250732e-03
-1.016857661306858063e-02
5.562527105212211609e-03
-7.876188494265079498e-03
-1.291123870760202408e-02
1.411168370395898819e-02
-7.050748914480209351e-03
-1.097247563302516937e-02
-2.560246968641877174e-03
-1.238218694925308228e-02
7.788758724927902222e-03
8.822674863040447235e-03
6.854669190943241119e-03
3.830387024208903313e-03
-4.739989712834358215e-02
-2.164301462471485138e-03
-1.112679671496152878e-02
-1.146613270975649357e-03
-1.688327523879706860e-03
4.569788929075002670e-03
1.057656016200780869e-02
-1.196550950407981873e-02
5.962984170764684677e-03
9.667273261584341526e-04
6.416243035346269608e-03
6.709872279316186905e-03
-4.870553966611623764e-03
4.196573514491319656e-03
-8.078985847532749176e-03
-7.750984746962785721e-03
8.164449245668947697e-04
2.716531604528427124e-02
-6.853582337498664856e-03
-6.270814687013626099e-03
3.890010993927717209e-03
2.283589215949177742e-03
1.119355903938412666e-03
-2.886560978367924690e-03
-8.004902629181742668e-04
-1.330716442316770554e-02
-7.062776945531368256e-03
5.211808253079652786e-03
-6.993770599365234375e-03
-1.096274517476558685e-02
4.377282224595546722e-03
4.665195010602474213e-03
6.929619121365249157e-04
4.693597089499235153e-03
-2.604782057460397482e-04
-5.801531020551919937e-03
-1.611637300811707973e-03
-2.174191875383257866e-03
-7.935268804430961609e-03
-1.032786210998892784e-03
5.386638455092906952e-03
-1.447538379579782486e-03
9.380139410495758057e-03
2.424927661195397377e-04
-4.856224171817302704e-03
4.205645993351936340e-03
9.061613818630576134e-04
-6.044623441994190216e-03
4.056679550558328629e-03
9.245475754141807556e-03
9.372302331030368805e-03
-1.556447125039994717e-03
2.084805862978100777e-03
1.885688398033380508e-03
-1.373397000133991241e-02
-9.852187940850853920e-04
2.837046282365918159e-03
-4.824817646294832230e-03
2.449749736115336418e-03
-3.987195435911417007e-03
4.644854459911584854e-03
-2.944406587630510330e-04
3.621170762926340103e-04
-6.770242005586624146e-03
-7.127100252546370029e-04
3.085898980498313904e-02
-1.734988205134868622e-02
-2.328893635421991348e-03
1.347590982913970947e-02
-6.247403472661972046e-02
1.928810612298548222e-03
-2.120203804224729538e-03
-1.852814108133316040e-03
-2.031597681343555450e-02
-2.485925331711769104e-03
1.707752933725714684e-03
4.161406541243195534e-04
5.064695607870817184e-03
2.103779464960098267e-03
-2.033953368663787842e-02
-1.924490090459585190e-03
