2.999544667545706034e-04
4.083930980414152145e-04
8.098626276478171349e-04
-3.508920199237763882e-04
3.001506265718489885e-04
9.738894004840403795e-05
-1.715032849460840225e-04
1.829180982895195484e-04
-1.138837833423167467e-04
1.580410753376781940e-04
2.581578446552157402e-04
4.515837645158171654e-04
3.506671637296676636e-04
-3.967128286603838205e-04
4.308997595217078924e-04
2.702880374272353947e-05
4.628430906450375915e-05
2.847435534931719303e-04
6.634849705733358860e-04
4.263557784724980593e-04
-2.052274940069764853e-04
9.464527101954445243e-05
3.694455663207918406e-04
3.069477388635277748e-04
5.726127419620752335e-04
8.919590982259251177e-06
4.700451390817761421e-04
2.415529743302613497e-04
2.628474903758615255e-04
5.084536387585103512e-04
4.323674365878105164e-04
7.195043726824223995e-04
-1.070847720257006586e-04
1.653655053814873099e-04
-4.092723884241422638e-06
1.681790599832311273e-04
2.429997839499264956e-04
1.670788624323904514e-04
1.818820892367511988e-04
4.076161130797117949e-04
-2.912383351940661669e-04
-1.359520592814078555e-05
5.870422464795410633e-04
-5.505790613824501634e-05
-6.228859547263709828e-06
3.522270126268267632e-04
1.064873213181272149e-04
5.758212864748202264e-06
-2.788687124848365784e-04
4.208469908917322755e-05
-3.790096670854836702e-04
-8.483178680762648582e-04
8.262554911198094487e-05
-2.090809903165791184e-05
3.247238346375524998e-04
1.510632864665240049e-04
-2.340933679079171270e-05
3.862050944007933140e-04
-1.170525865745730698e-04
4.059868660988286138e-05
1.334489352302625775e-04
3.532261180225759745e-04
4.091624577995389700e-04
2.285390073666349053e-04
2.459514944348484278e-04
-5.387151759350672364e-05
6.912613571330439299e-06
-5.350698484107851982e-04
1.638847170397639275e-04
-1.643497853365261108e-05
-1.521061058156192303e-04
8.755543967708945274e-05
3.815562013187445700e-05
5.756239406764507294e-04
5.178065039217472076e-04
1.109234290197491646e-04
4.381435865070670843e-04
1.282519806409254670e-04
1.728436618577688932e-04
3.146203525830060244e-04
7.908963598310947418e-04
-2.652826951816678047e-04
4.952239687554538250e-04
4.745468613691627979e-04
2.554558741394430399e-04
3.268938162364065647e-04
2.162537857657298446e-04
-4.583608824759721756e-05
2.146468032151460648e-04
2.709663531277328730e-04
-5.957637331448495388e-04
-2.706423110794275999e-04
2.702250785659998655e-04
2.135595568688586354e-04
2.457937807776033878e-04
1.204817453981377184e-04
3.023182798642665148e-04
3.976000298280268908e-04
1.189220492960885167e-04
3.265539708081632853e-04
8.055409853113815188e-05
4.307510971557348967e-04
4.343662585597485304e-04
-2.160125877708196640e-04
2.157936687581241131e-04
2.503873256500810385e-04
-1.130852797359693795e-05
-1.869005209300667048e-04
5.761337888543494046e-05
3.312468470539897680e-04
1.622669515199959278e-04
-6.909831427037715912e-05
2.867160073947161436e-04
2.071688068099319935e-04
3.780000552069395781e-04
3.980534529546275735e-05
2.284928777953609824e-04
3.874197136610746384e-04
5.833420436829328537e-04
5.967009346932172775e-04
4.688985354732722044e-04
3.735836071427911520e-04
1.142477922257967293e-04
4.591817269101738930e-04
2.236287764389999211e-05
6.443844904424622655e-05
1.732847304083406925e-04
4.088742716703563929e-04
2.973113732878118753e-04
2.821502857841551304e-04
3.109196841251105070e-04
4.291215154808014631e-04
3.743914712686091661e-04
3.085091011598706245e-04
3.988620301242917776e-04
2.394450129941105843e-04
2.034568315139040351e-04
3.503664047457277775e-04
1.886962127173319459e-04
1.531708840047940612e-04
2.034071367233991623e-04
-2.375857875449582934e-04
1.047844198183156550e-04
9.054266411112621427e-05
5.429835873655974865e-04
5.191959207877516747e-04
3.161379136145114899e-04
1.222931896336376667e-04
2.669311070349067450e-04
1.156449434347450733e-04
4.309124778956174850e-04
4.984985571354627609e-04
3.642359224613755941e-04
1.202040366479195654e-04
1.545785344205796719e-04
3.967966476920992136e-04
5.852005560882389545e-04
-1.516878401162102818e-04
-2.257018350064754486e-04
-5.136288109497400001e-06
-5.682506889570504427e-05
3.697466454468667507e-04
-3.597488830564543605e-05
3.568890679161995649e-04
2.333956363145262003e-04
1.350825041299685836e-04
5.148199852555990219e-05
1.065781689248979092e-04
2.862040128093212843e-04
5.372178929974325001e-05
-5.592781599261797965e-05
-4.866469680564478040e-06
-1.980240267585031688e-05
2.598326827865093946e-04
-2.782187220873311162e-05
-1.636829547351226211e-04
4.113394879823317751e-06
2.533441002015024424e-04
6.801870767958462238e-04
8.167412597686052322e-04
2.250233228551223874e-04
-1.684200396994128823e-04
2.488080353941768408e-04
1.088776684810000006e-06
3.602227952796965837e-04
1.046029719873331487e-04
2.212713443441316485e-04
4.858009924646466970e-04
5.488538299687206745e-04
3.034481196664273739e-04
3.324457211419939995e-04
6.200679345056414604e-04
5.893956404179334641e-04
1.117072184570133686e-03
1.041878131218254566e-03
9.657595073804259300e-04
9.042026940733194351e-04
3.026135673280805349e-04
4.595797974616289139e-03
-2.837318927049636841e-02
3.159929439425468445e-02
-9.864055551588535309e-03
-1.534174545668065548e-03
-2.553401514887809753e-02
-9.171310812234878540e-03
-2.231589145958423615e-02
-2.203656360507011414e-02
-2.616972848773002625e-02
-3.010255284607410431e-02
-2.933312393724918365e-02
-3.804026544094085693e-02
-4.333560168743133545e-02
-4.461393877863883972e-02
-6.220449879765510559e-02
-5.124881118535995483e-02
-7.227515429258346558e-02
-6.647337228059768677e-02
-7.483875006437301636e-02
-5.827829241752624512e-02
-9.027264267206192017e-02
-6.074161827564239502e-02
-1.022776439785957336e-01
-7.085020095109939575e-02
-1.005482226610183716e-01
-8.481603860855102539e-02
-9.984916448593139648e-02
-1.038410738110542297e-01
-9.012803435325622559e-02
-1.192343831062316895e-01
-9.145164489746093750e-02
-1.107201650738716125e-01
-1.084172651171684265e-01
-1.034263074398040771e-01
-1.047722995281219482e-01
-1.098585128784179688e-01
-1.193046495318412781e-01
-8.810972422361373901e-02
-1.426844149827957153e-01
-7.227239012718200684e-02
-1.595276296138763428e-01
-7.238657027482986450e-02
-1.311702281236648560e-01
-9.795548766851425171e-02
-1.134808436036109924e-01
-1.245599314570426941e-01
-7.420047372579574585e-02
-1.434396654367446899e-01
-6.993986666202545166e-02
-1.215210482478141785e-01
-1.092941313982009888e-01
-7.988926023244857788e-02
-1.073201969265937805e-01
-9.008705615997314453e-02
-1.044148355722427368e-01
-6.092410534620285034e-02
-1.188578680157661438e-01
-4.548444226384162903e-02
-1.052099987864494324e-01
-5.677692219614982605e-02
-8.871014416217803955e-02
-3.300408646464347839e-02
-9.645814448595046997e-02
-3.890576958656311035e-02
-7.588627189397811890e-02
-3.912441805005073547e-02
-5.737065151333808899e-02
-3.261957690119743347e-02
-4.954699426889419556e-02
-3.987627103924751282e-02
-3.210457414388656616e-02
-2.322719059884548187e-02
-4.004950076341629028e-02
-7.395641412585973740e-03
-4.114462435245513916e-02
2.049210743280127645e-04
-3.927224874496459961e-02
8.730182889848947525e-05
-3.275266289710998535e-02
8.574780076742172241e-05
-9.130078367888927460e-03
3.334773064125329256e-04
2.438259107293561101e-04
6.270228186622262001e-05
-2.005395435844548047e-05
1.338809852313715965e-05
2.529808552935719490e-04
1.486556720919907093e-04
-2.291309356223791838e-04
-1.471326186219812371e-06
-1.647048920858651400e-04
3.621095966082066298e-04
9.408515761606395245e-04
2.418041985947638750e-04
6.009380376781336963e-05
4.276710096746683121e-04
1.063272211467847228e-04
-1.174686840386129916e-04
3.957984154112637043e-04
3.499255981296300888e-04
3.539543540682643652e-04
3.335833316668868065e-04
2.098127297358587384e-04
1.082297785615082830e-05
1.396885199937969446e-04
2.806776319630444050e-04
5.982235306873917580e-04
-1.734195393510162830e-04
4.590900498442351818e-04
5.067265010438859463e-04
-1.901004870887845755e-04
8.807420817902311683e-05
1.151535252574831247e-04
-9.134158062806818634e-06
-1.317172718700021505e-04
2.193886612076312304e-04
8.254558779299259186e-04
1.588469021953642368e-04
6.743932608515024185e-04
2.561468572821468115e-04
3.339019895065575838e-05
8.063713903538882732e-05
1.244841841980814934e-04
-1.409886754117906094e-04
3.614702436607331038e-04
9.283553663408383727e-05
1.987956493394449353e-04
8.752775611355900764e-04
2.952485228888690472e-04
1.868322724476456642e-04
-3.295974747743457556e-04
-5.616999696940183640e-04
-5.821364466100931168e-04
-4.677481774706393480e-04
9.203597437590360641e-04
7.005847292020916939e-04
-1.997159852180629969e-04
-1.997192521230317652e-05
-9.330778266303241253e-05
-2.263917267555370927e-04
-4.742129749502055347e-05
4.466152458917349577e-04
3.708020376507192850e-04
1.949776342371478677e-04
8.036453509703278542e-04
2.792144368868321180e-04
6.472846725955605507e-04
5.992919905111193657e-04
4.317716520745307207e-04
9.495966369286179543e-04
8.309779805131256580e-04
6.587529787793755531e-04
-4.314878606237471104e-04
7.376596331596374512e-04
4.699083510786294937e-04
2.288057003170251846e-04
4.335101402830332518e-04
-1.856818707892671227e-04
4.134352493565529585e-04
8.223736658692359924e-04
5.610351217910647392e-04
4.765862249769270420e-04
-4.425923398230224848e-04
3.312979533802717924e-04
5.740791675634682178e-04
5.926127778366208076e-04
4.531830782070755959e-04
7.435237639583647251e-04
3.238309291191399097e-04
3.555417060852050781e-04
8.715555886738002300e-04
7.056629983708262444e-04
1.091229263693094254e-03
4.964214749634265900e-04
6.721637328155338764e-04
9.550894610583782196e-04
3.060398448724299669e-04
9.160194895230233669e-04
4.237208340782672167e-04
7.261289865709841251e-04
9.868736378848552704e-04
8.719958132132887840e-04
-3.753410055651329458e-05
6.757414084859192371e-04
6.866095354780554771e-04
1.238436554558575153e-03
1.146691851317882538e-03
3.828974149655550718e-04
1.172930933535099030e-03
5.863416590727865696e-04
3.417044063098728657e-04
6.954657146707177162e-04
8.348033879883587360e-04
6.326006841845810413e-04
8.340912754647433758e-04
7.048483239486813545e-04
1.175071112811565399e-03
1.050402759574353695e-03
1.061658724211156368e-03
7.359923911280930042e-04
7.413798593915998936e-04
3.048381186090409756e-04
