8.641542866826057434e-03
-7.826150394976139069e-03
-2.202586503699421883e-03
-8.491641841828823090e-03
-9.091999381780624390e-04
-1.183246076107025146e-02
-4.184677265584468842e-03
-9.375486522912979126e-03
-4.740994889289140701e-03
8.770569693297147751e-04
8.524164441041648388e-04
1.440989784896373749e-02
-1.322444155812263489e-02
-3.184939268976449966e-03
-2.074441406875848770e-03
-5.253675393760204315e-03
-1.429061125963926315e-02
-2.324467524886131287e-03
-1.369687495753169060e-03
-1.004872377961874008e-02
1.722422166494652629e-04
-4.969030153006315231e-03
1.560067292302846909e-03
9.793261066079139709e-03
1.752062002196907997e-03
6.952739786356687546e-03
5.044210702180862427e-03
4.398968070745468140e-02
-1.648386940360069275e-02
-6.376544944941997528e-03
1.173035241663455963e-03
1.409275736659765244e-02
-2.191478759050369263e-02
-1.000409387052059174e-02
-1.332245068624615669e-03
-1.223824801854789257e-03
1.977070933207869530e-03
-1.604185625910758972e-02
-4.139244556427001953e-03
-3.450660780072212219e-02
-1.132582314312458038e-02
-1.711291819810867310e-02
-2.734597213566303253e-02
-3.705468261614441872e-03
-5.673896986991167068e-03
-4.250724799931049347e-03
1.690201461315155029e-04
-9.036811999976634979e-03
-3.583015874028205872e-03
-1.355674210935831070e-02
-1.865168660879135132e-02
-5.988969001919031143e-03
-4.747069440782070160e-03
-5.318776704370975494e-03
-1.608763472177088261e-03
1.162342540919780731e-02
2.308011613786220551e-02
-7.758168503642082214e-04
-5.829701665788888931e-03
5.968945566564798355e-03
-2.266374602913856506e-02
-1.000504754483699799e-02
-1.908506453037261963e-02
-4.886562004685401917e-03
-1.820027455687522888e-02
-1.673612860031425953e-03
-2.114881295710802078e-03
3.674072679132223129e-03
1.776925055310130119e-03
-9.941764437826350331e-05
-1.409148983657360077e-02
-1.007273979485034943e-02
-4.890583921223878860e-03
-1.077128667384386063e-02
-3.069103695452213287e-03
-1.117359101772308350e-02
-8.903701673261821270e-04
1.638150960206985474e-02
-1.690082252025604248e-03
-5.776892881840467453e-03
1.052009407430887222e-02
-4.058452788740396500e-03
-6.825195159763097763e-03
-5.571800284087657928e-03
-9.836847893893718719e-03
-1.329640857875347137e-02
2.626012265682220459e-02
-5.985901691019535065e-03
3.168776165693998337e-03
-1.344796549528837204e-02
3.777283243834972382e-03
-2.111555822193622589e-02
-1.654426753520965576e-02
-1.868280768394470215e-02
-3.106833994388580322e-02
-4.328043200075626373e-03
-5.043359939008951187e-03
-3.309156745672225952e-04
-3.141111880540847778e-02
1.956803537905216217e-02
-3.424225747585296631e-02
-2.204325608909130096e-02
1.046852208673954010e-02
-2.103935554623603821e-02
-2.801259793341159821e-02
-2.972626825794577599e-03
-2.731315232813358307e-02
-1.672811992466449738e-02
5.088226404041051865e-03
-1.012928038835525513e-02
-1.143449265509843826e-02
-3.396079316735267639e-02
2.677110023796558380e-03
3.709128359332680702e-03
1.687928847968578339e-02
-1.136820018291473389e-02
1.596362097188830376e-03
-1.968501508235931396e-02
-3.415248915553092957e-02
2.612606622278690338e-02
6.378127727657556534e-03
-4.151598550379276276e-03
-8.253600390162318945e-05
3.317350521683692932e-03
-6.266333628445863724e-03
-7.116850465536117554e-03
1.293504051864147186e-02
1.181169878691434860e-02
-7.296178024262189865e-03
2.380655147135257721e-02
1.220399234443902969e-02
-3.618783503770828247e-02
1.527191139757633209e-03
5.923879332840442657e-03
8.525279699824750423e-04
1.629947870969772339e-02
-1.440961938351392746e-02
-3.583045676350593567e-02
-7.718869950622320175e-03
8.530173450708389282e-03
2.571944380179047585e-03
2.138064242899417877e-02
3.067165089305490255e-04
2.407227642834186554e-02
-5.158932879567146301e-03
2.008224651217460632e-02
1.062600687146186829e-02
-3.638244234025478363e-03
3.540392965078353882e-03
1.792815513908863068e-02
-1.384686864912509918e-02
1.551087200641632080e-02
6.989752501249313354e-02
1.533419918268918991e-02
1.166171301156282425e-02
-2.030442468822002411e-02
-1.810581889003515244e-03
2.048991248011589050e-02
2.935947151854634285e-03
2.109704352915287018e-02
-2.044210955500602722e-02
-2.560243196785449982e-02
-1.145057007670402527e-02
6.640260107815265656e-03
1.761092431843280792e-02
4.286086186766624451e-02
2.913804724812507629e-02
-3.014789707958698273e-02
4.287368059158325195e-02
-1.333860214799642563e-02
-3.637188300490379333e-02
1.627009769435971975e-04
-7.825551927089691162e-02
-2.873909287154674530e-02
-2.963027171790599823e-02
-3.696290403604507446e-02
-2.304228767752647400e-02
1.750550419092178345e-02
-5.674161389470100403e-02
-2.783365175127983093e-02
-2.000591717660427094e-02
5.109717324376106262e-02
-2.152664959430694580e-02
-3.931253403425216675e-02
-4.454717040061950684e-02
-3.841894119977951050e-02
-1.487028691917657852e-02
2.395086921751499176e-03
-4.293268546462059021e-03
1.381203532218933105e-01
5.664389953017234802e-02
5.021887831389904022e-03
-3.642392531037330627e-02
4.248168319463729858e-02
4.452843219041824341e-02
4.093730822205543518e-02
-1.442431509494781494e-01
4.037672188133001328e-03
-8.326529711484909058e-02
-1.103735715150833130e-01
9.540581377223134041e-04
-9.968360885977745056e-03
-3.624213114380836487e-02
5.338106676936149597e-02
-1.010994985699653625e-01
-9.347983449697494507e-02
5.296405032277107239e-02
-1.548566296696662903e-02
2.988607436418533325e-02
-8.861973881721496582e-03
-5.245382338762283325e-02
-2.390336804091930389e-02
7.176663726568222046e-02
-1.788651198148727417e-02
9.513993747532367706e-03
1.691682450473308563e-02
-2.200052142143249512e-03
3.807742148637771606e-02
-3.972864896059036255e-02
6.936132442206144333e-03
-3.932002931833267212e-02
-8.176179602742195129e-03
3.432605182752013206e-03
-1.658632233738899231e-02
-4.315372556447982788e-02
3.991089295595884323e-03
-3.571447357535362244e-02
2.227660082280635834e-02
-1.597237400710582733e-02
2.822330966591835022e-02
1.687919348478317261e-02
-1.921344734728336334e-02
4.552786797285079956e-02
1.997527666389942169e-02
-2.179067395627498627e-02
-2.262793853878974915e-02
-3.263354301452636719e-03
-1.365075446665287018e-02
-8.744013495743274689e-03
1.434338465332984924e-02
-1.792364753782749176e-02
-3.205078095197677612e-02
1.059090998023748398e-02
2.298763021826744080e-02
-7.378226146101951599e-03
-7.903277873992919922e-03
1.666868664324283600e-02
1.148997806012630463e-03
-3.259830991737544537e-04
1.590631157159805298e-02
-1.256482675671577454e-02
2.464941935613751411e-03
-1.234754361212253571e-02
-2.828989177942276001e-02
3.227934241294860840e-02
1.740909367799758911e-02
3.453864529728889465e-02
-1.502440776675939560e-02
1.927855797111988068e-02
-7.449639961123466492e-03
-1.107914932072162628e-02
-9.182656183838844299e-03
-2.412495436146855354e-03
5.958332214504480362e-03
-5.020263139158487320e-03
2.428199630230665207e-03
-9.632203727960586548e-03
-9.553459472954273224e-03
2.279928885400295258e-03
-2.047838829457759857e-02
4.195005632936954498e-03
-2.553605102002620697e-02
-2.970840781927108765e-03
4.458277020603418350e-03
-1.800857111811637878e-02
-3.282904624938964844e-03
4.948531932313926518e-05
5.763438064604997635e-03
-1.003874652087688446e-02
-2.379832090809941292e-03
6.878506974317133427e-04
-3.253049030900001526e-02
1.010253932327032089e-02
4.927283152937889099e-02
-2.899747341871261597e-03
-1.080738031305372715e-03
-8.706757798790931702e-03
-2.291243523359298706e-02
-1.697608269751071930e-02
-2.214536443352699280e-02
9.815294761210680008e-04
-1.141618937253952026e-03
1.048895763233304024e-03
1.414689933881163597e-03
-2.568190917372703552e-02
-8.124066516757011414e-03
-2.320315502583980560e-02
5.074467509984970093e-03
2.928135171532630920e-02
-6.490775384008884430e-03
2.619918249547481537e-02
-4.820151720196008682e-03
3.739073406904935837e-03
4.363156389445066452e-03
-5.699595902115106583e-03
-2.245247550308704376e-02
-1.417824649251997471e-03
-1.722739636898040771e-02
-1.124172005802392960e-02
5.303042940795421600e-03
-1.390742044895887375e-02
-1.945615862496197224e-03
-1.419811509549617767e-02
3.739751642569899559e-03
-8.879580534994602203e-03
5.429168813861906528e-04
7.127209100872278214e-03
-1.276519615203142166e-02
-4.881330300122499466e-03
-1.083874516189098358e-02
-2.559006586670875549e-02
-2.171418629586696625e-03
4.122467711567878723e-03
-2.302008308470249176e-02
-1.721418090164661407e-02
-1.906841807067394257e-02
-2.230039052665233612e-02
-2.967013977468013763e-03
-6.748665124177932739e-03
-1.441141497343778610e-02
-5.761289503425359726e-03
-7.713327649980783463e-03
-1.670782268047332764e-02
-1.356419082731008530e-02
1.382577233016490936e-02
-1.663997396826744080e-02
-1.241610851138830185e-02
-7.841329090297222137e-03
-3.166251117363572121e-03
-2.649488486349582672e-02
-3.399249538779258728e-02
-5.228040274232625961e-03
-1.756366342306137085e-02
-5.262204445898532867e-03
-7.078098133206367493e-03
-1.626694016158580780e-02
-2.122757770121097565e-02
3.056076914072036743e-02
-6.609329022467136383e-03
-1.030428800731897354e-02
-1.840333454310894012e-02
1.309028174728155136e-02
-4.313142504543066025e-03
-5.105958878993988037e-02
-4.037116377730853856e-05
2.633164264261722565e-02
4.237886518239974976e-03
2.730621397495269775e-02
-5.310860462486743927e-03
-7.232860662043094635e-03
1.395822386257350445e-03
-4.197611939162015915e-03
-7.535877171903848648e-03
-4.511721432209014893e-03
-1.315341237932443619e-02
-1.110453251749277115e-02
3.440445987507700920e-03
9.909122018143534660e-04
-8.204529993236064911e-03
1.068205107003450394e-02
-1.437477767467498779e-02
-2.020008862018585205e-03
-3.059522621333599091e-02
-9.775555692613124847e-03
-1.837066491134464741e-03
1.665652357041835785e-02
4.224019590765237808e-03
2.056179335340857506e-03
-2.157291630282998085e-03
1.334732025861740112e-02
-1.103069353848695755e-02
4.898865241557359695e-03
-6.611159443855285645e-02
-1.313667744398117065e-02
-6.558066233992576599e-04
-8.908648975193500519e-03
1.724605076014995575e-02
-7.987938006408512592e-04
1.538657676428556442e-02
-2.585514914244413376e-03
-5.729391239583492279e-03
-1.051049795933067799e-03
7.679280242882668972e-04
-4.162877798080444336e-03
-4.002633038908243179e-03
1.833363063633441925e-02
-6.665890105068683624e-03
-9.280565194785594940e-03
4.063610685989260674e-04
2.799157053232192993e-03
-1.010932028293609619e-02
