7.623985875397920609e-04
1.439617946743965149e-03
4.373265255708247423e-04
3.923569456674158573e-04
1.373439445160329342e-03
4.879867483396083117e-04
1.311620289925485849e-04
9.405204327777028084e-04
7.902539800852537155e-04
8.021104731597006321e-04
7.971568848006427288e-04
5.957444082014262676e-04
7.870742119848728180e-04
8.453872869722545147e-04
9.198957122862339020e-04
4.304449830669909716e-04
1.121457316912710667e-03
6.591449491679668427e-04
1.108791213482618332e-03
1.364378491416573524e-03
7.514254539273679256e-04
9.695267071947455406e-04
4.529445141088217497e-04
7.178860832937061787e-04
6.556499865837395191e-04
7.199695683084428310e-04
1.155545585788786411e-03
1.241301419213414192e-03
5.941711715422570705e-04
1.176873221993446350e-03
8.632059325464069843e-04
5.924829165451228619e-04
6.975780706852674484e-04
5.945098237134516239e-04
6.470341468229889870e-04
7.398907328024506569e-04
5.839251680299639702e-04
5.221821484155952930e-04
7.905839011073112488e-04
1.313204527832567692e-03
1.651001279242336750e-03
9.677120833657681942e-04
8.070681360550224781e-04
7.662990828976035118e-04
8.723969222046434879e-04
8.313735597766935825e-04
1.036419067531824112e-03
1.116337371058762074e-03
7.617677329108119011e-04
6.047686329111456871e-04
7.796091376803815365e-04
1.290146727114915848e-03
1.444665016606450081e-03
1.350598875433206558e-03
9.844589512795209885e-04
6.474377587437629700e-04
9.923310717567801476e-04
7.270020432770252228e-04
9.613539441488683224e-04
1.048920792527496815e-03
1.277597388252615929e-03
2.389536239206790924e-04
6.822079885751008987e-04
1.000405754894018173e-03
8.244261844083666801e-04
9.111604886129498482e-04
8.668333175592124462e-04
7.653034990653395653e-04
9.162012138403952122e-04
7.707979530096054077e-04
7.354118861258029938e-04
2.729865955188870430e-04
6.536921137012541294e-04
6.445669569075107574e-04
1.126398216001689434e-03
8.566153701394796371e-04
1.552683679619804025e-04
7.327987113967537880e-04
6.934596458449959755e-04
1.254284055903553963e-03
8.405374246649444103e-04
1.371869468130171299e-03
1.255242503248155117e-03
1.248520566150546074e-03
1.499342033639550209e-03
1.504833344370126724e-03
1.073813997209072113e-03
1.010891050100326538e-03
1.392330043017864227e-03
1.022318378090858459e-03
5.311905988492071629e-04
8.629005169495940208e-04
8.285146323032677174e-04
9.181092609651386738e-04
6.010507931932806969e-04
4.022178181912750006e-04
1.376913860440254211e-04
8.168471395038068295e-04
5.321000353433191776e-04
8.157695992849767208e-04
9.096423746086657047e-04
6.452284869737923145e-04
5.458188825286924839e-04
4.067504196427762508e-04
7.555665797553956509e-04
9.437067201361060143e-04
6.464384496212005615e-04
7.069560233503580093e-04
1.505828986410051584e-04
4.991269088350236416e-04
2.884716959670186043e-04
1.145050511695444584e-03
8.206773200072348118e-04
7.350961095653474331e-04
8.886603172868490219e-04
4.082920786458998919e-04
4.377908189781010151e-04
8.209817460738122463e-04
5.246803630143404007e-04
4.326533526182174683e-04
2.738883486017584801e-04
1.077266497304663062e-04
1.690295321168377995e-04
6.226227851584553719e-04
7.798639708198606968e-04
6.382507272064685822e-04
5.886757862754166126e-04
6.293857586570084095e-04
7.885364902904257178e-05
1.330756786046549678e-04
2.139023417839780450e-04
5.043649580329656601e-04
5.237737204879522324e-04
4.717100819107145071e-04
2.764979035418946296e-05
1.752223179209977388e-04
1.949742727447301149e-04
2.075568772852420807e-04
5.523823783732950687e-04
1.341958413831889629e-04
4.456448095879750326e-06
3.004737955052405596e-04
6.266292766667902470e-04
7.909383857622742653e-04
6.288536242209374905e-04
7.029505213722586632e-04
4.037238541059195995e-04
8.683774649398401380e-05
3.205672255717217922e-04
4.024293739348649979e-04
-1.240684071035502711e-07
3.958612069254741073e-05
6.622451473958790302e-04
1.908702397486194968e-04
-2.125729370163753629e-04
1.472132862545549870e-04
5.724567017750814557e-05
2.207184152211993933e-04
2.452458720654249191e-04
2.177926799049600959e-04
4.318916471675038338e-04
1.994780723180156201e-05
-1.716677506919950247e-04
-4.198478927719406784e-05
5.976594984531402588e-04
1.001716707833111286e-03
5.083318683318793774e-04
2.895854122471064329e-04
-9.303749538958072662e-05
5.643664044328033924e-04
4.493187007028609514e-04
8.297865279018878937e-04
4.507572739385068417e-04
3.730337775778025389e-04
1.800221507437527180e-04
2.237121407233644277e-05
4.931399016641080379e-04
7.606141152791678905e-04
-7.219674444058910012e-05
6.572207203134894371e-04
3.736981889232993126e-04
8.051695767790079117e-04
2.066007000394165516e-04
8.543478907085955143e-04
1.106682233512401581e-03
4.680515849031507969e-04
4.221572016831487417e-04
5.777198239229619503e-04
3.467499918770045042e-04
1.155107238446362317e-04
2.113198861479759216e-04
4.191701009403914213e-05
2.099950652336701751e-04
3.299315867479890585e-04
4.015951126348227262e-04
7.941466756165027618e-04
4.675413074437528849e-04
5.568645428866147995e-04
1.247762120328843594e-03
9.841773426160216331e-04
6.902070599608123302e-04
-4.351259674876928329e-03
-7.780692540109157562e-03
-1.706947572529315948e-02
-2.000651694834232330e-02
-3.491267934441566467e-02
-4.039044678211212158e-02
-4.550037905573844910e-02
-4.427290335297584534e-02
-5.327669158577919006e-02
-5.169633030891418457e-02
-6.386530399322509766e-02
-5.798096209764480591e-02
-7.069282978773117065e-02
-7.338191568851470947e-02
-8.867613226175308228e-02
-9.108900278806686401e-02
-1.036874800920486450e-01
-1.072784811258316040e-01
-1.243162602186203003e-01
-1.247132346034049988e-01
-1.337999850511550903e-01
-1.346090883016586304e-01
-1.437060385942459106e-01
-1.440459638833999634e-01
-1.443345844745635986e-01
-1.536554843187332153e-01
-1.457140743732452393e-01
-1.453638076782226562e-01
-1.407309472560882568e-01
-1.420550346374511719e-01
-1.348890364170074463e-01
-1.364919990301132202e-01
-1.304839849472045898e-01
-1.205842941999435425e-01
-1.210514232516288757e-01
-1.071602106094360352e-01
-1.164862066507339478e-01
-8.874204009771347046e-02
-1.055672392249107361e-01
-7.025317847728729248e-02
-9.230534732341766357e-02
-7.251793891191482544e-02
-6.610089540481567383e-02
-6.543961167335510254e-02
-4.737045615911483765e-02
-6.085792183876037598e-02
-3.215392678976058960e-02
-4.794205725193023682e-02
-2.799924835562705994e-02
-3.080786578357219696e-02
-2.871753834187984467e-02
-9.381579235196113586e-03
-2.449896745383739471e-02
-1.779438229277729988e-03
-1.486540492624044418e-02
-1.200279366457834840e-04
-5.400809925049543381e-03
7.916981121525168419e-05
3.093051491305232048e-04
-1.854628353612497449e-04
-7.151311001507565379e-05
-1.670877827564254403e-05
2.272560668643563986e-04
4.345602355897426605e-04
8.687347872182726860e-04
7.762135355733335018e-04
1.343369804089888930e-04
2.427487052045762539e-04
3.976717416662722826e-04
3.475501143839210272e-04
6.066518253646790981e-04
4.842546186409890652e-04
4.874711157754063606e-04
3.036034177057445049e-04
4.688906483352184296e-04
9.342319099232554436e-04
5.857206415385007858e-04
3.981407498940825462e-04
3.988192474935203791e-04
3.411163925193250179e-04
1.026150785037316382e-04
-5.663452902808785439e-04
3.745202848222106695e-04
4.348187649156898260e-04
1.514813920948654413e-04
-4.540358986560022458e-06
3.138697065878659487e-04
-4.166713188169524074e-05
4.853138525504618883e-04
6.112821283750236034e-04
2.733459987211972475e-04
3.493052645353600383e-05
2.831585297826677561e-04
4.670929920393973589e-04
7.359714363701641560e-04
5.651562241837382317e-04
3.347862220834940672e-04
4.662296560127288103e-04
1.346720382571220398e-04
-4.155944043304771185e-04
2.050719194812700152e-04
4.900351050309836864e-04
1.729049108689650893e-04
4.232729843351989985e-04
-8.545471064280718565e-05
-2.933232171926647425e-04
1.300531293964013457e-04
1.515486801508814096e-04
1.862180361058562994e-04
1.163951164926402271e-04
2.441559627186506987e-04
3.360869013704359531e-04
-1.452886062907055020e-04
-2.646794891916215420e-04
-4.635736331692896783e-05
-2.345052344026044011e-04
-8.648780749354045838e-06
2.942318096756935120e-04
1.835773873608559370e-04
1.702604058664292097e-04
-3.962639602832496166e-04
1.063454896211624146e-03
4.753299872390925884e-04
5.330310086719691753e-04
3.070264065172523260e-04
7.153474143706262112e-04
1.586035505170002580e-04
1.035789027810096741e-03
6.841236609034240246e-04
1.708928466541692615e-04
1.257036201423034072e-04
3.964897186961025000e-04
4.550727317109704018e-04
3.895148402079939842e-04
1.419162290403619409e-04
2.386855521763209254e-05
5.871002213098108768e-04
6.184699013829231262e-04
3.057638823520392179e-04
4.252786457072943449e-04
3.363319847267121077e-04
6.502297474071383476e-04
2.082354330923408270e-04
2.536398533266037703e-04
1.198712634504772723e-04
5.164628964848816395e-04
-1.851019915193319321e-04
5.541666760109364986e-04
3.785883018281310797e-04
3.311363689135760069e-04
6.184609810588881373e-05
3.115944564342498779e-04
3.878620918840169907e-04
3.128507523797452450e-04
3.044111945200711489e-04
3.185147943440824747e-04
-3.024053330591414124e-05
3.266536805313080549e-04
2.007846924243494868e-04
1.628643221920356154e-04
3.750036703422665596e-04
6.575502338819205761e-04
5.515683442354202271e-04
1.302510936511680484e-04
3.221454971935600042e-04
2.611032105050981045e-04
1.244327722815796733e-04
2.782305236905813217e-04
5.191327654756605625e-04
-1.059765054378658533e-04
3.646378463599830866e-04
8.757589384913444519e-04
3.139529726468026638e-04
4.941636580042541027e-04
3.856690600514411926e-04
3.742668486665934324e-04
6.791569758206605911e-04
3.026177000720053911e-04
5.917171365581452847e-04
9.039998985826969147e-05
3.419723943807184696e-04
1.849825785029679537e-04
3.371727361809462309e-04
-5.097528992337174714e-05
5.777011974714696407e-04
7.029443513602018356e-04
6.573802675120532513e-04
3.813227522186934948e-04
3.416543768253177404e-04
5.201416206546127796e-04
-1.815376745071262121e-04
4.366584180388599634e-04
8.573961094953119755e-04
-7.260696293087676167e-05
1.486229361034929752e-03
5.335355526767671108e-04
-1.528374696135870181e-06
5.951871862635016441e-04
5.052613414591178298e-05
6.840158603154122829e-04
