-1.807007065508514643e-04
-1.114439146476797760e-04
-8.054205682128667831e-04
8.211036329157650471e-04
-2.446959842927753925e-04
-2.238836168544366956e-05
7.630565087310969830e-04
1.671619829721748829e-03
7.188000599853694439e-04
7.438748143613338470e-04
1.179170445539057255e-03
5.953225190751254559e-04
-1.631663035368546844e-04
2.230175741715356708e-04
6.305626593530178070e-04
4.281413857825100422e-04
4.721372970379889011e-04
5.764430898125283420e-05
3.084847703576087952e-04
8.033296908251941204e-04
-1.158771701739169657e-04
5.735345184803009033e-04
5.878460360690951347e-04
1.318119466304779053e-03
1.360694295726716518e-03
1.572155859321355820e-03
1.669701596256345510e-04
4.215899971313774586e-04
1.120854867622256279e-03
1.159038394689559937e-03
-6.043034773028921336e-06
8.507620077580213547e-04
5.326127284206449986e-04
8.825347176752984524e-04
4.974605981260538101e-04
-6.655111064901575446e-05
5.069360486231744289e-04
3.096735163126140833e-04
8.568350458517670631e-04
4.661862039938569069e-04
8.504915167577564716e-04
5.146392504684627056e-04
8.960416307672858238e-04
4.048720293212682009e-04
8.948670001700520515e-04
1.057160785421729088e-03
6.891346420161426067e-04
1.125261769630014896e-03
-6.564498471561819315e-05
8.211117237806320190e-04
6.031363736838102341e-04
3.494593547657132149e-04
6.762273842468857765e-04
6.242520175874233246e-04
4.591638571582734585e-04
1.175505691207945347e-03
1.390759134665131569e-03
6.143522332422435284e-04
8.349234121851623058e-06
6.380825652740895748e-04
5.058707902207970619e-04
8.820765069685876369e-04
5.202626925893127918e-04
1.130942837335169315e-03
8.588848868384957314e-04
1.037379493936896324e-03
9.989731479436159134e-04
8.407224668189883232e-04
7.703962619416415691e-04
1.014116220176219940e-03
3.038711147382855415e-04
3.930241800844669342e-04
1.338419737294316292e-03
1.049950136803090572e-03
6.822365685366094112e-04
1.098664710298180580e-03
8.389108115807175636e-04
5.846297717653214931e-04
8.744691149331629276e-04
5.998806445859372616e-04
-5.939431503065861762e-05
6.062714383006095886e-04
1.317346584983170033e-03
1.303004915826022625e-03
1.024356926791369915e-03
7.588186999782919884e-04
4.431573033798485994e-04
7.940881187096238136e-04
1.071132253855466843e-03
6.301536341197788715e-04
7.395215216092765331e-04
1.111839083023369312e-03
3.814708034042268991e-04
3.038699214812368155e-04
3.894512483384460211e-04
3.810988855548202991e-04
1.110331271775066853e-03
1.379111781716346741e-03
1.550643122754991055e-03
9.088793885894119740e-04
8.354212041012942791e-04
9.042429155670106411e-04
1.152493758127093315e-03
1.774154836311936378e-03
7.231556810438632965e-04
1.147608854807913303e-03
1.657832181081175804e-03
1.989568583667278290e-03
1.287917024455964565e-03
1.194575685076415539e-03
1.175131183117628098e-03
1.125444774515926838e-03
9.251898736692965031e-04
1.359068555757403374e-03
7.437121239490807056e-04
1.024789293296635151e-03
1.039017341099679470e-03
1.340804737992584705e-03
2.097327960655093193e-03
1.101191504858434200e-03
1.352232415229082108e-03
9.534652344882488251e-04
1.176525140181183815e-03
5.048610037192702293e-04
1.677803578786551952e-03
9.142624330706894398e-04
4.795693675987422466e-04
1.871039741672575474e-03
1.555041410028934479e-03
1.459178398363292217e-03
9.695048793219029903e-04
1.251220470294356346e-03
8.043412817642092705e-04
1.033156644552946091e-03
9.690010920166969299e-04
1.420346088707447052e-03
1.632402068935334682e-03
1.555908122099936008e-03
2.203901298344135284e-03
1.459105173125863075e-03
7.266126922331750393e-04
1.078798086382448673e-03
9.862887673079967499e-04
1.856946037150919437e-03
1.377947861328721046e-03
2.630144881550222635e-04
9.335165377706289291e-04
4.282840818632394075e-04
1.119243446737527847e-03
1.054261461831629276e-03
7.791090174578130245e-04
1.601435826160013676e-03
1.403584377840161324e-03
9.351586923003196716e-04
1.144823734648525715e-03
1.037677400745451450e-03
1.383468974381685257e-03
4.425242077559232712e-04
5.558997509069740772e-04
1.177883474156260490e-03
4.634878423530608416e-04
1.322309719398617744e-03
9.354340727441012859e-04
2.427952713333070278e-04
9.376681991852819920e-04
1.494313939474523067e-03
1.529433880932629108e-03
1.729319221340119839e-03
9.731500758789479733e-04
1.043201889842748642e-03
1.990267774090170860e-03
1.885187928564846516e-03
7.918780902400612831e-04
7.834866992197930813e-04
8.645057096146047115e-05
9.199379710480570793e-04
2.101407881127670407e-04
1.347037381492555141e-03
1.119628432206809521e-03
1.428192481398582458e-03
1.483499188907444477e-03
9.923760080710053444e-04
9.875922696664929390e-04
1.325764227658510208e-03
1.259361742995679379e-03
1.433008350431919098e-03
1.710299868136644363e-03
1.777836470864713192e-03
1.449461211450397968e-03
1.360315480269491673e-03
2.133663045242428780e-03
2.094646217301487923e-03
1.889656647108495235e-03
2.119036857038736343e-03
2.233170671388506889e-03
1.014300156384706497e-03
1.117693958804011345e-03
1.819121069274842739e-03
1.665065763518214226e-03
-1.625264761969447136e-03
-2.176943933591246605e-03
2.917094156146049500e-03
1.102825161069631577e-02
1.211560051888227463e-02
1.158147305250167847e-02
3.121907822787761688e-02
2.509252354502677917e-02
4.809377342462539673e-02
3.318056836724281311e-02
5.367009341716766357e-02
4.333153367042541504e-02
4.445936903357505798e-02
6.055888533592224121e-02
4.445264115929603577e-02
7.484710961580276489e-02
5.024847015738487244e-02
8.001491427421569824e-02
6.692770123481750488e-02
8.466205000877380371e-02
8.740545064210891724e-02
7.922458648681640625e-02
1.038139984011650085e-01
7.981827110052108765e-02
1.250658631324768066e-01
8.887582272291183472e-02
1.267996728420257568e-01
1.063190102577209473e-01
1.166897192597389221e-01
1.161849722266197205e-01
1.304752230644226074e-01
1.044575199484825134e-01
1.443556398153305054e-01
1.033940911293029785e-01
1.428965181112289429e-01
1.132553592324256897e-01
1.223141923546791077e-01
1.243335306644439697e-01
1.165950447320938110e-01
1.350129097700119019e-01
9.112284332513809204e-02
1.512056440114974976e-01
6.828738749027252197e-02
1.424207389354705811e-01
7.232636213302612305e-02
1.257283240556716919e-01
7.399804890155792236e-02
1.071767508983612061e-01
6.919246166944503784e-02
1.034640818834304810e-01
5.635073408484458923e-02
8.299708366394042969e-02
7.536441832780838013e-02
4.998152703046798706e-02
7.462113350629806519e-02
4.472160711884498596e-02
5.257846787571907043e-02
5.268279835581779480e-02
2.092724852263927460e-02
6.840301305055618286e-02
2.664125291630625725e-03
4.812145605683326721e-02
1.595313847064971924e-02
1.843269728124141693e-02
1.525358017534017563e-02
1.267672423273324966e-02
3.281119512394070625e-03
1.562658138573169708e-02
2.494070911779999733e-03
1.892172615043818951e-03
7.525173481553792953e-03
2.012389712035655975e-03
3.111970610916614532e-03
2.293516416102647781e-03
1.740446430630981922e-03
1.607217127457261086e-03
1.252418849617242813e-03
1.298010814934968948e-03
1.803554361686110497e-03
2.242964459583163261e-03
2.062533516436815262e-03
1.790858455933630466e-03
1.459509716369211674e-03
1.867873244918882847e-03
5.178716965019702911e-04
5.656378925777971745e-04
1.653726358199492097e-04
3.058589063584804535e-04
5.350657156668603420e-04
1.473861047998070717e-03
1.822513295337557793e-03
1.424208632670342922e-03
8.194849360734224319e-04
8.498351671732962132e-04
1.446278300136327744e-03
1.026970683597028255e-03
1.469838083721697330e-03
1.277800998650491238e-03
1.778300851583480835e-03
1.263353275135159492e-03
1.739251660183072090e-03
1.395859406329691410e-03
1.222174731083214283e-03
1.336771994829177856e-03
1.241399673745036125e-03
1.242026221007108688e-03
5.156280240043997765e-04
1.190590905025601387e-03
6.934148259460926056e-04
7.873174617998301983e-04
7.826272048987448215e-04
1.578203955432400107e-04
3.428352065384387970e-04
8.915375219658017159e-04
1.102543435990810394e-03
1.047176076099276543e-03
1.512784161604940891e-03
1.222349121235311031e-03
1.112318946979939938e-03
1.089261611923575401e-03
7.121706148609519005e-04
4.042453074362128973e-04
1.073483843356370926e-03
1.039195689372718334e-03
9.391826461069285870e-04
6.505091441795229912e-04
1.023184391669929028e-03
5.135996034368872643e-04
-1.153855628217570484e-04
1.950939622474834323e-04
7.338775321841239929e-04
-6.200384232215583324e-04
2.080809936160221696e-04
1.289495616219937801e-03
4.777638532686978579e-04
3.703991824295371771e-04
9.506221249466761947e-05
2.587887865956872702e-04
1.065409043803811073e-03
9.963277261704206467e-04
6.518391892313957214e-04
5.294625298120081425e-04
3.506682696752250195e-04
7.248562760651111603e-04
1.892303262138739228e-04
1.232211798196658492e-04
-1.115470877266488969e-05
3.841941070277243853e-04
-5.312630310072563589e-05
4.265925963409245014e-04
2.295634476467967033e-04
9.221630753017961979e-04
5.313628353178501129e-04
3.633041051216423512e-04
4.447203245945274830e-04
9.981674375012516975e-04
7.342115859501063824e-04
2.631114621181041002e-04
4.371395043563097715e-04
5.850823363289237022e-04
3.132563433609902859e-04
9.931870736181735992e-04
5.360282375477254391e-04
3.053922264371067286e-04
9.853671072050929070e-04
5.558790289796888828e-04
1.096233027055859566e-03
6.240175571292638779e-04
2.515630330890417099e-04
-1.088770150090567768e-04
-1.308545033680275083e-04
1.101157162338495255e-03
8.508898899890482426e-04
1.203240710310637951e-03
1.097127460525371134e-04
1.061852963175624609e-04
1.023407792672514915e-03
5.411663441918790340e-04
4.187687009107321501e-04
1.078386339941062033e-04
4.638092068489640951e-04
1.188732683658599854e-03
8.338538464158773422e-04
6.834964005975052714e-05
3.989926335634663701e-05
4.978235665475949645e-05
7.248500478453934193e-04
6.749104795744642615e-05
3.071844694204628468e-04
7.858970202505588531e-04
3.229487338103353977e-04
2.615784178487956524e-04
-1.024179873638786376e-04
3.178457263857126236e-04
3.358159738127142191e-04
-7.343116885749623179e-05
1.905287790577858686e-04
7.615096401423215866e-04
4.871833079960197210e-04
8.700601756572723389e-05
5.682142218574881554e-04
8.757800096645951271e-04
