3.144369402434676886e-04
-7.070463470881804824e-05
-1.860686461441218853e-05
2.113889204338192940e-04
3.341015544719994068e-04
4.767385544255375862e-04
4.186166042927652597e-04
3.672695311252027750e-04
3.768563910853117704e-04
2.566108014434576035e-04
6.555410218425095081e-04
-1.698650012258440256e-04
1.735465048113837838e-04
3.797405224759131670e-04
9.564337669871747494e-04
2.149456267943605781e-04
1.414640573784708977e-04
9.498441359028220177e-04
-1.430545235052704811e-04
5.434400518424808979e-04
5.319642368704080582e-04
2.282364439452067018e-04
5.765657988376915455e-04
7.271506910910829902e-05
-2.053396892733871937e-04
3.998776373919099569e-04
-4.323321627452969551e-04
2.944375155493617058e-04
2.922297790064476430e-05
-3.042162570636719465e-04
1.442325883544981480e-04
-7.431951235048472881e-04
-3.358393732924014330e-04
9.325550054199993610e-04
2.096559182973578572e-04
5.179301369935274124e-04
-4.825007054023444653e-04
3.134408907499164343e-04
2.715899317990988493e-04
3.660117217805236578e-04
-4.309455980546772480e-04
-8.396535849897190928e-05
-6.767106242477893829e-06
1.784592604963108897e-04
2.145180769730359316e-04
4.106264677830040455e-04
1.146652619354426861e-03
1.293353037908673286e-03
-2.247193478979170322e-04
2.222397015430033207e-04
2.034952194662764668e-04
1.122117828344926238e-04
5.724747898057103157e-04
4.437799798324704170e-04
5.816725752083584666e-05
1.453838049201294780e-04
3.592560533434152603e-04
4.812713305000215769e-04
1.177399462903849781e-04
3.848206251859664917e-04
2.184707118431106210e-04
2.209160156780853868e-04
7.141169626265764236e-04
1.114100916311144829e-03
-1.419281616108492017e-04
2.817849454004317522e-04
2.135801914846524596e-04
4.065706743858754635e-04
6.698124343529343605e-04
1.588695595273748040e-04
4.877548490185290575e-04
1.177936574094928801e-04
5.058987153461202979e-05
5.901294061914086342e-04
2.442998811602592468e-04
4.266132018528878689e-04
6.802029092796146870e-04
1.357103465124964714e-04
1.938253408297896385e-04
1.382466871291399002e-03
8.409638394368812442e-05
3.420954162720590830e-04
-1.188369278679601848e-04
1.621339761186391115e-04
2.730078995227813721e-04
2.566307957749813795e-04
3.984751820098608732e-04
5.152935045771300793e-05
1.135223283199593425e-04
3.657836059574037790e-04
8.143470768118277192e-05
-2.129511085513513535e-05
8.750566048547625542e-04
3.385821764823049307e-04
6.439584540203213692e-04
7.273704395629465580e-04
3.834590315818786621e-04
2.518807013984769583e-04
5.408112192526459694e-04
2.997452393174171448e-04
1.698174310149624944e-04
2.731428539846092463e-04
6.487463251687586308e-04
5.074852961115539074e-04
9.918559808284044266e-04
2.479572431184351444e-04
5.564414896070957184e-04
7.004828657954931259e-04
3.517688601277768612e-04
4.953716415911912918e-04
2.355906617594882846e-04
3.004782192874699831e-04
4.465573874767869711e-04
5.923813441768288612e-04
3.944822819903492928e-04
4.264229501131922007e-04
-1.985236303880810738e-05
-4.305209440644830465e-04
3.007094492204487324e-04
8.126964676193892956e-04
6.145763909444212914e-04
1.654320803936570883e-04
5.852708127349615097e-04
5.275186267681419849e-04
4.147333092987537384e-04
1.674966042628511786e-04
1.905390672618523240e-04
-8.187800995074212551e-05
5.471203985507600009e-05
1.309164945269003510e-04
3.733109624590724707e-04
5.131044890731573105e-04
5.777587066404521465e-04
7.583863916806876659e-04
3.278530784882605076e-04
4.766308993566781282e-04
-8.844969852361828089e-05
3.518267476465553045e-04
1.324335316894575953e-04
2.970110217574983835e-04
5.652160034514963627e-04
4.593963676597923040e-04
8.195363625418394804e-05
3.544163482729345560e-04
3.211648436263203621e-04
2.741673379205167294e-04
3.650093858595937490e-04
5.607262719422578812e-04
8.815960027277469635e-04
6.612735334783792496e-03
1.918426482006907463e-03
2.354950085282325745e-02
4.947523120790719986e-03
2.000152319669723511e-02
2.747784927487373352e-02
2.483562380075454712e-02
4.036594927310943604e-02
2.720840834081172943e-02
5.808926001191139221e-02
3.778413310647010803e-02
7.634291797876358032e-02
5.010025575757026672e-02
8.863662928342819214e-02
6.027498096227645874e-02
9.214273095130920410e-02
9.064980596303939819e-02
8.458050340414047241e-02
1.187517195940017700e-01
9.042695909738540649e-02
1.316740512847900391e-01
1.090262681245803833e-01
1.246150583028793335e-01
1.382935494184494019e-01
1.192087829113006592e-01
1.536653041839599609e-01
1.228573843836784363e-01
1.636162847280502319e-01
1.224028542637825012e-01
1.607123911380767822e-01
1.296410262584686279e-01
1.557860076427459717e-01
1.352758109569549561e-01
1.400209665298461914e-01
1.346001923084259033e-01
1.348744183778762817e-01
1.210407242178916931e-01
1.324454694986343384e-01
1.048688665032386780e-01
1.079376116394996643e-01
1.094685047864913940e-01
7.416354119777679443e-02
9.079326689243316650e-02
7.057034224271774292e-02
6.053907051682472229e-02
6.394880264997482300e-02
5.687734857201576233e-02
3.996823355555534363e-02
2.830268628895282745e-02
1.375175546854734421e-02
1.298454031348228455e-02
3.191664291080087423e-04
1.532203867100179195e-03
6.225350312888622284e-03
8.156124502420425415e-03
3.672148566693067551e-03
1.191304624080657959e-02
7.157098501920700073e-03
2.228383719921112061e-02
1.359403971582651138e-02
3.338197246193885803e-02
1.591357029974460602e-02
3.529363125562667847e-02
2.956368774175643921e-02
2.303234115242958069e-02
2.601896971464157104e-02
1.511479541659355164e-02
2.551091834902763367e-02
6.751505425199866295e-04
1.509203854948282242e-02
5.211792304180562496e-04
5.803347099572420120e-03
3.239943180233240128e-04
1.898507180158048868e-04
7.460477354470640421e-05
4.442987265065312386e-04
1.323501201113685966e-04
3.036518464796245098e-04
5.524618318304419518e-04
5.595542024821043015e-04
5.687491502612829208e-04
4.267318872734904289e-04
1.860550109995529056e-04
2.521636779420077801e-04
-6.167109677335247397e-05
-2.339988714084029198e-05
2.006575814448297024e-04
-1.615134533494710922e-04
2.531005593482404947e-04
-6.247998680919408798e-03
-2.700858167372643948e-04
-4.033460747450590134e-03
-5.689703859388828278e-03
-2.647887915372848511e-03
-8.214843459427356720e-03
-4.676606971770524979e-03
-1.144534721970558167e-02
-2.104561310261487961e-03
-1.520599517971277237e-02
-5.872748792171478271e-03
-9.320280514657497406e-03
-8.304484188556671143e-03
-7.955298759043216705e-03
-6.497181951999664307e-03
-4.564406350255012512e-03
-1.033474784344434738e-02
-5.899927113205194473e-03
-5.069492384791374207e-03
-1.087451446801424026e-02
4.426728410180658102e-04
-1.314409356564283371e-02
1.037566253216937184e-04
-9.709491394460201263e-03
-3.197795012965798378e-05
-8.330715354532003403e-04
-1.253337395610287786e-04
-1.460776984458789229e-04
-8.448677253909409046e-04
5.847700522281229496e-04
1.008628969429992139e-04
5.712077254429459572e-04
5.817622295580804348e-04
4.154262715019285679e-04
7.486973481718450785e-05
2.856174833141267300e-04
5.656429566442966461e-04
-5.268057793728075922e-05
4.247308825142681599e-04
-1.357573928544297814e-04
6.416612886823713779e-04
3.468259237706661224e-04
2.374278556089848280e-04
-1.263357407879084349e-04
5.210359231568872929e-04
4.554391198325902224e-04
2.538559419917874038e-05
-4.937161793350242078e-05
2.588760398793965578e-04
8.732773130759596825e-05
1.551543973619118333e-04
-3.790151095017790794e-05
2.826372510753571987e-04
2.841976529452949762e-04
4.612867633113637567e-05
-4.023418659926392138e-05
3.954060084652155638e-04
1.303470344282686710e-04
1.016759779304265976e-04
5.073370994068682194e-05
-7.775628182571381330e-05
1.271017099497839808e-04
-1.800808240659534931e-04
7.061321230139583349e-05
-6.742550758644938469e-04
6.670820293948054314e-04
-5.591603621724061668e-05
-2.751837309915572405e-04
-3.566690720617771149e-04
-7.358984476013574749e-06
2.278953616041690111e-05
5.592657180386595428e-05
5.398684297688305378e-04
2.453724118822719902e-05
4.847394593525677919e-04
-3.281647223047912121e-04
1.254681992577388883e-04
-1.579507224960252643e-04
-7.398082379950210452e-05
-2.142811717931181192e-04
-2.077176468446850777e-04
-3.058334114030003548e-04
6.150144326966255903e-05
3.631089930422604084e-04
5.865206549060530961e-05
3.742559347301721573e-04
4.796425400854786858e-06
6.391708302544429898e-05
-4.285720206098631024e-05
2.699286269489675760e-04
1.290420914301648736e-04
4.854867293033748865e-04
2.180871961172670126e-04
1.998964144149795175e-04
-1.657330431044101715e-04
1.709704811219125986e-04
-2.341376093681901693e-04
3.135434526484459639e-04
-1.380375324515625834e-04
-4.724473546957597136e-05
-2.350305730942636728e-04
-2.279946638736873865e-04
1.274180685868486762e-04
-3.039765870198607445e-04
-1.294390967814251781e-04
-2.312661672476679087e-04
-1.144424968515522778e-04
-9.411795326741412282e-05
2.413409965811297297e-04
3.766785957850515842e-04
1.899992348626255989e-04
-3.019060241058468819e-04
-1.611815678188577294e-04
1.963364047696813941e-04
2.627478388603776693e-04
-3.314444038551300764e-04
4.335331323090940714e-04
3.847283951472491026e-04
2.187004429288208485e-04
-3.449462819844484329e-04
1.764729095157235861e-04
-2.753005828708410263e-04
2.399512450210750103e-04
-8.816044282866641879e-05
-1.775500422809273005e-04
3.033773100469261408e-04
3.519440069794654846e-04
-5.918957685935311019e-05
4.458774928934872150e-04
-5.433678743429481983e-04
-2.696484989428427070e-05
6.436287658289074898e-04
2.525285235606133938e-04
5.480924664880149066e-05
9.626275277696549892e-04
9.401625720784068108e-04
6.411701906472444534e-04
7.445531664416193962e-04
1.937584893312305212e-04
8.712149574421346188e-04
-9.840447455644607544e-05
4.005981027148663998e-04
1.887374237412586808e-04
-4.273298545740544796e-04
-1.030380080919712782e-04
-3.382854920346289873e-04
3.610617422964423895e-04
-8.352501754416152835e-05
-1.700533175608143210e-04
8.152263762895017862e-05
-7.440096815116703510e-04
7.562955142930150032e-04
9.694619802758097649e-05
4.930896102450788021e-04
8.163911988958716393e-04
-3.742576518561691046e-04
-6.672319432254880667e-05
-8.149861241690814495e-04
2.731748099904507399e-04
-1.841183839133009315e-04
-3.036582784261554480e-04
1.103636343032121658e-03
3.733885241672396660e-04
