6.658998900093138218e-04
8.796201291261240840e-05
3.944971249438822269e-04
7.188866147771477699e-04
-1.246293250005692244e-04
1.523098471807315946e-04
3.836055111605674028e-04
6.676653720205649734e-05
3.950720565626397729e-05
1.484577805968001485e-04
2.426826686132699251e-04
2.563742455095052719e-04
2.027618756983429193e-04
2.022580702032428235e-05
2.332972653675824404e-04
4.499021160881966352e-04
6.060574087314307690e-04
5.443993723019957542e-04
2.920855331467464566e-05
2.349577553104609251e-04
9.450957877561450005e-04
6.160894990898668766e-04
5.485941655933856964e-04
4.590911848936229944e-04
1.097181011573411524e-04
2.702970232348889112e-04
5.725310766138136387e-04
5.595967522822320461e-04
5.438343505375087261e-04
6.154339644126594067e-04
7.193229976110160351e-04
3.357430687174201012e-04
9.672813030192628503e-05
7.471106946468353271e-04
2.250591351184993982e-04
3.207541885785758495e-04
3.208508423995226622e-04
9.219064959324896336e-04
4.457039176486432552e-04
5.271830013953149319e-04
4.697344556916505098e-04
2.892741467803716660e-04
4.471595748327672482e-04
-4.440365300979465246e-04
-1.596498041180893779e-04
6.445176550187170506e-04
3.434273239690810442e-04
3.092978440690785646e-04
2.017711522057652473e-04
-4.439317854121327400e-05
3.651774895843118429e-04
3.815687668975442648e-04
2.643307961989194155e-04
5.698886816389858723e-04
4.349933878984302282e-04
1.436820020899176598e-04
5.064934375695884228e-04
5.565885803662240505e-04
2.911745104938745499e-04
5.836504278704524040e-04
6.489951047115027905e-04
1.088802004233002663e-03
5.465691210702061653e-04
8.981354767456650734e-04
3.297245129942893982e-04
6.491828826256096363e-04
-1.428359428246039897e-05
1.575457281433045864e-05
7.978638750500977039e-04
1.745725166983902454e-04
1.054105996445287019e-05
8.804403478279709816e-04
1.019354443997144699e-03
7.860764162614941597e-04
5.174399120733141899e-04
6.967581575736403465e-04
1.585099198564421386e-05
3.294651105534285307e-04
1.440778578398749232e-04
-4.450169799383729696e-04
-3.985746388934785500e-06
7.299504941329360008e-04
4.274152161087840796e-04
1.988555413845460862e-05
5.339497001841664314e-04
8.103126310743391514e-04
6.419143173843622208e-04
4.253847146173939109e-05
3.317157970741391182e-04
3.773141070269048214e-04
6.098354933783411980e-04
8.412932511419057846e-04
-7.696891407249495387e-05
-1.622768322704359889e-04
-7.799130980856716633e-05
4.301927110645920038e-04
5.448856973089277744e-04
8.948622853495180607e-04
3.491897077765315771e-04
5.199748557060956955e-04
1.439791085431352258e-04
5.526901222765445709e-04
6.158296600915491581e-04
5.145877366885542870e-04
2.199344016844406724e-04
4.057572514284402132e-04
8.589562494307756424e-04
4.716224502772092819e-04
-3.508813097141683102e-04
1.624482974875718355e-04
1.349509693682193756e-04
-2.332549775019288063e-05
6.650088471360504627e-04
1.524822437204420567e-04
2.785984543152153492e-04
5.262652994133532047e-04
3.722572291735559702e-04
8.653035911265760660e-05
3.099179593846201897e-04
8.037394727580249310e-04
1.512126764282584190e-04
3.748851886484771967e-04
7.849654066376388073e-04
6.782570271752774715e-04
2.738733928708825260e-05
4.702036094386130571e-04
9.498886065557599068e-04
9.660393116064369678e-04
9.156570304185152054e-04
6.537135923281311989e-04
7.666590390726923943e-04
2.880947140511125326e-04
8.477762457914650440e-04
1.225661952048540115e-03
3.111084806732833385e-04
1.684105605818331242e-03
4.498753231018781662e-03
2.461498603224754333e-03
1.671350933611392975e-02
1.358869578689336777e-02
3.071650303900241852e-02
1.708552986383438110e-02
3.620981797575950623e-02
3.508288785815238953e-02
3.660957887768745422e-02
4.822245985269546509e-02
4.861726611852645874e-02
5.509490519762039185e-02
7.165329158306121826e-02
5.483506992459297180e-02
8.074269443750381470e-02
6.524254381656646729e-02
8.380715548992156982e-02
8.579154312610626221e-02
9.248890727758407593e-02
9.402665495872497559e-02
1.082545965909957886e-01
1.000066846609115601e-01
1.175019368529319763e-01
1.070505902171134949e-01
1.249672919511795044e-01
1.116975098848342896e-01
1.324931532144546509e-01
1.137863025069236755e-01
1.330457031726837158e-01
1.142253205180168152e-01
1.380152404308319092e-01
1.025843843817710876e-01
1.450428664684295654e-01
1.108584627509117126e-01
1.270744502544403076e-01
1.276773512363433838e-01
1.114004850387573242e-01
1.183737888932228088e-01
1.192057058215141296e-01
1.118477508425712585e-01
1.042175367474555969e-01
1.042557209730148315e-01
1.025138571858406067e-01
8.789651840925216675e-02
1.021901518106460571e-01
7.037019729614257812e-02
9.469956904649734497e-02
5.452757328748703003e-02
8.462420850992202759e-02
5.544000118970870972e-02
7.188683748245239258e-02
6.183020398020744324e-02
5.047921836376190186e-02
6.856819987297058105e-02
3.814598545432090759e-02
5.983657017350196838e-02
3.481379523873329163e-02
4.142201691865921021e-02
2.372680045664310455e-02
2.791332453489303589e-02
1.711068488657474518e-02
1.430440135300159454e-02
1.289297640323638916e-02
5.204972345381975174e-03
2.535994863137602806e-03
1.379259978421032429e-03
1.257859170436859131e-03
1.361488597467541695e-03
8.391773444600403309e-04
1.076893415302038193e-03
7.714506937190890312e-04
1.118290354497730732e-03
1.030729850754141808e-03
1.611153013072907925e-03
1.180972438305616379e-03
9.112411062233150005e-04
1.065208227373659611e-03
1.419903011992573738e-03
1.574096735566854477e-03
9.029097855091094971e-04
7.851269328966736794e-04
1.732591073960065842e-03
9.251045994460582733e-04
1.080752117559313774e-03
9.495873237028717995e-04
1.354603096842765808e-03
1.026229700073599815e-03
1.344318734481930733e-03
1.502984203398227692e-03
8.546005701646208763e-04
1.389365643262863159e-03
9.925027843564748764e-04
6.074959528632462025e-04
1.104237395338714123e-03
1.209422713145613670e-03
1.072429120540618896e-03
1.015268033370375633e-03
9.916479466482996941e-04
1.058740192092955112e-03
6.620360072702169418e-04
4.071237635798752308e-04
1.069893245585262775e-03
5.632400861941277981e-04
1.032160434988327324e-04
1.058023073710501194e-03
1.265127561055123806e-03
9.651583968661725521e-04
9.668294806033372879e-04
6.013548409100621939e-05
3.540668112691491842e-04
8.116547833196818829e-04
1.023674849420785904e-03
6.761333788745105267e-04
8.580730645917356014e-04
7.050569402053952217e-04
1.001980621367692947e-03
9.611970745027065277e-04
1.001016120426356792e-03
6.563491770066320896e-04
9.564437204971909523e-04
9.018812561407685280e-04
3.699119552038609982e-04
1.156281097792088985e-03
5.886706640012562275e-04
1.247852051164954901e-04
1.229777262778952718e-04
3.053007822018116713e-04
5.563528975471854210e-04
2.422365068923681974e-04
9.143893839791417122e-04
1.055621192790567875e-03
1.757450663717463613e-04
2.466707665007561445e-04
-3.825580934062600136e-04
3.413810918573290110e-05
3.869287029374390841e-04
6.270720623433589935e-04
3.280756063759326935e-04
8.706602384336292744e-04
6.124816718511283398e-04
5.316969472914934158e-04
5.227775545790791512e-04
1.413924328517168760e-04
2.629117225296795368e-04
8.184434846043586731e-04
9.422454168088734150e-04
4.168229934293776751e-04
9.949517698260024190e-05
1.589434832567349076e-04
2.969810157082974911e-04
3.338932874612510204e-04
4.210102488286793232e-04
5.003337282687425613e-04
1.031462685205042362e-03
9.905993938446044922e-04
6.017793202772736549e-04
1.918273919727653265e-04
6.439957069233059883e-04
2.939697005786001682e-04
7.252009236253798008e-04
4.753000976052135229e-04
1.459659833926707506e-04
5.327357212081551552e-04
2.785385586321353912e-04
4.129247681703418493e-04
8.637491264380514622e-04
6.431513465940952301e-04
7.969539728946983814e-04
3.703090769704431295e-04
2.708396350499242544e-04
5.784960376331582665e-05
1.069076242856681347e-04
5.181533051654696465e-04
5.212368560023605824e-04
1.875238085631281137e-04
3.444491594564169645e-04
4.178065282758325338e-04
7.609756721649318933e-05
2.184061668231151998e-05
4.521126393228769302e-04
6.297924846876412630e-05
3.162978100590407848e-04
4.701716534327715635e-04
2.255498693557456136e-04
3.768628812395036221e-04
7.088643033057451248e-04
1.052958425134420395e-03
1.475106819270877168e-05
7.211484480649232864e-04
5.854611517861485481e-04
4.680101992562413216e-04
5.482846172526478767e-04
3.079765010625123978e-04
4.007993557024747133e-04
5.148339550942182541e-04
8.121947757899761200e-04
8.756184251978993416e-04
2.669614623300731182e-04
1.717860432108864188e-04
2.683115890249609947e-04
1.859323820099234581e-04
-2.557084735599346459e-05
-1.456011232221499085e-04
-3.216617915313690901e-05
6.944916676729917526e-04
7.070383289828896523e-04
5.058514070697128773e-04
2.322445216123014688e-04
2.837432548403739929e-04
-1.056468827300705016e-04
-1.093626488000154495e-04
7.867410313338041306e-04
6.620987551286816597e-04
3.752302727662026882e-04
6.115476135164499283e-04
2.243176859337836504e-04
1.033582957461476326e-04
3.851700457744300365e-04
7.068933336995542049e-04
3.364137373864650726e-04
1.537833013571798801e-04
6.088708178140223026e-04
6.583042559213936329e-04
3.677173517644405365e-04
-5.396590568125247955e-04
3.212322480976581573e-04
5.918313399888575077e-04
9.533233242109417915e-04
1.931765873450785875e-04
6.926716305315494537e-04
4.386881191749125719e-04
8.475454524159431458e-04
8.506135782226920128e-04
3.260078083258122206e-04
2.306317765032872558e-04
6.724800186930224299e-05
5.723431822843849659e-04
3.224902902729809284e-04
3.423731541261076927e-04
-1.140679087257012725e-04
9.087196667678654194e-04
3.728035080712288618e-04
5.725392256863415241e-04
4.514032334554940462e-04
3.298571100458502769e-04
6.450762739405035973e-04
1.366486540064215660e-03
2.310733689228072762e-04
4.466825048439204693e-04
1.165914291050285101e-04
2.053623466053977609e-04
1.696875697234645486e-04
9.006148320622742176e-04
6.751347100362181664e-04
5.436177598312497139e-04
2.948357723653316498e-04
8.178112329915165901e-04
1.131224562413990498e-04
6.533220876008272171e-04
3.499943122733384371e-04
5.319737247191369534e-04
4.430587432580068707e-05
8.107359171845018864e-04
1.709997886791825294e-04
5.781629006378352642e-04
