3.660733927972614765e-04
2.402549143880605698e-04
1.379652647301554680e-03
-2.587779017630964518e-04
-9.617933392291888595e-05
-7.578969234600663185e-05
2.102723665302619338e-04
6.625155801884829998e-04
1.271370274480432272e-04
-4.049335839226841927e-04
4.959593643434345722e-04
1.283315010368824005e-03
-5.195115809328854084e-04
5.974982050247490406e-04
5.046347505412995815e-04
1.023616874590516090e-03
-1.924338575918227434e-04
-6.853449740447103977e-04
8.937715028878301382e-05
6.792758940719068050e-04
-1.219841287820599973e-04
-9.152322309091687202e-04
4.993570037186145782e-04
4.640361585188657045e-04
2.792306477203965187e-04
-5.223270272836089134e-04
-3.879255673382431269e-04
2.047693706117570400e-04
-7.040749187581241131e-04
-1.573506888234987855e-04
-1.875414018286392093e-04
1.210431364597752690e-04
4.208431346341967583e-04
1.050345250405371189e-03
2.572905214037746191e-04
1.219948753714561462e-03
4.405306535772979259e-04
-6.399960257112979889e-04
3.570248081814497709e-04
-6.363494903780519962e-04
5.311371060088276863e-04
8.714136201888322830e-04
3.247474087402224541e-04
6.786871235817670822e-04
3.275644266977906227e-04
1.246088300831615925e-03
-3.734316851478070021e-05
7.463941583409905434e-04
1.215639524161815643e-03
-1.163356428151018918e-04
2.806985867209732533e-04
5.875951028428971767e-04
1.118281972594559193e-03
-2.297528408234938979e-04
8.558772387914359570e-04
-9.194639278575778008e-04
6.051610107533633709e-04
-6.817547255195677280e-04
4.593179910443723202e-04
1.374086714349687099e-04
-4.103282117284834385e-04
-2.424304839223623276e-04
5.580881261266767979e-04
-1.388427335768938065e-04
4.424069193191826344e-04
3.078028094023466110e-04
6.033810204826295376e-04
8.679002057760953903e-04
6.870737415738403797e-04
4.201641713734716177e-04
9.638289338909089565e-04
9.367222664877772331e-04
5.884850979782640934e-04
6.219626811798661947e-05
-5.110529673402197659e-05
1.346805016510188580e-03
9.273685864172875881e-04
6.424545426853001118e-04
4.851674311794340611e-04
3.071804239880293608e-04
4.976532654836773872e-04
4.757021961268037558e-04
3.680192166939377785e-04
8.999976562336087227e-04
7.302825688384473324e-04
1.173375640064477921e-03
-3.564751823432743549e-04
-2.243717317469418049e-04
1.211884897202253342e-03
8.895944483811035752e-05
5.305082886479794979e-04
-1.064307434717193246e-04
-4.639587132260203362e-04
-8.521618610757286660e-07
5.371451261453330517e-04
1.070927828550338745e-03
1.221448415890336037e-03
8.383378735743463039e-04
-9.717419743537902832e-05
7.832054980099201202e-04
9.790745098143815994e-04
5.837989738211035728e-04
7.716712570982053876e-05
1.390968915075063705e-03
5.469077150337398052e-04
2.677557495189830661e-05
2.876022772397845984e-04
-1.116066559916362166e-04
-4.062839434482157230e-04
4.820234025828540325e-04
-1.567332365084439516e-04
3.166207170579582453e-04
-5.304618025547824800e-05
1.377163454890251160e-03
-5.820851656608283520e-04
-2.643731422722339630e-04
-5.127711119712330401e-05
5.309904227033257484e-04
-5.437491345219314098e-04
-6.140008335933089256e-04
1.498692563473014161e-05
3.129878896288573742e-04
-4.995882627554237843e-04
-6.546596414409577847e-04
-3.091173712164163589e-04
-2.855870989151299000e-04
8.019213564693927765e-04
9.974981367122381926e-05
8.338190382346510887e-04
-2.859241794794797897e-04
6.688120774924755096e-04
4.096288757864385843e-04
1.656445674598217010e-04
-4.837367450818419456e-04
-3.596113310777582228e-05
3.864252066705375910e-04
7.163358386605978012e-04
1.136101200245320797e-03
-1.072678016498684883e-03
4.425066290423274040e-04
2.515476429834961891e-03
9.862167062237858772e-04
1.386387157253921032e-03
1.752890180796384811e-03
6.683258689008653164e-04
9.212081786245107651e-04
2.318746643140912056e-03
1.713219680823385715e-04
-5.966775279375724494e-05
1.116715138778090477e-03
-3.832513466477394104e-04
6.811147904954850674e-04
1.070904172956943512e-02
7.146164309233427048e-03
2.152955159544944763e-02
8.948411792516708374e-03
3.197517246007919312e-02
2.480190806090831757e-02
3.705010935664176941e-02
3.323924168944358826e-02
4.187584295868873596e-02
4.462457448244094849e-02
5.025258287787437439e-02
5.118762701749801636e-02
5.030791461467742920e-02
5.661708116531372070e-02
5.765371769666671753e-02
5.622164532542228699e-02
5.896236002445220947e-02
6.286006420850753784e-02
5.726126953959465027e-02
5.946790054440498352e-02
5.549158155918121338e-02
5.448615178465843201e-02
5.379972606897354126e-02
5.034066736698150635e-02
4.840135574340820312e-02
3.831092268228530884e-02
3.921696171164512634e-02
2.976516075432300568e-02
2.090064622461795807e-02
1.619691587984561920e-02
1.380647905170917511e-02
5.165602080523967743e-03
1.322460448136553168e-04
1.627478632144629955e-04
-1.580394105985760689e-03
-3.489245194941759109e-03
-1.262468565255403519e-02
-2.028623968362808228e-02
-2.527030743658542633e-02
-3.751170262694358826e-02
-4.406326264142990112e-02
-5.216792970895767212e-02
-6.181631609797477722e-02
-6.673774868249893188e-02
-7.093071937561035156e-02
-6.872767210006713867e-02
-6.602941453456878662e-02
-6.530757993459701538e-02
-3.331051394343376160e-02
-8.536625653505325317e-02
-1.088524386286735535e-01
-1.284136027097702026e-01
-1.424323469400405884e-01
-1.494832634925842285e-01
-1.547025591135025024e-01
-1.599114686250686646e-01
-1.690058857202529907e-01
-1.676283478736877441e-01
-1.733621507883071899e-01
-1.709793508052825928e-01
-1.718907952308654785e-01
-1.653188169002532959e-01
-1.656596809625625610e-01
-1.597899049520492554e-01
-1.549168080091476440e-01
-1.479003876447677612e-01
-1.366216242313385010e-01
-1.281521320343017578e-01
-1.169277206063270569e-01
-1.093366220593452454e-01
-9.750207513570785522e-02
-9.470182657241821289e-02
-7.592514157295227051e-02
-6.956190615892410278e-02
-5.674249678850173950e-02
-5.075703561305999756e-02
-4.339589178562164307e-02
-2.671127393841743469e-02
-2.533170767128467560e-02
-1.102428324520587921e-02
-5.354625172913074493e-03
-4.267132026143372059e-04
-1.949563593370839953e-04
-5.776461330242455006e-04
-1.775020384229719639e-03
-1.122906920500099659e-03
-6.402212893590331078e-04
-1.713690813630819321e-03
8.364812238141894341e-04
1.261159195564687252e-03
-1.174836186692118645e-03
2.660731552168726921e-04
1.827201922424137592e-03
-6.625066744163632393e-04
-4.303826426621526480e-05
1.685303985141217709e-03
1.244301209226250648e-03
2.252388279885053635e-03
8.933037752285599709e-04
-2.067608147626742721e-04
-5.724236252717673779e-04
1.833129674196243286e-03
3.780739381909370422e-03
1.253866590559482574e-03
-1.719129504635930061e-04
1.789457310223951936e-04
-2.205601049354299903e-04
1.959552057087421417e-03
2.688684035092592239e-04
-6.489441148005425930e-04
-1.305346959270536900e-03
-6.162916542962193489e-04
-3.619001072365790606e-04
-1.125628477893769741e-03
4.353722906671464443e-04
2.086813794448971748e-03
1.576265087351202965e-03
2.789379213936626911e-04
1.003772486001253128e-03
1.641651324462145567e-04
1.781737519195303321e-04
-7.653169632249046117e-06
-2.334717282792553306e-05
-3.867151390295475721e-04
-1.174435019493103027e-03
-5.764592206105589867e-04
-8.023366099223494530e-04
-1.392232952639460564e-04
8.970159105956554413e-04
-7.275285315699875355e-05
-1.003188663162291050e-03
-5.257363081909716129e-04
-2.802317321766167879e-04
-6.108593079261481762e-04
-2.096988173434510827e-04
2.523304719943553209e-04
-1.471403957111760974e-04
-2.040357940131798387e-04
2.688722161110490561e-04
9.427827171748504043e-05
4.827202064916491508e-04
-7.434339931933209300e-05
-3.289611777290701866e-04
1.109878299757838249e-03
-2.456177899148315191e-04
1.049175742082297802e-03
1.202662009745836258e-03
-4.073199816048145294e-04
2.226616634288802743e-04
-9.231878211721777916e-04
3.900099545717239380e-04
3.308085797470994294e-05
-4.052787844557315111e-04
-2.379780635237693787e-04
-1.538316137157380581e-04
3.614461747929453850e-04
-7.291554356925189495e-04
-3.426543844398111105e-04
1.261832192540168762e-03
-1.788507506716996431e-04
1.516240299679338932e-03
-1.371524849673733115e-04
-7.621534750796854496e-04
1.262550358660519123e-04
-1.175841898657381535e-03
-7.056115427985787392e-04
-2.186085475841537118e-04
4.680633428506553173e-04
8.309174445457756519e-04
6.182611105032265186e-04
-3.476888377917930484e-05
4.902433138340711594e-04
1.114385668188333511e-03
1.083001028746366501e-03
-1.924721436807885766e-04
6.984687061049044132e-04
6.718488293699920177e-04
1.239691278897225857e-03
-7.218561950139701366e-04
4.831225087400525808e-04
-4.991806417820043862e-05
6.159177282825112343e-04
-3.999598993686959147e-05
-7.194641511887311935e-04
-6.772066117264330387e-04
4.469314299058169127e-04
-2.496278320904821157e-04
3.760092076845467091e-04
5.259814788587391376e-04
-2.627418434713035822e-04
7.485175156034529209e-04
1.196319470182061195e-03
1.058008419931866229e-04
3.719029773492366076e-04
6.509926752187311649e-04
3.612462605815380812e-04
-7.551426533609628677e-04
-2.791068109218031168e-04
7.200297550298273563e-04
4.884952795691788197e-04
9.353691129945218563e-04
6.720770034007728100e-04
4.326892376411706209e-04
1.385753275826573372e-03
4.415574949234724045e-04
6.054003024473786354e-04
6.158121977932751179e-04
-9.055010013980790973e-05
-6.301047396846115589e-04
2.979435666929930449e-04
4.015926679130643606e-04
-9.939620213117450476e-05
5.680732429027557373e-04
2.180480660172179341e-04
7.340065785683691502e-04
7.118208450265228748e-04
3.135483420919626951e-04
-5.926607627770863473e-05
4.598300147335976362e-04
4.184233548585325480e-04
1.665723248152062297e-04
7.925670361146330833e-04
-5.287198000587522984e-04
5.936778616160154343e-04
1.123894238844513893e-03
-7.412033155560493469e-04
6.328425952233374119e-04
-2.801243390422314405e-04
-2.412784233456477523e-04
7.867896929383277893e-04
-2.460099349264055490e-04
-2.366074331803247333e-04
4.386562213767319918e-04
-1.700860157143324614e-04
-6.165522790979593992e-05
5.919843679293990135e-04
-3.895660338457673788e-04
7.623533019796013832e-05
-1.447274262318387628e-04
3.974895298597402871e-05
2.303712535649538040e-04
5.972556537017226219e-04
8.399491780437529087e-04
1.369893900118768215e-03
7.063768571242690086e-04
6.396970711648464203e-04
6.011814111843705177e-04
-4.731826629722490907e-05
1.606126606930047274e-04
