-1.195261211250908673e-04
-1.953127066371962428e-04
-1.620132388779893517e-04
-1.959290966624394059e-04
-1.393457787344232202e-04
-1.902686926769092679e-04
-1.808618690120056272e-04
-1.130966411437839270e-04
-2.880129904951900244e-04
-2.245636424049735069e-04
-2.933795913122594357e-04
-2.081366110360249877e-04
-2.543611917644739151e-04
-2.931855851784348488e-04
-3.817740653175860643e-04
-2.911383053287863731e-04
-3.239162615500390530e-04
-3.186956746503710747e-04
-3.760138351935893297e-04
-4.133663605898618698e-04
-3.714247723110020161e-04
-4.736865812446922064e-04
-4.618203674908727407e-04
-4.663713043555617332e-04
-4.858869942836463451e-04
-5.040524411015212536e-04
-5.946870660409331322e-04
-6.890177610330283642e-04
-5.764776724390685558e-04
-6.432441878132522106e-04
-5.693156272172927856e-04
-6.944321212358772755e-04
-7.207487360574305058e-04
-7.205195142887532711e-04
-6.213263841345906258e-04
-7.404829957522451878e-04
-8.522063726559281349e-04
-8.933899225667119026e-04
-8.487461018376052380e-04
-9.008818888105452061e-04
-8.793602464720606804e-04
-9.541081381030380726e-04
-9.568249224685132504e-04
-9.496546117588877678e-04
-1.034686574712395668e-03
-1.079277717508375645e-03
-1.167144626379013062e-03
-1.094429055228829384e-03
-1.196305966004729271e-03
-1.242678728885948658e-03
-1.217639655806124210e-03
-1.218477729707956314e-03
-1.295527908951044083e-03
-1.273817382752895355e-03
-1.345663447864353657e-03
-1.362874405458569527e-03
-1.448862836696207523e-03
-1.369443489238619804e-03
-1.435590093024075031e-03
-1.498138299211859703e-03
-1.463424647226929665e-03
-1.583532779477536678e-03
-1.654081512242555618e-03
-1.627047779038548470e-03
-1.665812800638377666e-03
-1.712828758172690868e-03
-1.797915669158101082e-03
-1.642701565288007259e-03
-1.844511250965297222e-03
-1.881472766399383545e-03
-1.949215657077729702e-03
-1.935231732204556465e-03
-1.981980865821242332e-03
-1.947412150911986828e-03
-2.004808047786355019e-03
-1.981815090402960777e-03
-2.142847981303930283e-03
-2.068686299026012421e-03
-2.182193566113710403e-03
-2.262095222249627113e-03
-2.141021424904465675e-03
-2.286191796883940697e-03
-2.466112608090043068e-03
-2.375667216256260872e-03
-2.394566778093576431e-03
-2.449485240504145622e-03
-2.586681861430406570e-03
-2.608959330245852470e-03
-2.558937296271324158e-03
-2.791219856590032578e-03
-2.764188917353749275e-03
-2.865696325898170471e-03
-2.886338392272591591e-03
-2.913869451731443405e-03
-2.791085280478000641e-03
-3.035244299098849297e-03
-3.096897620707750320e-03
-3.164898371323943138e-03
-3.263146616518497467e-03
-3.182613058015704155e-03
-3.313857596367597580e-03
-3.423926653340458870e-03
-3.502814797684550285e-03
-3.298614174127578735e-03
-3.585978876799345016e-03
-3.645803546532988548e-03
-3.722335910424590111e-03
-3.830198664218187332e-03
-3.862982848659157753e-03
-4.080508835613727570e-03
-4.219050053507089615e-03
-4.188014194369316101e-03
-4.185734316706657410e-03
-4.318091552704572678e-03
-4.257605411112308502e-03
-4.499529488384723663e-03
-4.502658732235431671e-03
-4.706709645688533783e-03
-4.741466604173183441e-03
-4.821065813302993774e-03
-5.019313655793666840e-03
-4.956534598022699356e-03
-5.156884435564279556e-03
-5.325470585376024246e-03
-5.427104420959949493e-03
-5.422428250312805176e-03
-5.393330473452806473e-03
-5.579917691648006439e-03
-5.713652819395065308e-03
-5.645788274705410004e-03
-5.934338085353374481e-03
-6.034451071172952652e-03
-6.190940272063016891e-03
-6.094626616686582565e-03
-6.180985830724239349e-03
-6.441290955990552902e-03
-6.479231640696525574e-03
-6.453166715800762177e-03
-6.600236520171165466e-03
-6.809066049754619598e-03
-6.806290242820978165e-03
-6.951733026653528214e-03
-6.854891777038574219e-03
-7.114987354725599289e-03
-7.277633529156446457e-03
-7.205966394394636154e-03
-7.169984746724367142e-03
-7.564725819975137711e-03
-7.299002725630998611e-03
-7.436966523528099060e-03
-7.553202565759420395e-03
-7.469460368156433105e-03
-7.700252346694469452e-03
-7.661486044526100159e-03
-7.675382774323225021e-03
-7.653932087123394012e-03
-7.616728078573942184e-03
-7.768577430397272110e-03
-7.738767191767692566e-03
-7.793373428285121918e-03
-7.834875024855136871e-03
-8.006974123418331146e-03
-7.792620919644832611e-03
-7.724806666374206543e-03
-7.957481779158115387e-03
-7.770062889903783798e-03
-7.992077618837356567e-03
-7.746725343167781830e-03
-7.621707394719123840e-03
-7.393289357423782349e-03
-7.306158542633056641e-03
-7.370295003056526184e-03
-7.416853681206703186e-03
-6.992274429649114609e-03
-7.227207534015178680e-03
-6.561717949807643890e-03
-6.886603776365518570e-03
-6.801992189139127731e-03
-6.553721148520708084e-03
-6.882843095809221268e-03
-6.806068122386932373e-03
-6.679953541606664658e-03
-7.021279074251651764e-03
-7.735376246273517609e-03
-7.667866535484790802e-03
-8.276325650513172150e-03
-8.896175771951675415e-03
-9.632540866732597351e-03
-1.150072738528251648e-02
-1.249794941395521164e-02
-1.089424174278974533e-02
-8.499574847519397736e-03
-4.777021240442991257e-03
-1.322716567665338516e-02
-9.692761115729808807e-03
-1.923244819045066833e-02
-9.936732240021228790e-03
-9.215351194143295288e-03
1.239170227199792862e-02
-7.325720041990280151e-02
-3.465484082698822021e-02
1.429014746099710464e-02
-1.575403474271297455e-02
8.925002068281173706e-02
1.580318436026573181e-02
3.361389786005020142e-02
2.462817169725894928e-02
1.892061159014701843e-02
8.613687939941883087e-03
5.231192335486412048e-03
2.473374363034963608e-03
3.157893661409616470e-03
1.459006918594241142e-03
1.901984796859323978e-03
1.854411966633051634e-04
9.235500328941270709e-05
-9.324922575615346432e-04
-6.378770340234041214e-04
-1.386332209222018719e-03
-2.014270750805735588e-03
-2.119132084771990776e-03
-2.610703930258750916e-03
-2.754954155534505844e-03
-3.208586247637867928e-03
-3.558717202395200729e-03
-3.929513506591320038e-03
-4.614939447492361069e-03
-4.810891579836606979e-03
-4.905432928353548050e-03
-5.091094411909580231e-03
-4.954702220857143402e-03
-5.449496209621429443e-03
-5.554874893277883530e-03
-5.463894456624984741e-03
-5.603560712188482285e-03
-5.499138962477445602e-03
-5.929328966885805130e-03
-5.962901748716831207e-03
-5.950666964054107666e-03
-5.853841081261634827e-03
-5.706310272216796875e-03
-5.716977640986442566e-03
-5.682482849806547165e-03
-5.577394273132085800e-03
-5.993322469294071198e-03
-5.756353493779897690e-03
-5.599618889391422272e-03
-5.596159491688013077e-03
-5.596433300524950027e-03
-5.735318176448345184e-03
-5.733720026910305023e-03
-5.643752403557300568e-03
-5.783736705780029297e-03
-5.586598999798297882e-03
-5.535495467483997345e-03
-5.637221038341522217e-03
-5.738549865782260895e-03
-5.530744325369596481e-03
-5.555853247642517090e-03
-5.259903147816658020e-03
-5.348262842744588852e-03
-5.507670808583498001e-03
-5.143119022250175476e-03
-5.222931969910860062e-03
-5.246807355433702469e-03
-4.991595167666673660e-03
-4.935969132930040359e-03
-5.049217492341995239e-03
-4.839144647121429443e-03
-4.808531608432531357e-03
-4.684839863330125809e-03
-4.627927672117948532e-03
-4.655058961361646652e-03
-4.409518092870712280e-03
-4.496590234339237213e-03
-4.436876159161329269e-03
-4.289779812097549438e-03
-4.230660852044820786e-03
-4.173637833446264267e-03
-4.042967222630977631e-03
-4.085949156433343887e-03
-4.014930222183465958e-03
-3.954577725380659103e-03
-3.885420970618724823e-03
-3.741202410310506821e-03
-3.642054041847586632e-03
-3.692833008244633675e-03
-3.559818957000970840e-03
-3.553298767656087875e-03
-3.457332029938697815e-03
-3.330695210024714470e-03
-3.229302354156970978e-03
-3.319371258839964867e-03
-3.079542657360434532e-03
-3.037272486835718155e-03
-3.133404301479458809e-03
-2.965957624837756157e-03
-2.872349694371223450e-03
-2.698001684620976448e-03
-2.785671269521117210e-03
-2.564601833000779152e-03
-2.560874680057168007e-03
-2.462337492033839226e-03
-2.319522900506854057e-03
-2.448317361995577812e-03
-2.261226065456867218e-03
-2.327120630070567131e-03
-2.191626932471990585e-03
-2.108724787831306458e-03
-2.027641283348202705e-03
-1.930810743942856789e-03
-1.862615463323891163e-03
-1.878235605545341969e-03
-1.873879111371934414e-03
-1.721793320029973984e-03
-1.590080093592405319e-03
-1.652766717597842216e-03
-1.601876923814415932e-03
-1.578624593093991280e-03
-1.558059011586010456e-03
-1.516789896413683891e-03
-1.501654041931033134e-03
-1.394095132127404213e-03
-1.376514672301709652e-03
-1.319442177191376686e-03
-1.363258576020598412e-03
-1.237397780641913414e-03
-1.234462833963334560e-03
-1.265683327801525593e-03
-1.161830499768257141e-03
-1.090163481421768665e-03
-1.186392619274556637e-03
-1.129926880821585655e-03
-1.036325469613075256e-03
-9.964680066332221031e-04
-1.030925079248845577e-03
-9.533099946565926075e-04
-9.486108319833874702e-04
-9.976220317184925079e-04
-8.789590210653841496e-04
-9.440074791200459003e-04
-7.964118849486112595e-04
-9.170011035166680813e-04
-8.408962748944759369e-04
-8.185462211258709431e-04
-7.040313794277608395e-04
-7.761794840916991234e-04
-7.704302552156150341e-04
-6.763491546735167503e-04
-7.475065649487078190e-04
-6.704053957946598530e-04
-5.379917565733194351e-04
-6.507395883090794086e-04
-5.940301925875246525e-04
-5.820476799272000790e-04
-5.066202138550579548e-04
-6.057326099835336208e-04
-5.435438943095505238e-04
-4.382961196824908257e-04
-4.408107197377830744e-04
-5.109056364744901657e-04
-4.750662192236632109e-04
-4.542722308542579412e-04
-4.500345967244356871e-04
-4.500349168665707111e-04
-3.851359942927956581e-04
-4.421212943270802498e-04
-3.364601288922131062e-04
-2.805069379974156618e-04
-4.506034019868820906e-04
-3.104071947745978832e-04
-2.506697783246636391e-04
-3.571190754882991314e-04
-3.240439400542527437e-04
-3.172506403643637896e-04
-3.651431179605424404e-04
-2.907762245740741491e-04
-2.572063822299242020e-04
-2.880536485463380814e-04
-2.736961760092526674e-04
-2.557457773946225643e-04
-2.979847777169197798e-04
-2.700584009289741516e-04
-2.288730902364477515e-04
-2.132150693796575069e-04
-2.142259472748264670e-04
-1.903186202980577946e-04
-1.719616848276928067e-04
-1.807492662919685245e-04
-1.038004993461072445e-04
-1.230992056662216783e-04
-1.167388982139527798e-04
-7.348737563006579876e-05
-9.474611579207703471e-05
-6.680192745989188552e-05
-9.415775275556370616e-05
-9.509531082585453987e-05
-1.542622630950063467e-04
-7.863416976761072874e-05
-1.238558179466053843e-04
-1.014754961943253875e-04
