1.097738742828369141e-03
5.701802438125014305e-04
1.844332873588427901e-04
1.345456228591501713e-03
1.642173039726912975e-03
1.439658692106604576e-03
3.988904063589870930e-04
1.136619015596807003e-03
6.308669107966125011e-04
7.008297252468764782e-04
1.238340744748711586e-03
3.109992831014096737e-04
7.344805053435266018e-04
9.459131979383528233e-04
7.355535635724663734e-04
5.226397188380360603e-04
4.778764268849045038e-04
3.210767463315278292e-04
6.362739368341863155e-04
9.805499576032161713e-04
8.896268554963171482e-04
9.978980524465441704e-04
7.470960263162851334e-04
6.684713298454880714e-04
6.524401251226663589e-04
1.277066417969763279e-03
7.492908625863492489e-04
5.460486863739788532e-04
5.459794192574918270e-04
8.320741471834480762e-04
5.714975413866341114e-04
7.759852451272308826e-04
4.831117985304445028e-04
7.920442149043083191e-04
5.547900218516588211e-04
6.684469408355653286e-04
5.395053303800523281e-04
7.638944662176072598e-04
6.096708239056169987e-04
5.854789633303880692e-04
4.375542630441486835e-04
1.093133352696895599e-03
9.244828834198415279e-04
2.708526444621384144e-04
1.100017689168453217e-03
1.110922661609947681e-03
3.053880645893514156e-04
3.299129894003272057e-04
8.130536298267543316e-04
6.051827804185450077e-04
7.065249374136328697e-04
-2.293186262249946594e-04
6.887405179440975189e-04
8.703039493411779404e-04
9.825070155784487724e-04
9.246070403605699539e-04
8.785690297372639179e-04
1.172381569631397724e-03
2.664259809534996748e-04
5.563632003031671047e-04
7.626903825439512730e-04
7.525942637585103512e-04
6.563130882568657398e-04
1.192286028526723385e-03
1.269707106985151768e-03
2.059690596070140600e-04
9.137259330600500107e-04
5.998156848363578320e-04
-2.551840043452102691e-05
1.284055761061608791e-04
1.016942260321229696e-04
1.219512196257710457e-03
8.579928544349968433e-04
8.696663426235318184e-04
5.876077339053153992e-04
9.040480363182723522e-04
5.515497177839279175e-04
1.410607248544692993e-03
8.423970430158078671e-04
6.762468838132917881e-04
1.190048758871853352e-03
1.357883564196527004e-03
1.168161048553884029e-03
5.325381061993539333e-04
5.492421914823353291e-04
9.434271487407386303e-04
6.273671751841902733e-04
5.063057760708034039e-04
9.855936514213681221e-04
1.469224458560347557e-03
4.229857586324214935e-04
1.001402037218213081e-03
1.071247737854719162e-03
1.294798916205763817e-03
6.962098996154963970e-04
1.116188475862145424e-03
1.202034647576510906e-03
6.738164665875956416e-05
3.433731035329401493e-04
1.443036599084734917e-03
7.365911733359098434e-04
5.204986664466559887e-04
6.437606643885374069e-04
1.301691634580492973e-03
1.009123981930315495e-03
1.405290444381535053e-03
9.167387615889310837e-04
4.328045179136097431e-04
4.071612493135035038e-04
1.689977798378095031e-04
1.162455184385180473e-03
5.640612798742949963e-04
-3.075365966651588678e-04
4.570926248561590910e-04
5.488333408720791340e-04
1.538988319225609303e-03
2.019138308241963387e-03
9.124014177359640598e-04
3.183977678418159485e-04
9.521444444544613361e-04
8.571880171075463295e-04
1.010125619359314442e-03
1.019009738229215145e-03
8.233395637944340706e-04
9.410371421836316586e-04
5.650725797750055790e-04
1.732075761537998915e-04
3.113344719167798758e-04
6.576334126293659210e-04
1.753082469804212451e-04
7.088574930094182491e-04
6.723508122377097607e-04
5.942021962255239487e-04
1.128536881878972054e-03
6.800621631555259228e-04
7.045852835290133953e-04
6.630359566770493984e-04
1.096680760383605957e-03
1.472966978326439857e-03
1.234368537552654743e-03
1.154205878265202045e-03
1.245588646270334721e-03
1.095094019547104836e-03
1.731038442812860012e-03
1.485264045186340809e-03
3.151234006509184837e-03
1.256867893971502781e-03
2.088539861142635345e-02
9.318213909864425659e-03
3.056822530925273895e-02
1.819569617509841919e-02
3.763261437416076660e-02
2.581030316650867462e-02
4.862534999847412109e-02
3.519153967499732971e-02
6.401185691356658936e-02
4.747355729341506958e-02
7.582493871450424194e-02
5.858936905860900879e-02
8.983995020389556885e-02
7.196468114852905273e-02
1.073822975158691406e-01
8.914978802204132080e-02
1.141341775655746460e-01
1.095256730914115906e-01
1.253701746463775635e-01
1.192171275615692139e-01
1.325112581253051758e-01
1.305122673511505127e-01
1.417386382818222046e-01
1.375776380300521851e-01
1.453312188386917114e-01
1.413877606391906738e-01
1.466450393199920654e-01
1.359971463680267334e-01
1.509861946105957031e-01
1.214325428009033203e-01
1.431806683540344238e-01
1.101886704564094543e-01
1.333136111497879028e-01
1.019295305013656616e-01
1.120281368494033813e-01
9.544716775417327881e-02
9.078936278820037842e-02
9.006620198488235474e-02
7.482446730136871338e-02
8.009106665849685669e-02
6.272953748703002930e-02
7.708843052387237549e-02
4.843728244304656982e-02
6.939633935689926147e-02
4.408737272024154663e-02
5.508271604776382446e-02
3.494082763791084290e-02
3.601329401135444641e-02
3.360485658049583435e-02
2.061061374843120575e-02
1.947585679590702057e-02
1.054528355598449707e-02
6.776966154575347900e-03
8.132124203257262707e-04
3.096040163654834032e-04
6.076649879105389118e-04
5.163692985661327839e-04
2.088224864564836025e-04
-1.165461799246259034e-04
-1.472191943321377039e-04
6.717172800563275814e-04
9.385265293531119823e-04
9.411435457877814770e-04
1.146204536780714989e-03
8.680519531480967999e-04
1.050018006935715675e-03
6.870836368761956692e-04
1.036757952533662319e-03
1.029199338518083096e-03
1.228149281814694405e-03
9.265671833418309689e-04
5.284966900944709778e-04
8.087705355137586594e-04
9.675360051915049553e-04
8.792915614321827888e-04
9.866064647212624550e-04
5.704471259377896786e-04
8.795245084911584854e-04
7.548753637820482254e-04
8.734939619898796082e-04
5.942714051343500614e-04
6.379060214385390282e-04
2.706386148929595947e-04
2.627618669066578150e-04
7.862180937081575394e-04
2.150805812561884522e-04
9.595096926204860210e-04
5.324953235685825348e-04
1.050010614562779665e-04
2.573764359112828970e-04
5.681245820596814156e-04
2.198565343860536814e-04
2.726152015384286642e-04
1.343998737866058946e-04
5.887974984943866730e-04
9.407771867699921131e-04
9.937381837517023087e-04
1.014020177535712719e-03
5.053283530287444592e-04
-1.809420791687443852e-04
2.809694269672036171e-04
8.689117385074496269e-04
2.783628588076680899e-04
3.221532097086310387e-04
4.586217692121863365e-04
1.520951991551555693e-05
2.052264899248257279e-04
1.748571521602571011e-04
1.590592146385461092e-04
2.655248681548982859e-04
1.031961874105036259e-03
3.143463982269167900e-04
7.441599736921489239e-04
7.614286732859909534e-04
1.854407455539330840e-04
2.969284541904926300e-04
6.941411993466317654e-04
1.090983627364039421e-03
7.134421612136065960e-04
4.968218854628503323e-04
3.850302891805768013e-04
8.773052104515954852e-05
4.935905599268153310e-05
1.088754972442984581e-03
6.269292789511382580e-04
3.562195925042033195e-04
2.766253310255706310e-04
4.115438496228307486e-04
4.075966426171362400e-04
3.681147936731576920e-04
5.013855407014489174e-04
3.307593869976699352e-04
1.657322136452421546e-04
2.873429821192985401e-06
7.083860691636800766e-04
4.300780419725924730e-04
6.081157480366528034e-04
3.810625057667493820e-04
4.503609670791774988e-04
5.493564531207084656e-04
2.707404200918972492e-04
2.426513528916984797e-04
-1.732966193230822682e-04
1.666930256760679185e-05
5.877774092368781567e-04
8.914786740206182003e-04
6.135597941465675831e-04
6.996042211540043354e-04
5.001862300559878349e-04
2.363246894674375653e-04
2.365231630392372608e-04
5.248178495094180107e-04
1.460483181290328503e-04
4.774364351760596037e-04
1.069499528966844082e-03
6.693195900879800320e-04
1.114552258513867855e-03
5.435098428279161453e-04
7.506873225793242455e-04
6.819747504778206348e-04
8.795067551545798779e-04
6.222448428161442280e-04
9.257790516130626202e-04
1.349792117252945900e-03
1.229888992384076118e-03
5.705696530640125275e-04
2.186682540923357010e-04
7.677585235796868801e-04
9.613536531105637550e-04
6.961614708416163921e-04
1.208955771289765835e-03
3.388582554180175066e-04
7.137500215321779251e-04
6.293596816249191761e-04
8.146135951392352581e-04
1.002572127617895603e-03
8.029966847971081734e-04
9.413044899702072144e-04
9.761215187609195709e-04
9.884543251246213913e-04
9.224738460034132004e-04
1.327873906120657921e-03
7.610191823914647102e-04
9.241705993190407753e-04
6.701713427901268005e-04
1.118446933105587959e-03
1.552634988911449909e-03
5.190838128328323364e-04
9.045125916600227356e-04
1.019190996885299683e-03
1.043393625877797604e-03
9.170192060992121696e-04
3.903064352925866842e-04
8.496301597915589809e-04
5.746362730860710144e-04
7.277011172845959663e-04
9.382652351632714272e-04
9.147017844952642918e-04
1.106218202039599419e-03
5.818974459543824196e-04
6.932406686246395111e-04
8.891252800822257996e-04
8.064799476414918900e-04
7.214269135147333145e-04
5.474183708429336548e-04
1.366629614494740963e-03
2.940813719760626554e-04
1.531925983726978302e-03
3.630699648056179285e-04
7.212202181108295918e-04
1.053809304721653461e-03
7.174324709922075272e-04
3.037687856703996658e-04
8.265310316346585751e-04
7.246675086207687855e-04
8.741479832679033279e-04
6.230036960914731026e-04
4.616935912054032087e-04
1.187699614092707634e-03
1.673279446549713612e-03
2.035717625403776765e-04
9.213617304340004921e-04
6.818356341682374477e-04
6.650714203715324402e-04
1.208125031553208828e-03
3.434679529163986444e-04
8.917363011278212070e-04
5.050144973210990429e-04
7.316489354707300663e-04
8.150810608640313148e-04
6.304383277893066406e-04
6.990937399677932262e-04
1.827618689276278019e-04
1.065252348780632019e-03
1.041215960867702961e-03
2.536621177569031715e-04
2.674657152965664864e-04
6.127106025815010071e-04
3.312532790005207062e-04
7.325288024730980396e-04
6.168445106595754623e-04
-3.254976036259904504e-05
1.742361491778865457e-04
7.045755628496408463e-04
4.705401079263538122e-04
5.868705338798463345e-04
6.811998900957405567e-04
2.482931886333972216e-04
8.035979117266833782e-04
1.037250855006277561e-03
-1.215376178151927888e-04
4.997099749743938446e-04
6.148333777673542500e-04
2.598318387754261494e-04
