-1.196108933072537184e-04
-1.289757201448082924e-04
-2.985655155498534441e-04
-4.441756173036992550e-04
-7.213981007225811481e-04
-3.994905855506658554e-04
-3.905573103111237288e-04
-3.288645893917419016e-05
6.712268077535554767e-05
5.023568519391119480e-05
-1.952855673152953386e-04
-3.762454798561520875e-05
1.658487744862213731e-04
-1.954921026481315494e-04
-2.855108468793332577e-04
2.429512387607246637e-04
-3.010024665854871273e-04
-5.008213338442146778e-04
-3.500163729768246412e-04
-3.587753744795918465e-04
-5.396231426857411861e-04
-3.633656597230583429e-04
-4.337070859037339687e-04
-6.347480230033397675e-04
-3.139477921649813652e-04
-4.148361331317573786e-04
-1.521055091870948672e-04
-1.483229862060397863e-04
-2.855758648365736008e-04
-3.307664301246404648e-04
-2.606052730698138475e-04
-2.739607007242739201e-04
-2.740798227023333311e-04
-3.347552847117185593e-04
-5.443922127597033978e-04
-1.831676781876012683e-04
-3.015596885234117508e-04
-4.236481036059558392e-04
-9.985795259126462042e-06
-6.143082282505929470e-04
-3.837646218016743660e-04
-3.995648003183305264e-04
-2.034246426774188876e-04
-2.271986741106957197e-04
7.646402082173153758e-05
-3.766888403333723545e-04
-5.990829085931181908e-04
-5.233093979768455029e-04
-3.199536586180329323e-04
-3.215606266167014837e-04
-2.245908981421962380e-04
-5.751284188590943813e-04
-1.381147885695099831e-04
-2.751385036390274763e-04
-5.361491348594427109e-04
-4.853037535212934017e-04
-5.970173515379428864e-04
-2.042795240413397551e-04
-6.015118560753762722e-04
-3.834024537354707718e-04
-2.286898525198921561e-04
1.112614427256630734e-05
-4.485561803448945284e-04
-3.818365221377462149e-04
-2.814762992784380913e-04
-2.439996169414371252e-04
-1.912815932882949710e-04
-3.415803657844662666e-04
-4.541681264527142048e-04
-1.492865267209708691e-04
-6.977893644943833351e-05
-1.657007233006879687e-04
-2.596211561467498541e-04
-4.116229829378426075e-04
-4.450272826943546534e-04
-4.602629051078110933e-04
-2.343056985409930348e-04
-3.491663374006748199e-04
-3.128077951259911060e-04
-5.181155866011977196e-04
-3.653671301435679197e-04
-2.702976053114980459e-04
-2.370282163610681891e-04
-4.567967553157359362e-04
-3.409098135307431221e-04
-5.040080286562442780e-04
-5.166606861166656017e-04
-3.165465604979544878e-04
-1.180790277430787683e-04
-3.708000585902482271e-04
-5.093733780086040497e-04
-3.219641221221536398e-04
-3.368800971657037735e-04
-4.385033098515123129e-04
-5.716612795367836952e-04
-4.000136395916342735e-04
-5.339822382666170597e-04
-4.643402062356472015e-04
-4.922137013636529446e-04
-4.736047412734478712e-04
-5.397635395638644695e-04
-6.020399159751832485e-04
-4.458864277694374323e-04
-6.422887672670185566e-04
-4.230994964018464088e-04
-4.819439200218766928e-04
-4.129020671825855970e-04
-4.624834691639989614e-04
-4.631182528100907803e-04
-4.178329254500567913e-04
-2.984825696330517530e-04
-5.785066168755292892e-04
-4.975465126335620880e-04
-5.093691870570182800e-04
-4.113450995646417141e-04
-2.713140856940299273e-04
-3.861477598547935486e-04
-3.478793660178780556e-04
-5.622492753900587559e-04
-3.895852132700383663e-04
-3.527456719893962145e-04
-6.747957086190581322e-04
-4.041809297632426023e-04
-5.794679746031761169e-04
-4.792688705492764711e-04
-5.916398367844521999e-04
-4.744085308630019426e-04
-6.394763477146625519e-04
-6.744415150023996830e-04
-6.157880416139960289e-04
-5.562421283684670925e-04
-3.483104810584336519e-04
-4.030028358101844788e-04
-3.857302945107221603e-04
-4.928097478114068508e-04
-7.353757973760366440e-04
-4.612841876223683357e-04
-3.553382412064820528e-04
-7.572625763714313507e-04
-6.708968430757522583e-04
-6.163861835375428200e-04
-5.037714727222919464e-04
-3.952607221435755491e-04
-4.888515104539692402e-04
-4.850735131185501814e-04
-4.496522888075560331e-04
-5.407067365013062954e-04
-6.387904868461191654e-04
-4.101134836673736572e-04
-4.202984564471989870e-04
-5.511787021532654762e-04
-4.667454631999135017e-04
-5.596578121185302734e-04
-3.215465694665908813e-04
-3.502171603031456470e-04
-5.148587515577673912e-04
-5.901426193304359913e-04
-5.178747815079987049e-04
-5.267392843961715698e-04
-6.211734726093709469e-04
-2.535085659474134445e-04
-4.306901537347584963e-04
-4.410409019328653812e-04
-5.145297618582844734e-04
-4.256073152646422386e-04
-6.776120280846953392e-04
-5.797608173452317715e-04
-2.392769965808838606e-04
-4.047572729177772999e-04
-4.184799618087708950e-04
-4.118768556509166956e-04
-6.365405861288309097e-04
-5.479642422869801521e-04
-4.658741236198693514e-04
-3.617539186961948872e-04
-4.819472960662096739e-04
-5.813458701595664024e-04
-6.917202263139188290e-04
-5.223254556767642498e-04
-4.038661718368530273e-04
-4.726283950731158257e-04
-7.555309566669166088e-04
-5.945980665273964405e-04
-5.227416986599564552e-04
-5.494758370332419872e-04
-4.131743626203387976e-04
-5.864135455340147018e-04
-5.070024053566157818e-04
-6.737834191881120205e-04
-8.875028579495847225e-04
-5.717296735383570194e-04
-5.705754156224429607e-04
-5.675785942003130913e-04
-5.947678000666201115e-04
-9.759211679920554161e-04
-9.036874980665743351e-04
-7.970507140271365643e-04
-5.911503685638308525e-04
-3.985359799116849899e-04
-4.365372005850076675e-04
-1.723620516713708639e-04
1.421549008227884769e-03
1.277807913720607758e-02
1.249871775507926941e-02
1.494138967245817184e-02
3.547569364309310913e-02
3.142599388957023621e-02
4.687771201133728027e-02
3.877146914601325989e-02
5.269599333405494690e-02
4.664016887545585632e-02
5.033033713698387146e-02
5.988918617367744446e-02
5.468970164656639099e-02
7.602857798337936401e-02
6.205850839614868164e-02
8.806252479553222656e-02
7.996422052383422852e-02
9.530685096979141235e-02
9.882604330778121948e-02
9.742384403944015503e-02
1.148838847875595093e-01
1.069192737340927124e-01
1.341888904571533203e-01
1.119895130395889282e-01
1.390115320682525635e-01
1.264906972646713257e-01
1.361358463764190674e-01
1.312389224767684937e-01
1.432661861181259155e-01
1.258807927370071411e-01
1.485502719879150391e-01
1.245928853750228882e-01
1.431280225515365601e-01
1.251190900802612305e-01
1.281015425920486450e-01
1.265210360288619995e-01
1.129323840141296387e-01
1.275848895311355591e-01
8.799739927053451538e-02
1.299570500850677490e-01
6.876894086599349976e-02
1.194227486848831177e-01
6.157496199011802673e-02
1.005139648914337158e-01
5.266071856021881104e-02
8.212845772504806519e-02
4.659341275691986084e-02
7.119703292846679688e-02
3.413566201925277710e-02
4.824308678507804871e-02
3.805037587881088257e-02
2.261067740619182587e-02
3.573957830667495728e-02
1.325045805424451828e-02
1.431009918451309204e-02
1.511038560420274734e-02
5.340091593097895384e-05
1.390830799937248230e-02
-1.752144307829439640e-04
2.106985775753855705e-03
-1.216379023389890790e-04
7.964805263327434659e-05
-1.148819137597456574e-04
-7.245710003189742565e-05
-3.230259608244523406e-05
-4.052886506542563438e-04
-2.862485416699200869e-04
-4.652288916986435652e-04
-7.145502022467553616e-04
-3.876681439578533173e-04
-2.487075980752706528e-04
-4.380191967356950045e-04
-3.305894497316330671e-04
9.038807911565527320e-05
-2.850665186997503042e-04
-4.787743673659861088e-04
-4.652799107134342194e-04
-4.519381036516278982e-04
-6.613613368244841695e-05
-3.209278802387416363e-04
-5.053714849054813385e-04
-4.696187970694154501e-04
-4.042061627842485905e-04
-4.290121723897755146e-04
-5.773626617155969143e-04
-5.526472814381122589e-04
-4.959686775691807270e-04
-5.126644391566514969e-04
-3.987958771176636219e-04
-3.752620250452309847e-04
-4.918948397971689701e-04
-8.032096666283905506e-04
-5.290721892379224300e-04
-2.736905589699745178e-04
-1.108940159610938281e-05
-4.345634661149233580e-04
-4.641372943297028542e-04
-2.827137068379670382e-04
-2.762453514151275158e-04
-3.639381611719727516e-04
-6.078310543671250343e-04
-6.852466030977666378e-04
-4.223049327265471220e-04
-6.057291175238788128e-04
-1.472579751862213016e-04
-2.393928298261016607e-04
-2.656481228768825531e-04
-1.039435010170564055e-04
-3.882031014654785395e-04
-5.039488314650952816e-04
-4.500476643443107605e-04
-9.830662747845053673e-04
-2.162229793611913919e-04
-2.465840370859950781e-04
-4.089099820703268051e-04
-2.836146159097552299e-04
-1.294075918849557638e-04
-4.407956439536064863e-04
-3.144951479043811560e-04
-6.252826278796419501e-05
9.013528324430808425e-05
-7.414451829390600324e-06
2.372932249272707850e-05
-2.645569620653986931e-04
-6.641595973633229733e-04
-4.806460492545738816e-05
-1.569576998008415103e-04
4.454326699487864971e-06
-4.839641333092004061e-04
-4.530308069661259651e-04
-1.632251514820381999e-04
-1.584425917826592922e-04
-4.073462041560560465e-04
-5.396361229941248894e-04
-3.723530971910804510e-04
-2.150974178221076727e-04
-2.787780249491333961e-04
-3.389112534932792187e-04
-6.694022449664771557e-04
-6.585607770830392838e-04
-4.179947136435657740e-04
-3.199544153176248074e-04
-5.960774142295122147e-04
-3.911799285560846329e-04
-4.445930244401097298e-04
-2.108048065565526485e-04
-8.135773823596537113e-04
-3.273580223321914673e-04
-1.093904487788677216e-03
-7.826286018826067448e-04
-8.220607414841651917e-04
-3.033953835256397724e-04
-5.409947480075061321e-04
-4.920140490867197514e-04
-2.334179444005712867e-04
-2.482650452293455601e-04
-4.305817710701376200e-04
-4.501330295170191675e-06
-4.232777864672243595e-04
3.055515990126878023e-04
-3.529022505972534418e-04
-3.903299220837652683e-04
8.650794188724830747e-05
-4.409062967170029879e-04
4.596704820869490504e-05
-5.223067710176110268e-04
-4.119002260267734528e-04
-1.074758329195901752e-04
-4.015447048004716635e-04
-4.099151701666414738e-04
-4.381998733151704073e-04
-4.494261520449072123e-04
-5.551149370148777962e-04
-1.204384723678231239e-03
-3.337857488077133894e-04
-4.300643631722778082e-04
-5.605851765722036362e-04
-5.448954761959612370e-04
-6.558505119755864143e-04
-3.979574248660355806e-04
-2.356814366066828370e-04
-6.291425088420510292e-04
-5.081864073872566223e-04
-7.159126107580959797e-04
-4.393748240545392036e-04
-4.471918218769133091e-04
-4.042797954753041267e-04
2.421630779281258583e-04
-5.294939037412405014e-04
-2.276096493005752563e-04
-3.244965919293463230e-04
7.925169484224170446e-05
-7.600243552587926388e-04
-2.609529183246195316e-04
-1.900832139654085040e-04
-4.610602918546646833e-04
1.123977126553654671e-04
-5.521039129234850407e-04
6.983719504205510020e-05
-6.908857612870633602e-04
