-7.088269921950995922e-04
-1.078879460692405701e-03
-1.082116723409853876e-04
2.669658861123025417e-04
6.810996565036475658e-04
-8.405363187193870544e-04
-6.551129627041518688e-04
-4.187249287497252226e-04
4.161157703492790461e-04
-6.273562321439385414e-04
-3.462919848971068859e-04
-5.952001083642244339e-04
-5.193660399527288973e-06
4.826204531127586961e-05
-1.194195865537039936e-04
-1.078010769560933113e-03
-3.113345010206103325e-04
-8.419574005529284477e-04
2.756426401901990175e-04
-8.525514858774840832e-04
2.155926486011594534e-04
-4.818566958419978619e-05
-3.887893690261989832e-04
-1.222098071593791246e-04
-8.907312294468283653e-04
6.876501138322055340e-04
-7.521145744249224663e-04
2.479421964380890131e-04
-9.018609998747706413e-04
4.992173635400831699e-04
-1.253395457752048969e-04
-3.475511621218174696e-04
-3.916393616236746311e-04
-4.947210982209071517e-05
4.842511552851647139e-04
5.292325658956542611e-05
1.425731752533465624e-04
-2.027445880230516195e-04
-5.025330465286970139e-04
-6.572820129804313183e-04
-3.250700247008353472e-04
-1.670758938416838646e-04
-6.285589188337326050e-04
1.872082211775705218e-04
1.211995549965649843e-05
-7.780339365126565099e-05
1.741058658808469772e-04
-4.373637784738093615e-04
-5.454482161439955235e-04
1.404493377776816487e-04
-1.693294325377792120e-04
-5.483975401148200035e-04
3.631377185229212046e-04
-4.979785298928618431e-04
-4.932254087179899216e-04
-4.776745627168565989e-04
-6.318967789411544800e-04
-1.160578030976466835e-04
4.882935536443255842e-05
2.431566099403426051e-04
-5.568445776589214802e-04
-2.942409191746264696e-04
-1.658086257521063089e-04
-5.859006778337061405e-04
-1.114613914978690445e-04
-2.553889135015197098e-05
-2.045577275566756725e-05
1.296171249123290181e-04
-2.908926981035619974e-04
3.033376560779288411e-05
-1.363177434541285038e-04
-3.770709445234388113e-04
-2.740974559856113046e-05
-1.315940899075940251e-04
-2.800271322485059500e-04
-1.392773119732737541e-04
2.981848374474793673e-04
-8.809912833385169506e-04
3.143356880173087120e-04
-2.632917021401226521e-04
-3.313094202894717455e-04
1.086709926312323660e-05
-1.430563279427587986e-04
-8.633806282887235284e-05
-9.271781309507787228e-04
5.053730565123260021e-04
-1.788225054042413831e-04
-4.041825377498753369e-05
7.916178583400323987e-05
-3.295415663160383701e-04
-4.848533426411449909e-04
3.320592804811894894e-04
-2.247949159936979413e-04
1.926273544086143374e-04
3.113502461928874254e-04
-1.163079796242527664e-04
-2.768746926449239254e-04
-4.099304715055041015e-05
-2.076521341223269701e-04
-1.826301886467263103e-04
1.153298653662204742e-04
4.130162124056369066e-04
-4.046734538860619068e-04
-4.584240668918937445e-04
-2.329064154764637351e-04
4.111140442546457052e-04
-6.276487511058803648e-06
1.545335253467783332e-04
-6.897120329085737467e-05
6.153839640319347382e-04
4.281835863366723061e-04
3.387531905900686979e-04
4.433822759892791510e-04
1.295816182391718030e-04
-5.979701527394354343e-04
-4.834426508750766516e-04
-7.587346772197633982e-05
4.225844168104231358e-04
-3.022732562385499477e-04
-2.745734236668795347e-04
2.679751196410506964e-04
1.490971189923584461e-04
-5.134188686497509480e-04
-3.873120876960456371e-04
-3.503812185954302549e-04
-1.869616244221106172e-04
-2.145696053048595786e-04
8.010649617062881589e-05
-1.155572172137908638e-04
2.523661823943257332e-04
3.377262619324028492e-04
-8.155866817105561495e-05
-1.673886290518566966e-04
4.673001240007579327e-05
3.747496230062097311e-04
-4.932570300297811627e-05
7.027250103419646621e-05
4.628773895092308521e-04
2.703896607272326946e-04
-3.056088171433657408e-04
6.042540189810097218e-04
7.290859357453882694e-04
-3.839607870759209618e-06
6.243991665542125702e-04
1.594888977706432343e-02
2.971732988953590393e-03
1.798833534121513367e-02
7.059063296765089035e-03
4.180522263050079346e-02
1.882157102227210999e-02
4.049874842166900635e-02
2.286220341920852661e-02
5.521811917424201965e-02
2.793087437748908997e-02
6.461762636899948120e-02
3.505549579858779907e-02
6.250367313623428345e-02
4.280956834554672241e-02
6.861646473407745361e-02
5.551212653517723083e-02
7.093025743961334229e-02
6.347325444221496582e-02
6.708896160125732422e-02
7.327683269977569580e-02
6.854251027107238770e-02
7.230747491121292114e-02
6.907799094915390015e-02
7.094176858663558960e-02
7.279723882675170898e-02
6.389938294887542725e-02
6.905148923397064209e-02
6.134200841188430786e-02
5.637226253747940063e-02
5.170446261763572693e-02
5.249300971627235413e-02
4.377875477075576782e-02
3.712842985987663269e-02
2.863700501620769501e-02
2.520447783172130585e-02
1.507889293134212494e-02
8.906933479011058807e-03
2.227744786068797112e-03
-5.953505387878976762e-05
-9.294789924751967192e-05
-1.947454176843166351e-03
-3.859419142827391624e-03
-1.049037743359804153e-02
-1.792795211076736450e-02
-2.486573904752731323e-02
-3.467801958322525024e-02
-4.536258056759834290e-02
-5.561354756355285645e-02
-6.231774017214775085e-02
-7.468424737453460693e-02
-8.710957318544387817e-02
-9.206114709377288818e-02
-9.539519250392913818e-02
-9.073566645383834839e-02
-9.512245655059814453e-02
-9.120652079582214355e-02
-5.968273431062698364e-02
-1.007266640663146973e-01
-1.177282929420471191e-01
-1.288333386182785034e-01
-1.348778456449508667e-01
-1.359633356332778931e-01
-1.375086903572082520e-01
-1.398417502641677856e-01
-1.403595656156539917e-01
-1.365856379270553589e-01
-1.425769180059432983e-01
-1.373570114374160767e-01
-1.407167911529541016e-01
-1.349080353975296021e-01
-1.368809193372726440e-01
-1.317787319421768188e-01
-1.287562102079391479e-01
-1.268138140439987183e-01
-1.168614700436592102e-01
-1.168758347630500793e-01
-1.104167997837066650e-01
-1.070633754134178162e-01
-1.003765985369682312e-01
-9.416318684816360474e-02
-8.044377714395523071e-02
-7.858923822641372681e-02
-6.382988393306732178e-02
-6.694883853197097778e-02
-5.098790675401687622e-02
-4.184127599000930786e-02
-3.529925271868705750e-02
-2.634910680353641510e-02
-2.318314090371131897e-02
-1.409367658197879791e-02
-9.532046504318714142e-03
-3.109480021521449089e-03
-9.735136991366744041e-04
4.591112665366381407e-04
1.806837390176951885e-04
5.991409852867946029e-05
4.144864506088197231e-04
-1.959693181561306119e-04
2.227596996817737818e-04
6.957712466828525066e-04
2.499720430932939053e-04
6.309765740297734737e-05
3.725619753822684288e-04
7.743106689304113388e-04
3.048232465516775846e-04
-1.365328789688646793e-04
2.385070984018966556e-04
1.447668619221076369e-04
5.658366353600285947e-05
6.634322198806330562e-05
5.252566188573837280e-04
-2.662500191945582628e-04
-1.836593000916764140e-04
5.705064395442605019e-04
3.229812427889555693e-04
6.679320358671247959e-04
4.805932985618710518e-04
2.316632162546738982e-05
-1.795912976376712322e-04
-1.074774409062229097e-04
7.386959623545408249e-05
-4.555587074719369411e-04
-9.887996566249057651e-05
-4.519983849604614079e-05
-3.685432020574808121e-04
5.077967070974409580e-04
9.128764759225305170e-06
-6.240800139494240284e-04
-1.213816431118175387e-04
7.331612141570076346e-05
-2.784882090054452419e-04
-3.221787628717720509e-04
-3.534639472491107881e-05
-5.627638165606185794e-05
-2.375715412199497223e-04
-2.994645547005347908e-05
-2.778804046101868153e-04
-2.463399141561239958e-04
-6.820754497312009335e-04
-4.943274543620646000e-04
-1.300971634918823838e-04
1.782403123797848821e-04
-1.448839757358655334e-04
1.032550586387515068e-03
5.714733852073550224e-04
-1.921016664709895849e-04
1.110396260628476739e-04
1.732421369524672627e-04
3.049088409170508385e-04
-1.668813347350805998e-04
1.623195828869938850e-03
8.304441871587187052e-05
-2.044994325842708349e-04
-2.408743312116712332e-04
-3.505324420984834433e-04
6.977117736823856831e-04
-2.437746443320065737e-04
-3.492991963867098093e-04
1.166394213214516640e-04
4.543062241282314062e-04
-7.162340625654906034e-05
-2.441950491629540920e-04
-5.274383511277846992e-05
1.294968678848817945e-04
-4.115703923162072897e-04
-6.542650517076253891e-04
1.039435039274394512e-03
-1.526007254142314196e-04
1.110273024096386507e-05
1.221759303007274866e-04
1.295324997045099735e-03
-1.330299855908378959e-04
-5.608879728242754936e-04
-4.613945493474602699e-04
-8.307771640829741955e-04
3.529908717609941959e-04
2.582850866019725800e-04
-2.652919501997530460e-04
4.839309840463101864e-04
1.336168643319979310e-04
4.598853120114654303e-04
-1.959594810614362359e-04
-2.566710172686725855e-04
-1.002710894681513309e-03
-5.686784788849763572e-06
-5.688483943231403828e-04
2.923431165982037783e-04
-2.371438022237271070e-04
-1.758472499204799533e-04
-1.142919973062817007e-05
-3.734903584700077772e-04
-8.054143399931490421e-04
-1.966430863831192255e-04
-7.284193416126072407e-04
-6.264259573072195053e-04
-6.546695367433130741e-04
-7.178044179454445839e-04
-3.381951828487217426e-04
-2.493102219887077808e-04
-4.930926370434463024e-04
-4.056787875015288591e-04
-7.962337695062160492e-04
-2.684818755369633436e-04
-2.210352831752970815e-04
-4.579964443109929562e-04
-4.214629007037729025e-04
-2.720985212363302708e-04
-1.241047517396509647e-03
2.444469428155571222e-04
-1.171184238046407700e-03
-4.043046501465141773e-04
-5.052202031947672367e-04
-8.166519110091030598e-04
2.546593896113336086e-04
-1.027109916321933270e-03
-8.397394558414816856e-04
-6.747570587322115898e-04
-1.040136441588401794e-03
-1.077021937817335129e-03
-1.579837698955088854e-04
-3.821601567324250937e-04
-3.034782275790348649e-05
-7.320757140405476093e-04
-9.303519618697464466e-04
1.329849474132061005e-04
-4.053749435115605593e-04
-2.067846799036487937e-04
-1.135895960032939911e-03
-5.311440327204763889e-04
-4.726478364318609238e-04
-8.784381789155304432e-04
-5.274573341012001038e-04
-4.426510422490537167e-04
-4.713371454272419214e-04
-4.337903228588402271e-04
4.494498134590685368e-04
-2.901211555581539869e-04
-3.889054933097213507e-04
-8.807029225863516331e-04
-8.860353846102952957e-04
-8.736071758903563023e-04
-4.201601259410381317e-04
-8.667476358823478222e-04
-1.126108341850340366e-03
-1.639637775951996446e-04
-5.504466826096177101e-04
-3.060703747905790806e-04
-5.120840505696833134e-04
-2.903452550526708364e-04
1.900021015899255872e-04
-3.993000791524536908e-05
3.308245213702321053e-04
-1.616199879208579659e-04
1.628578902455046773e-04
-8.816324407234787941e-05
-1.024172292090952396e-03
-3.927992293029092252e-05
