-1.245906809344887733e-03
8.233494125306606293e-03
-6.723976111970841885e-04
-2.541850553825497627e-03
-4.502887371927499771e-03
-9.581267833709716797e-03
-1.519482000730931759e-03
4.279736429452896118e-03
7.187636801972985268e-04
-4.210905462969094515e-04
-1.149979326874017715e-02
-2.801426919177174568e-03
-3.028680570423603058e-03
-1.483369152992963791e-03
3.951046615839004517e-03
2.349230053368955851e-04
1.769534312188625336e-02
2.464166143909096718e-03
1.722920686006546021e-02
-6.353390868753194809e-03
-1.611412619240581989e-03
-1.967474585399031639e-03
-6.799765862524509430e-03
8.260714821517467499e-03
-2.125785220414400101e-03
1.463802182115614414e-03
-2.520233765244483948e-02
-3.867471590638160706e-03
1.628900063224136829e-03
8.194806985557079315e-03
-1.283700484782457352e-02
7.308017928153276443e-03
3.709369106218218803e-03
-2.368501736782491207e-04
-2.641645958647131920e-03
4.627014510333538055e-03
8.235894492827355862e-04
1.525245723314583302e-03
5.181084387004375458e-03
1.915278844535350800e-03
1.541546313092112541e-03
-1.668537408113479614e-02
-7.526469416916370392e-03
-2.304028347134590149e-02
8.763994090259075165e-03
1.609498076140880585e-02
2.746703103184700012e-03
2.861570101231336594e-03
-6.569698452949523926e-03
-1.534495223313570023e-02
7.468691819667583331e-06
1.182291563600301743e-02
3.724610898643732071e-03
-2.414375543594360352e-02
4.364585969597101212e-03
7.925867103040218353e-03
-1.515451120212674141e-03
-5.916916765272617340e-03
1.104140281677246094e-02
2.846549265086650848e-03
1.019915565848350525e-02
1.824953965842723846e-02
-4.531305748969316483e-03
8.083003922365605831e-04
4.437886178493499756e-03
-1.238749455660581589e-02
1.307543925940990448e-02
3.292251145467162132e-03
-1.833318732678890228e-03
6.876416504383087158e-03
1.209217216819524765e-02
1.752388780005276203e-03
7.173433899879455566e-03
-1.467233430594205856e-02
-8.812391315586864948e-04
9.076616726815700531e-03
6.978633347898721695e-03
1.520171063020825386e-03
4.744978796225041151e-04
5.555525887757539749e-03
7.993830367922782898e-03
1.656050421297550201e-02
1.481866743415594101e-02
-2.910347655415534973e-02
-4.124821629375219345e-03
-1.252067741006612778e-02
-5.474487785249948502e-03
8.323978632688522339e-03
2.294318052008748055e-03
-3.385685617104172707e-03
-1.453757565468549728e-02
-1.354787591844797134e-02
4.403190687298774719e-03
-6.261505652219057083e-03
6.198701448738574982e-03
1.535861101001501083e-02
6.897614337503910065e-03
3.901624353602528572e-03
6.091371551156044006e-02
-3.696001076605170965e-04
7.024101912975311279e-03
2.676473697647452354e-03
-6.902465596795082092e-03
7.660233415663242340e-03
-2.353433147072792053e-02
1.847973326221108437e-03
-1.181651093065738678e-02
1.537929289042949677e-03
9.658056311309337616e-03
3.321908041834831238e-02
1.198090147227048874e-02
-3.839075565338134766e-03
9.124283678829669952e-03
-1.200760900974273682e-02
-9.791051968932151794e-03
-4.998676478862762451e-03
1.225642859935760498e-02
1.101802103221416473e-03
3.604604303836822510e-02
9.430971113033592701e-04
-1.172779407352209091e-02
1.576264202594757080e-02
1.386790163815021515e-02
-2.258610352873802185e-02
8.181268349289894104e-03
-1.445654686540365219e-02
1.388563867658376694e-02
-6.152458023279905319e-03
6.863531190901994705e-03
-7.892534136772155762e-03
3.422233508899807930e-03
2.314382145414128900e-04
-4.380022175610065460e-03
3.966857679188251495e-03
-9.420094080269336700e-03
6.515758112072944641e-03
9.488807991147041321e-03
1.068413257598876953e-02
7.238332647830247879e-03
1.880040951073169708e-02
1.716293580830097198e-02
5.172747652977705002e-03
-1.495930482633411884e-03
1.771986857056617737e-02
1.939190551638603210e-02
1.366349961608648300e-02
1.142279896885156631e-02
1.612062565982341766e-02
-5.838540848344564438e-03
1.136164087802171707e-02
2.635512873530387878e-02
1.367790740914642811e-03
-2.731182426214218140e-02
5.532575305551290512e-03
-4.364619404077529907e-02
-5.744572263211011887e-03
-8.794725872576236725e-03
1.529267709702253342e-02
-3.903862321749329567e-03
-3.552812631824053824e-05
-1.905619911849498749e-02
3.620700910687446594e-02
-3.187815658748149872e-03
4.805761855095624924e-03
2.233565039932727814e-02
3.797233104705810547e-02
-1.179618295282125473e-02
1.071553770452737808e-02
2.429519081488251686e-03
3.762588277459144592e-02
1.662019640207290649e-02
-1.231003366410732269e-02
-2.549544721841812134e-02
-3.530993312597274780e-02
1.154556754045188427e-03
2.198929339647293091e-02
-1.837229914963245392e-02
4.234822839498519897e-02
-1.562777534127235413e-02
1.653955876827239990e-02
-4.198422655463218689e-02
3.850889392197132111e-03
-4.166715964674949646e-02
2.199966460466384888e-02
9.755843132734298706e-02
-4.711995273828506470e-02
1.353867817670106888e-02
-1.741544902324676514e-02
3.833755850791931152e-02
-8.027121424674987793e-02
6.853264570236206055e-02
3.543168539181351662e-03
9.049984067678451538e-02
-6.889151874929666519e-03
-4.768925905227661133e-02
-4.795413836836814880e-02
-6.942605227231979370e-02
1.354396808892488480e-02
-3.073654137551784515e-02
-1.771699078381061554e-02
3.721452131867408752e-02
1.413540635257959366e-02
-6.022091582417488098e-02
-2.729775570333003998e-02
2.750466391444206238e-02
7.381647080183029175e-02
-4.921579733490943909e-03
4.680758342146873474e-02
-3.540863096714019775e-02
3.779678419232368469e-02
3.375185281038284302e-02
3.906918317079544067e-02
3.079667314887046814e-02
-1.752460561692714691e-02
6.342399865388870239e-02
6.147179380059242249e-02
-3.139398247003555298e-02
1.243023294955492020e-02
1.516543421894311905e-02
4.900190397165715694e-04
3.704408928751945496e-02
2.551493234932422638e-03
-4.383971914649009705e-02
6.940503139048814774e-03
2.813775837421417236e-02
5.559354089200496674e-03
-7.760006468743085861e-03
-3.565385937690734863e-02
3.142961300909519196e-03
-2.209871262311935425e-02
-2.101655676960945129e-02
2.327232994139194489e-02
4.260027036070823669e-02
-2.174729947000741959e-03
2.280443161725997925e-02
1.400389987975358963e-02
-1.763599552214145660e-02
1.050678174942731857e-02
-2.209056168794631958e-03
3.140389919281005859e-02
3.721835464239120483e-02
-8.022243157029151917e-03
1.958855055272579193e-02
4.692820657510310411e-04
-9.363406337797641754e-03
-7.153337937779724598e-04
-1.683640107512474060e-02
-6.415349896997213364e-03
8.300741203129291534e-03
2.398761548101902008e-02
3.530209884047508240e-02
2.461464516818523407e-02
-8.724800311028957367e-03
-1.626456715166568756e-02
-1.331323198974132538e-02
-2.018430642783641815e-02
-2.009018510580062866e-02
-2.241460140794515610e-03
-3.051593713462352753e-02
-2.184637635946273804e-02
2.708058245480060577e-02
1.521683298051357269e-03
1.932225190103054047e-02
1.522254757583141327e-02
-6.698506884276866913e-03
8.025160059332847595e-03
-1.017439644783735275e-02
-2.145035006105899811e-02
1.027432642877101898e-02
6.413320079445838928e-03
1.202491344884037971e-03
-3.612909931689500809e-03
-3.299826290458440781e-03
4.662299994379281998e-03
1.939144358038902283e-02
-7.914579473435878754e-03
-2.623746730387210846e-02
1.603550836443901062e-02
1.903306134045124054e-02
-1.502153836190700531e-02
-1.896773901535198092e-04
-2.514582872390747070e-02
2.315825549885630608e-03
1.673723943531513214e-02
3.309665480628609657e-03
9.299803525209426880e-03
1.252196915447711945e-02
1.559538883157074451e-03
-6.947794463485479355e-03
-3.086266340687870979e-03
2.056574635207653046e-02
8.164334110915660858e-03
1.006612088531255722e-03
-1.128199137747287750e-02
5.428500939160585403e-03
6.158349569886922836e-03
1.324708480387926102e-02
4.559491295367479324e-03
4.890432464890182018e-04
-1.086529158055782318e-02
1.454570982605218887e-02
-4.311769269406795502e-03
1.191330142319202423e-03
9.418244473636150360e-03
1.018011197447776794e-02
6.258828099817037582e-03
9.043904952704906464e-03
-1.079442445188760757e-02
5.551205947995185852e-03
-8.605323731899261475e-03
-1.379020418971776962e-02
1.465249992907047272e-02
-7.821217179298400879e-03
-1.174751389771699905e-02
-2.889089984819293022e-03
-1.302528940141201019e-02
8.218365721404552460e-03
9.060729295015335083e-03
7.229615934193134308e-03
3.934651613235473633e-03
-4.873704910278320312e-02
-2.423816360533237457e-03
-1.174332015216350555e-02
-1.236223615705966949e-03
-1.942547736689448357e-03
4.686257801949977875e-03
1.099153980612754822e-02
-1.280676666647195816e-02
6.233546417206525803e-03
1.021650037728250027e-03
6.720096338540315628e-03
6.959994323551654816e-03
-5.116919521242380142e-03
4.444041755050420761e-03
-8.624472655355930328e-03
-8.318944834172725677e-03
8.951000054366886616e-04
2.820306643843650818e-02
-7.305359002202749252e-03
-6.719863507896661758e-03
4.158560652285814285e-03
2.275016624480485916e-03
1.294827903620898724e-03
-3.331248881295323372e-03
-7.520673680119216442e-04
-1.416837051510810852e-02
-7.536482531577348709e-03
5.471618846058845520e-03
-7.408825214952230453e-03
-1.161688752472400665e-02
4.581196233630180359e-03
5.045154131948947906e-03
7.233674405142664909e-04
5.089921876788139343e-03
-2.555231912992894650e-04
-6.325512193143367767e-03
-1.594553003087639809e-03
-2.298367908224463463e-03
-8.712113834917545319e-03
-1.058416324667632580e-03
5.913923494517803192e-03
-1.568579347804188728e-03
9.887750260531902313e-03
2.203611511504277587e-04
-5.170913878828287125e-03
4.398517776280641556e-03
9.452680242247879505e-04
-6.629490293562412262e-03
4.228685051202774048e-03
9.750481694936752319e-03
9.905028156936168671e-03
-1.642146962694823742e-03
2.260588109493255615e-03
2.205811673775315285e-03
-1.438455749303102493e-02
-1.149194547906517982e-03
3.151524113491177559e-03
-5.149726755917072296e-03
2.553274855017662048e-03
-4.438419826328754425e-03
4.965649917721748352e-03
-3.126413212157785892e-04
3.688703873194754124e-04
-7.169306278228759766e-03
-8.037147345021367073e-04
3.206447884440422058e-02
-1.824923604726791382e-02
-2.383306855335831642e-03
1.416593790054321289e-02
-6.416047364473342896e-02
2.131752902641892433e-03
-2.301629632711410522e-03
-1.919307396747171879e-03
-2.114504761993885040e-02
-2.604391891509294510e-03
1.967685297131538391e-03
4.245346935931593180e-04
5.399315152317285538e-03
2.316815545782446861e-03
-2.124299295246601105e-02
-2.004499547183513641e-03
