2.828916694852523506e-05
-4.674367664847522974e-05
-2.675586983968969434e-05
-7.706940778007265180e-06
-2.221622162323910743e-05
-1.367846016364637762e-05
-1.324869390373351052e-05
-2.592349665064830333e-05
-2.805395979521563277e-06
-4.731725493911653757e-05
-2.836383828253019601e-05
-1.690572389634326100e-05
-1.563683872518595308e-05
-3.973302591475658119e-05
-5.596956179942935705e-05
-2.557711559347808361e-05
-6.427026528399437666e-05
-4.107414133613929152e-05
-3.327126978547312319e-05
-2.727545324887614697e-05
-7.324142643483355641e-05
-1.482652714912546799e-05
-2.001295979425776750e-05
-1.172353236711387581e-07
-6.372368807205930352e-05
3.791105655182036571e-06
-3.588104300433769822e-05
-7.642678974661976099e-05
-2.346890141780022532e-05
-2.818503526214044541e-05
-4.888969488092698157e-05
-3.618981645558960736e-05
-7.578600343549624085e-05
-5.102087379782460630e-05
-6.724446575390174985e-05
-3.905477205989882350e-05
-3.399172419449314475e-05
-6.131614645710214972e-05
-9.929029329214245081e-05
-5.526723907678388059e-05
-1.080128713510930538e-04
-7.826666114851832390e-05
-3.683657996589317918e-05
-4.510198414209298790e-05
-1.069307909347116947e-04
-6.251641025301069021e-05
-9.145964577328413725e-05
-6.737190415151417255e-05
-1.270509092137217522e-04
-9.872346709016710520e-05
-1.066167096723802388e-04
-7.736394036328420043e-05
-6.923647742951288819e-05
-6.651124567724764347e-05
-8.843041723594069481e-05
-1.543026883155107498e-04
-7.286205072887241840e-05
-1.373125414829701185e-04
-8.332001016242429614e-05
-7.080995419528335333e-05
-5.414505722001194954e-05
-1.031104984576813877e-04
-8.703734056325629354e-05
-8.968760084826499224e-05
-1.078278583008795977e-04
-6.860485154902562499e-05
-7.855061267036944628e-05
-8.528235048288479447e-05
-1.225889282068237662e-04
-1.128069561673328280e-04
-1.158190716523677111e-04
-1.222869759658351541e-04
-1.026880636345595121e-04
-1.124786358559504151e-04
-1.299475115956738591e-04
-8.277741289930418134e-05
-6.135071453172713518e-05
-8.062438428169116378e-05
-6.925383058842271566e-05
-1.036210815072990954e-04
-9.611447603674605489e-05
-7.133811595849692822e-05
-1.074109823093749583e-04
-7.571695459773764014e-05
-5.908694947720505297e-05
-3.621116411522962153e-05
-1.177589801955036819e-04
-7.236720557557418942e-05
-8.163558959495276213e-05
-8.031066681724041700e-05
-8.774654997978359461e-05
-9.989641694119200110e-05
-1.147409784607589245e-04
-7.066450052661821246e-05
-1.737629827402997762e-05
-8.597686974098905921e-05
-1.153320772573351860e-04
-3.362969800946302712e-05
-8.137177792377769947e-05
-1.017481772578321397e-04
-8.672168041812255979e-05
-1.318602153332903981e-04
-1.214507647091522813e-04
-1.555858325446024537e-04
-1.463152329961303622e-05
-7.623743294971063733e-05
-1.116945350077003241e-04
-1.512453163741156459e-04
-6.665036926278844476e-05
-1.764538319548591971e-04
-9.305476851295679808e-05
-1.383227499900385737e-04
-1.486406836193054914e-04
-1.125527123804204166e-04
-1.924313983181491494e-04
-1.994069898501038551e-04
-2.283107169205322862e-04
-1.752159878378733993e-04
-1.516863558208569884e-04
-1.799687888706102967e-04
-2.405990817351266742e-04
-2.704040962271392345e-04
-2.423788682790473104e-04
-2.693897113204002380e-04
-2.944677544292062521e-04
-2.727570536080747843e-04
-3.107571683358401060e-04
-2.805360709317028522e-04
-3.088897501584142447e-04
-3.204648382961750031e-04
-2.896941441576927900e-04
-3.477152495179325342e-04
-3.296504728496074677e-04
-3.206679539289325476e-04
-3.890974912792444229e-04
-4.678209661506116390e-04
-3.831337089650332928e-04
-3.904403129126876593e-04
-3.407189797144383192e-04
-3.774408833123743534e-04
-3.092041879426687956e-04
-2.802262315526604652e-04
-3.205769753549247980e-04
-2.962615108117461205e-04
-3.746797447092831135e-04
-1.701035653240978718e-04
-2.357682387810200453e-04
-1.983404217753559351e-04
-2.592050586827099323e-04
-1.853534486144781113e-04
-6.126509106252342463e-05
-9.764078276930376887e-05
-8.608847565483301878e-05
-1.513850584160536528e-04
-1.379974128212779760e-04
-2.820283407345414162e-05
-1.947222153830807656e-05
-2.254892460769042373e-04
-5.386814154917374253e-05
2.625200249894987792e-05
-2.212701801909133792e-04
-2.368636633036658168e-04
-1.351312384940683842e-04
-3.315577923785895109e-04
-2.337738987989723682e-04
-1.454056036891415715e-04
-2.780229842755943537e-04
-2.893972850870341063e-04
-3.418683772906661034e-04
-3.829842025879770517e-04
-3.283347468823194504e-04
-3.225668624509125948e-04
-1.604387798579409719e-04
-2.720673801377415657e-04
1.858819887274876237e-04
3.152688732370734215e-04
3.176644386257976294e-04
3.703749098349362612e-04
4.969121073372662067e-04
4.728771164081990719e-04
2.433647605357691646e-04
5.347789847292006016e-04
2.589221403468400240e-04
-1.275816612178459764e-04
-2.985413011629134417e-04
-6.421671714633703232e-04
-6.931580137461423874e-04
-1.360441558063030243e-03
-1.175914076156914234e-03
-1.735033467411994934e-03
-2.315142424777150154e-03
-3.084111493080854416e-03
-5.189460702240467072e-03
-7.002852857112884521e-03
-7.261784747242927551e-03
-6.626263726502656937e-03
-2.375967986881732941e-02
-5.252889823168516159e-03
3.815128281712532043e-02
-4.985452070832252502e-02
6.076219957321882248e-03
-6.839311122894287109e-02
-1.148837134242057800e-01
-1.158149167895317078e-01
-6.893967092037200928e-02
-5.911528319120407104e-02
-4.537556320428848267e-02
-3.642431274056434631e-02
-3.078934736549854279e-02
-2.654310129582881927e-02
-2.295307256281375885e-02
-1.935824751853942871e-02
-1.670813933014869690e-02
-1.407966855913400650e-02
-1.237982604652643204e-02
-1.104391831904649734e-02
-1.038762275129556656e-02
-9.101474657654762268e-03
-8.477007970213890076e-03
-7.709545549005270004e-03
-7.093669846653938293e-03
-6.512486375868320465e-03
-6.112268660217523575e-03
-5.329149309545755386e-03
-4.902505781501531601e-03
-4.741432610899209976e-03
-3.936730325222015381e-03
-3.674182109534740448e-03
-3.560889046639204025e-03
-3.188596572726964951e-03
-2.939188387244939804e-03
-2.813066588714718819e-03
-2.761000534519553185e-03
-2.500665839761495590e-03
-2.456465968862175941e-03
-2.366354689002037048e-03
-2.244042465463280678e-03
-2.305774250999093056e-03
-2.239011460915207863e-03
-2.164263045415282249e-03
-1.960034482181072235e-03
-2.040623221546411514e-03
-1.990265911445021629e-03
-1.779676065780222416e-03
-1.776781165972352028e-03
-1.630601123906672001e-03
-1.610557315871119499e-03
-1.430897507816553116e-03
-1.426582108251750469e-03
-1.431159209460020065e-03
-1.266371342353522778e-03
-1.147373463027179241e-03
-1.012438558973371983e-03
-1.100445864722132683e-03
-1.029016799293458462e-03
-9.553186828270554543e-04
-8.257341105490922928e-04
-8.625353220850229263e-04
-7.676720269955694675e-04
-7.510262657888233662e-04
-7.135571795515716076e-04
-6.888774805702269077e-04
-7.003601058386266232e-04
-5.837114294990897179e-04
-5.238079465925693512e-04
-5.386623088270425797e-04
-5.074865766800940037e-04
-3.631813451647758484e-04
-4.568758595269173384e-04
-5.268993554636836052e-04
-4.647115420084446669e-04
-3.631292493082582951e-04
-3.729516465682536364e-04
-3.344585711602121592e-04
-3.772209165617823601e-04
-3.817042743321508169e-04
-2.840248344000428915e-04
-2.944918815046548843e-04
-3.325697034597396851e-04
-2.611799573060125113e-04
-3.700765664689242840e-04
-2.511693746782839298e-04
-2.137299743480980396e-04
-2.614264958538115025e-04
-2.609933435451239347e-04
-1.754755503498017788e-04
-2.192772662965580821e-04
-2.030729956459254026e-04
-2.617196296341717243e-04
-2.206977223977446556e-04
-1.756275742081925273e-04
-1.914070890052244067e-04
-2.131631335942074656e-04
-1.699000131338834763e-04
-1.260295539395883679e-04
-1.551909372210502625e-04
-1.869789120974019170e-04
-1.825534127419814467e-04
-1.865898520918563008e-04
-1.636018132558092475e-04
-1.697202242212370038e-04
-1.657587563386186957e-04
-9.717374632600694895e-05
-1.037306647049263120e-04
-1.359198504360392690e-04
-1.081562295439653099e-04
-1.256444083992391825e-04
-6.194505840539932251e-05
-1.191469127661548555e-04
-1.038551563397049904e-04
-7.207992166513577104e-05
-6.606791885133134201e-06
-5.977861292194575071e-05
-4.333970719017088413e-05
6.368734466377645731e-05
-7.175235805334523320e-05
-7.870002264098729938e-06
1.266072649741545320e-05
-5.397160748543683439e-06
1.797505865397397429e-05
-2.254007449664641172e-05
-8.398482350457925349e-06
2.203137955802958459e-05
2.240134926978498697e-05
4.213838110445067286e-05
6.142533948150230572e-06
1.740919469739310443e-05
2.573441815911792219e-05
3.137401654385030270e-05
3.136668237857520580e-05
3.116969674010761082e-05
5.269334360491484404e-05
3.611991269281134009e-05
2.199248774559237063e-05
2.183539982070215046e-05
5.379558933782391250e-05
2.605262125143781304e-05
1.459353952668607235e-04
8.111620991257950664e-05
6.397828838089480996e-05
7.892672874731943011e-05
6.778833630960434675e-05
5.257313750917091966e-05
5.028709347243420780e-05
5.687687735189683735e-05
5.795349716208875179e-05
9.350250911666080356e-05
5.080594928585924208e-05
9.231995500158518553e-05
4.636834273696877062e-05
5.174586840439587831e-05
8.014679769985377789e-05
5.567853077081963420e-05
3.846728213829919696e-05
6.683709943899884820e-05
1.023866643663495779e-04
4.964675099472515285e-05
3.432876110309734941e-05
6.886553455842658877e-05
3.385389572940766811e-05
5.421590321930125356e-05
1.718049861665349454e-05
1.459823579352814704e-05
7.679909322177991271e-05
2.588548341009300202e-05
3.905274570570327342e-05
6.365330773405730724e-05
3.893335815519094467e-05
3.011008266184944659e-05
5.010396125726401806e-05
5.821677041240036488e-05
6.198889605002477765e-05
1.479705406381981447e-05
3.642113370005972683e-05
2.844664777512662113e-05
6.894771649967879057e-05
1.223164872499182820e-05
2.359341488045174628e-05
5.013331247027963400e-05
1.683388472883962095e-05
4.483569864532910287e-05
5.319748743204399943e-05
3.200344872311688960e-05
2.836387466231826693e-05
4.497035479289479554e-05
1.587436963745858520e-05
4.218927642796188593e-05
2.262975067424122244e-05
4.739028736366890371e-05
-1.199091457237955183e-05
3.785792432609014213e-05
5.423153561423532665e-05
1.220839021698338911e-05
-1.371573489450383931e-06
1.912164225359447300e-05
5.217159923631697893e-05
1.119212583944317885e-06
3.022295095433946699e-05
1.232730664924019948e-05
2.637761826917994767e-05
6.541712309626745991e-07
