-2.325648628175258636e-02
6.352245341986417770e-03
-8.463873714208602905e-02
-7.262836676090955734e-03
7.583335041999816895e-03
-3.184433281421661377e-02
-2.101065590977668762e-02
2.585419919341802597e-03
1.251557283103466034e-02
-3.124730847775936127e-02
-6.247779354453086853e-02
2.346281521022319794e-02
-4.485794156789779663e-02
8.705154061317443848e-03
-5.923219025135040283e-02
-1.693005673587322235e-02
-5.793891847133636475e-02
-8.584614843130111694e-02
3.036355832591652870e-03
-9.605439007282257080e-02
2.482492662966251373e-02
2.312860451638698578e-02
-2.561595477163791656e-02
-2.497189119458198547e-02
4.015997424721717834e-02
-5.061393231153488159e-02
8.082287386059761047e-03
-3.047060593962669373e-02
-3.180995583534240723e-02
-7.806558161973953247e-02
-2.269055321812629700e-02
-1.378374081104993820e-02
5.728387041017413139e-04
-1.090029999613761902e-01
3.510220348834991455e-02
-1.050993353128433228e-01
-6.272042542695999146e-02
8.410637266933917999e-03
-3.447692468762397766e-02
-4.453251510858535767e-02
-6.976886186748743057e-03
-2.595648914575576782e-02
-3.358765970915555954e-03
-3.234836086630821228e-02
-2.523368410766124725e-02
-1.534464117139577866e-02
3.765188390389084816e-03
-2.622496802359819412e-03
-6.582620739936828613e-02
-6.884727161377668381e-03
-3.895586356520652771e-02
-8.004904724657535553e-03
-8.990264683961868286e-02
-1.109486538916826248e-02
-2.939876727759838104e-02
3.154680598527193069e-04
6.330591160804033279e-03
-1.910653710365295410e-02
3.423869237303733826e-02
-3.508206456899642944e-02
-3.147249296307563782e-02
-7.798902690410614014e-03
-1.146667404100298882e-03
6.479694694280624390e-02
-1.761521771550178528e-02
1.299061812460422516e-02
-2.079211920499801636e-02
-1.186942216008901596e-02
-3.419342637062072754e-02
2.613979391753673553e-02
3.667435795068740845e-02
-2.508624689653515816e-03
-7.923316210508346558e-03
3.863874450325965881e-02
3.047460317611694336e-02
3.514219820499420166e-02
8.881223388016223907e-03
9.476486593484878540e-05
-2.222558250650763512e-03
5.109165608882904053e-02
-1.192434132099151611e-02
-4.780273512005805969e-02
-4.660953709390014410e-04
6.132856011390686035e-02
5.951858591288328171e-03
3.244864940643310547e-02
2.184759639203548431e-02
5.220276862382888794e-02
7.497339695692062378e-02
-1.908790133893489838e-02
2.443483285605907440e-02
1.348070800304412842e-02
9.243689477443695068e-02
-3.281830623745918274e-02
3.375620394945144653e-02
1.010545715689659119e-02
6.584843248128890991e-02
7.759422529488801956e-03
-1.161015941761434078e-03
-2.536486135795712471e-03
7.761974632740020752e-02
4.985094442963600159e-02
3.055000863969326019e-02
1.081164181232452393e-01
3.343333676457405090e-02
3.609377145767211914e-02
5.712733045220375061e-02
8.071352203842252493e-05
6.583257019519805908e-02
4.820341710001230240e-03
7.007583975791931152e-02
4.448900371789932251e-02
4.418799281120300293e-02
3.961030021309852600e-02
1.240153610706329346e-02
2.573867887258529663e-02
1.078535337001085281e-02
1.170369982719421387e-01
7.130676507949829102e-02
-6.569030694663524628e-03
1.122524216771125793e-02
4.106136038899421692e-02
8.437150972895324230e-04
5.858849734067916870e-02
2.192727848887443542e-02
5.236423760652542114e-02
5.956101045012474060e-02
1.007361784577369690e-01
8.511167764663696289e-02
3.015326894819736481e-02
-7.336176931858062744e-02
9.211872518062591553e-02
1.540807634592056274e-01
9.241188317537307739e-02
7.595159858465194702e-02
1.183285936713218689e-01
9.089230746030807495e-02
5.055807530879974365e-02
4.487948119640350342e-02
3.195211291313171387e-02
1.123010460287332535e-02
2.376802265644073486e-02
1.111246049404144287e-01
5.884955078363418579e-02
4.519676417112350464e-02
1.196295842528343201e-01
1.056332588195800781e-01
6.704004853963851929e-02
7.866860926151275635e-02
9.039855748414993286e-02
1.395281106233596802e-01
8.191907405853271484e-02
1.100678443908691406e-01
1.284442692995071411e-01
7.328428328037261963e-02
8.331824094057083130e-02
1.090765148401260376e-01
6.586267054080963135e-02
9.628564864397048950e-02
1.365002840757369995e-01
1.389603912830352783e-01
5.828989297151565552e-02
5.990099906921386719e-02
3.346473723649978638e-02
1.083699315786361694e-01
4.304339736700057983e-02
3.535096347332000732e-02
5.386206880211830139e-02
1.782053709030151367e-01
-5.408047232776880264e-03
8.956562727689743042e-03
1.006798744201660156e-01
1.747565530240535736e-02
4.894977062940597534e-02
7.390377670526504517e-02
-4.166583064943552017e-03
3.284759446978569031e-02
1.063990145921707153e-01
1.081085801124572754e-01
5.196994915604591370e-02
6.364376097917556763e-02
1.809201575815677643e-02
1.597899794578552246e-01
7.902837544679641724e-02
6.579817831516265869e-02
-2.259687893092632294e-02
5.925587192177772522e-02
4.803553223609924316e-02
7.060089614242315292e-03
8.574441820383071899e-02
4.234393313527107239e-02
9.284135699272155762e-02
4.766678065061569214e-02
6.636162102222442627e-02
1.380198076367378235e-02
7.492794841527938843e-02
7.926928997039794922e-02
5.368138104677200317e-02
4.942544735968112946e-03
-1.854939945042133331e-02
-5.228851363062858582e-02
1.195580791682004929e-02
4.017160274088382721e-03
-5.222421884536743164e-02
7.227196544408798218e-02
3.970185294747352600e-02
-1.625773161649703979e-01
2.183778397738933563e-02
-1.284078806638717651e-01
2.949390187859535217e-02
1.215121056884527206e-02
3.342997282743453979e-02
3.815065696835517883e-02
1.389388553798198700e-02
1.748086698353290558e-02
-8.353755623102188110e-02
4.660197719931602478e-02
3.276978433132171631e-02
-8.333867415785789490e-03
-2.100393734872341156e-02
-4.123056307435035706e-03
1.278602890670299530e-02
6.503190100193023682e-02
9.802877902984619141e-02
-4.104932770133018494e-03
6.268575042486190796e-02
2.507799770683050156e-03
4.368296265602111816e-02
-1.820737868547439575e-02
-4.859022423624992371e-02
-8.825927227735519409e-02
1.183611620217561722e-02
7.880023866891860962e-02
9.961614012718200684e-02
-1.512744696810841560e-03
-1.892333035357296467e-03
-2.312368154525756836e-02
1.534287724643945694e-02
-2.752578631043434143e-02
1.186906173825263977e-01
-4.524608328938484192e-02
-4.940878227353096008e-02
5.949906632304191589e-02
-2.488944120705127716e-02
-5.381730571389198303e-02
4.367453802842646837e-04
-4.034236073493957520e-02
-4.569729417562484741e-02
2.715714648365974426e-02
-3.398412372916936874e-03
1.996776461601257324e-02
1.815675012767314911e-02
-4.764813557267189026e-02
-6.377713871188461781e-04
-1.049589179456233978e-02
6.300710886716842651e-02
-2.741973288357257843e-02
-2.431397885084152222e-02
-1.449769921600818634e-02
1.666950178332626820e-03
-6.369350105524063110e-02
1.202024519443511963e-02
-4.531385377049446106e-02
-3.975681215524673462e-02
-2.569725364446640015e-02
-8.398056775331497192e-02
3.538785874843597412e-02
4.293373320251703262e-03
-6.999065517447888851e-04
7.104180753231048584e-02
-5.775829032063484192e-02
2.593142911791801453e-02
2.517536282539367676e-02
6.396796554327011108e-02
-5.809578672051429749e-02
7.238977402448654175e-02
2.326697111129760742e-02
3.806442394852638245e-02
-2.883453294634819031e-02
-6.415857002139091492e-03
1.840507611632347107e-02
2.710521779954433441e-02
-3.435202687978744507e-02
1.257823221385478973e-02
1.140034664422273636e-02
-1.051662117242813110e-02
-4.911126568913459778e-03
-6.974044442176818848e-02
1.601959113031625748e-03
8.190617896616458893e-03
3.496827185153961182e-02
6.570915132761001587e-02
6.051508244127035141e-04
4.147301986813545227e-02
4.368547722697257996e-02
-1.284823939204216003e-02
2.648895420134067535e-02
6.459974497556686401e-02
-9.586166590452194214e-02
6.195811554789543152e-03
-8.850138634443283081e-02
-4.799566045403480530e-02
4.218996316194534302e-02
-6.963191926479339600e-02
-1.510617323219776154e-02
-2.799502946436405182e-02
-3.673154115676879883e-02
-2.054134197533130646e-02
2.445637481287121773e-03
-1.875454746186733246e-02
4.185897856950759888e-02
-6.443036254495382309e-03
-1.819350384175777435e-02
1.307452283799648285e-02
-7.395954336971044540e-03
-3.186031430959701538e-02
1.640473026782274246e-03
-1.163914334028959274e-02
-5.410745739936828613e-02
7.682989537715911865e-02
-7.721307128667831421e-02
-3.326609730720520020e-02
3.215835615992546082e-02
8.580390363931655884e-02
-8.301136642694473267e-02
-2.900562540162354708e-04
-8.014179021120071411e-02
-2.567540854215621948e-02
1.060552522540092468e-02
-4.221372678875923157e-02
6.089541316032409668e-02
-1.936210552230477333e-03
2.280355058610439301e-02
-3.478492423892021179e-02
-2.585730690043419600e-04
4.508198425173759460e-02
1.054773200303316116e-02
2.445719391107559204e-02
-2.730649709701538086e-02
-2.869118377566337585e-02
-4.848602786660194397e-02
-1.851886883378028870e-02
-4.274231032468378544e-04
4.385824128985404968e-02
-2.605472924187779427e-03
-1.426360476762056351e-02
-4.448012914508581161e-03
-4.082176601514220238e-04
-2.171957865357398987e-02
-6.459257751703262329e-02
-3.385051712393760681e-02
2.405464462935924530e-02
7.517354935407638550e-02
-2.264893054962158203e-02
-7.430010591633617878e-04
-6.143045611679553986e-03
-6.153465947136282921e-04
-3.998504253104329109e-04
-1.024693809449672699e-02
-1.077676191926002502e-02
4.864916205406188965e-02
-2.010556124150753021e-02
5.164417251944541931e-02
-1.401146757416427135e-03
-1.134792063385248184e-02
-6.196568720042705536e-03
-1.167432777583599091e-02
-6.923641264438629150e-02
-9.084648452699184418e-03
-5.593934282660484314e-02
5.532328505069017410e-04
-1.423002220690250397e-03
-9.447586489841341972e-04
-2.621960011310875416e-04
-1.191193517297506332e-02
2.504707872867584229e-02
-2.261176850879564881e-04
-4.723536223173141479e-02
-5.092425737529993057e-03
-8.004477247595787048e-03
-6.513056159019470215e-02
-2.702471986413002014e-02
-3.122772648930549622e-02
-6.772933993488550186e-04
3.767887130379676819e-02
-1.730450545437633991e-03
1.271603442728519440e-02
-3.766138106584548950e-02
4.562187008559703827e-03
-4.833427956327795982e-04
-3.160339966416358948e-02
9.405446238815784454e-03
4.852799326181411743e-02
-4.714756831526756287e-02
-4.438946396112442017e-02
2.276115119457244873e-02
8.576692925998941064e-05
-2.656334266066551208e-02
-4.924105014652013779e-03
-2.388177625834941864e-02
-5.251078619039617479e-05
