-2.789129968732595444e-03
-2.851893194019794464e-03
-6.725909188389778137e-03
-2.470644656568765640e-03
-3.236596938222646713e-03
-3.111149650067090988e-03
-2.982373582199215889e-03
-3.100767498835921288e-03
-3.337051952257752419e-03
-6.814387626945972443e-03
-3.966713789850473404e-03
-3.901124699041247368e-03
-3.831989597529172897e-03
-5.091085564345121384e-03
-4.130841698497533798e-03
-4.148372448980808258e-03
-4.887821152806282043e-03
-4.701505880802869797e-03
-4.711599554866552353e-03
-5.977805703878402710e-03
-4.908242262899875641e-03
-5.420060362666845322e-03
-5.371255800127983093e-03
-4.793569445610046387e-03
-5.434932187199592590e-03
-5.816950462758541107e-03
-5.180106498301029205e-03
-5.291647277772426605e-03
-1.065233629196882248e-02
-5.483916960656642914e-03
-5.498576443642377853e-03
-5.503077991306781769e-03
-5.961531773209571838e-03
-5.048978608101606369e-03
-5.373481195420026779e-03
-5.214931443333625793e-03
-5.298347678035497665e-03
-4.959629382938146591e-03
-5.460455082356929779e-03
-5.844445433467626572e-03
-5.276274867355823517e-03
-4.815961234271526337e-03
-5.036781076341867447e-03
-4.885392263531684875e-03
-3.920177929103374481e-03
-4.702965728938579559e-03
-4.352236166596412659e-03
-4.661009646952152252e-03
-4.955717828124761581e-03
-3.492358373478055000e-03
-4.073774442076683044e-03
-4.149724263697862625e-03
-4.177345428615808487e-03
-3.798932302743196487e-03
-3.344620345160365105e-03
-2.844916190952062607e-03
-3.618580056354403496e-03
-3.413799684494733810e-03
-3.657244611531496048e-03
-3.140007378533482552e-03
-2.157665556296706200e-03
-3.084170632064342499e-03
-2.628724323585629463e-03
-2.485882723703980446e-03
-2.312493743374943733e-03
-2.718318486586213112e-03
-2.569366246461868286e-03
-3.491281997412443161e-03
-2.825533039867877960e-03
-3.562876954674720764e-03
-2.657431177794933319e-03
-3.192608011886477470e-03
-3.204899374395608902e-03
-2.960647223517298698e-03
-3.050036495551466942e-03
-2.906560897827148438e-03
-2.559687709435820580e-03
-2.833810169249773026e-03
-3.256156342104077339e-03
-2.516067121177911758e-03
-3.011469030752778053e-03
-3.514360869303345680e-03
-2.678117714822292328e-03
-2.422365592792630196e-03
-2.231511753052473068e-03
-2.665622159838676453e-03
-4.169094376266002655e-03
-2.786624012514948845e-03
-3.026115009561181068e-03
-2.624569460749626160e-03
-3.178036538884043694e-03
-1.808324013836681843e-03
-3.310689702630043030e-03
-2.581839682534337044e-03
-3.583106910809874535e-03
-5.082836840301752090e-03
-3.903462085872888565e-03
-4.695462528616189957e-03
-4.539609421044588089e-03
-6.991337053477764130e-03
-5.035688169300556183e-03
-2.709690248593688011e-03
-5.526765715330839157e-03
-5.844306200742721558e-03
-6.707008928060531616e-03
-4.418128635734319687e-03
-6.529199425131082535e-03
-6.224483717232942581e-03
-6.235772278159856796e-03
-6.758595351129770279e-03
-7.921201176941394806e-03
-7.159695029258728027e-03
-7.072120904922485352e-03
-5.783806089311838150e-03
-8.496299386024475098e-03
-7.482765242457389832e-03
-8.229667320847511292e-03
-9.002834558486938477e-03
-8.444943465292453766e-03
-9.743873029947280884e-03
-8.288350887596607208e-03
-1.048214826732873917e-02
-7.281702477484941483e-03
-7.189683150500059128e-03
-9.497161954641342163e-03
-8.483902551233768463e-03
-6.007833406329154968e-03
-8.455629460513591766e-03
-9.241390042006969452e-03
-7.920069620013237000e-03
-8.718389086425304413e-03
-5.469651892781257629e-03
-6.863591261208057404e-03
-5.898273084312677383e-03
-5.252919159829616547e-03
-8.898694068193435669e-03
-5.264129489660263062e-03
-5.828661844134330750e-03
-5.006059538573026657e-03
-5.829918663948774338e-03
-5.621956661343574524e-03
-8.896643295884132385e-03
-6.471092347055673599e-03
-1.094092428684234619e-02
-9.084315970540046692e-03
-1.172659732401371002e-02
-1.169020310044288635e-02
-1.618064008653163910e-02
-1.150992978364229202e-02
-1.257307454943656921e-02
-1.167178433388471603e-02
-1.128948852419853210e-02
-8.186782710254192352e-03
-2.841386245563626289e-03
-7.508700713515281677e-03
-9.631519205868244171e-03
-9.607329033315181732e-03
-6.462793797254562378e-03
-1.905331853777170181e-03
-9.542902000248432159e-03
-6.673396099358797073e-03
-9.428889490664005280e-03
-1.864033192396163940e-02
-1.494166254997253418e-02
-7.050479762256145477e-03
1.055376604199409485e-02
4.149994812905788422e-03
3.404876042623072863e-04
1.939879031851887703e-03
-4.138686228543519974e-03
2.242694050073623657e-02
1.201602513901889324e-03
1.773488038452342153e-04
-9.555093944072723389e-03
-8.953151293098926544e-03
-2.754990942776203156e-02
-3.335091844201087952e-02
-1.152673363685607910e-02
-1.242531090974807739e-02
-2.674143388867378235e-02
-3.392608091235160828e-02
1.036009471863508224e-02
2.400638163089752197e-02
2.935620583593845367e-02
1.463498920202255249e-02
-3.885663347318768501e-03
-1.363786216825246811e-02
-1.213708333671092987e-02
3.127848729491233826e-02
-3.693286702036857605e-02
-1.407245267182588577e-02
6.719134747982025146e-02
2.656335756182670593e-02
6.335512548685073853e-02
1.694007590413093567e-02
-2.091709896922111511e-02
5.183210596442222595e-02
-1.242835260927677155e-02
-3.237783908843994141e-02
-2.400570781901478767e-03
8.214272384066134691e-05
8.080549887381494045e-04
-6.484238803386688232e-02
1.201511695981025696e-01
-1.049525514245033264e-01
4.963125288486480713e-02
1.948431506752967834e-02
2.478387951850891113e-02
6.395602226257324219e-02
-5.517001450061798096e-02
1.861407980322837830e-02
-2.768307738006114960e-02
3.744176588952541351e-03
-6.210998399183154106e-04
1.266405731439590454e-02
-9.530962444841861725e-03
-5.112196505069732666e-02
7.649998646229505539e-03
7.455639075487852097e-03
-4.386469256132841110e-03
3.487163782119750977e-02
-5.582125391811132431e-03
-1.264226529747247696e-02
-3.198977932333946228e-02
1.720003085210919380e-03
1.310380920767784119e-02
-1.428082771599292755e-02
6.212831009179353714e-03
1.919012749567627907e-03
-1.895329542458057404e-02
7.433750201016664505e-03
6.947076879441738129e-03
1.545645855367183685e-02
-8.512643165886402130e-03
6.379890255630016327e-03
-9.547743014991283417e-03
3.096582135185599327e-03
-3.215263597667217255e-03
-6.259420770220458508e-04
-4.401432350277900696e-03
-9.439310058951377869e-03
-1.426756381988525391e-02
-9.533166885375976562e-03
-7.887523679528385401e-05
-1.301479991525411606e-02
5.978587432764470577e-04
2.658402780070900917e-03
-5.130099132657051086e-03
-2.766974736005067825e-03
5.052133463323116302e-03
-7.418749009957537055e-05
9.703795658424496651e-04
-1.945301773957908154e-03
-1.851462293416261673e-03
-1.163300941698253155e-03
-2.116768388077616692e-03
-4.815328866243362427e-03
-4.108905326575040817e-03
-5.623903591185808182e-03
-6.028270814567804337e-03
-6.245261058211326599e-03
-9.147673845291137695e-03
-7.867597974836826324e-03
-6.468111649155616760e-03
-5.994429346174001694e-03
-8.833490312099456787e-03
-6.365802604705095291e-03
-5.828532390296459198e-03
-4.377712961286306381e-03
-4.511216655373573303e-03
-2.731303218752145767e-03
-1.346576493233442307e-03
-3.182975342497229576e-03
-4.105243366211652756e-03
-2.501146402209997177e-03
-2.569867763668298721e-03
-4.894370678812265396e-03
-3.748500952497124672e-03
-2.091395203024148941e-03
-4.048405680805444717e-03
-3.228846006095409393e-03
-2.109186258167028427e-03
-6.313066114671528339e-04
-5.247543100267648697e-03
-4.995476920157670975e-03
-5.883006379008293152e-03
-6.247980054467916489e-03
-7.010557223111391068e-03
-6.700688973069190979e-03
-6.411413662135601044e-03
-6.750298663973808289e-03
-7.006923668086528778e-03
-8.412328548729419708e-03
-8.244605734944343567e-03
-9.766557253897190094e-03
-7.526481989771127701e-03
-8.248350583016872406e-03
-8.110219612717628479e-03
-8.634571917355060577e-03
-8.133479394018650055e-03
-8.931756950914859772e-03
-7.601313758641481400e-03
-8.328850381076335907e-03
-7.150653749704360962e-03
-7.996795699000358582e-03
-8.028820157051086426e-03
-7.359115406870841980e-03
-7.045759819447994232e-03
-7.189674768596887589e-03
-6.709106266498565674e-03
-6.571619305759668350e-03
-5.790725816041231155e-03
-6.535980850458145142e-03
-6.104953121393918991e-03
-5.584325641393661499e-03
-5.044539924710988998e-03
-4.454687237739562988e-03
-4.244814626872539520e-03
-4.525156691670417786e-03
-4.288274794816970825e-03
-4.147474188357591629e-03
-3.714876482263207436e-03
-3.223519306629896164e-03
-4.717952571809291840e-03
-3.264060011133551598e-03
-2.848491771146655083e-03
-2.175602130591869354e-03
-2.236346248537302017e-03
-2.376462100073695183e-03
-2.953572897240519524e-03
-3.452881239354610443e-03
-2.520638285204768181e-03
-2.396309282630681992e-03
-2.210539299994707108e-03
-1.511983573436737061e-03
-1.972519094124436378e-03
-1.787891029380261898e-03
-2.456193324178457260e-03
-2.007004339247941971e-03
-1.901037408970296383e-03
-1.088316785171627998e-03
-1.622038544155657291e-03
-1.384563860483467579e-03
-1.181828905828297138e-03
-1.438522594980895519e-03
-1.101798377931118011e-03
-3.124440554529428482e-04
-4.400694160722196102e-04
-9.971947874873876572e-04
-4.032836295664310455e-04
-2.856609935406595469e-04
-9.529687231406569481e-04
4.155103524681180716e-04
-2.276664745295420289e-04
-2.640059101395308971e-04
4.426631203386932611e-04
8.920914842747151852e-05
4.722461162600666285e-04
-1.536021300125867128e-04
5.562885198742151260e-04
-2.760137431323528290e-04
2.833328326232731342e-04
2.432046312605962157e-05
1.184925553388893604e-03
1.773154479451477528e-03
1.284895115531980991e-03
6.471770466305315495e-04
1.207887078635394573e-03
1.218895078636705875e-03
1.129100448451936245e-03
9.399253758601844311e-04
1.576705719344317913e-03
8.823278476484119892e-04
1.459875842556357384e-03
1.321713789366185665e-03
9.584606159478425980e-04
1.508673653006553650e-03
1.146209309808909893e-03
1.513100112788379192e-03
1.343695912510156631e-03
1.377304433844983578e-03
9.630511049181222916e-04
1.465021050535142422e-03
1.487793284468352795e-03
7.353188120760023594e-04
1.858133473433554173e-03
1.099954359233379364e-03
7.356054265983402729e-04
8.481010445393621922e-04
1.105542294681072235e-03
8.748791879042983055e-04
1.005189726129174232e-03
8.926398004405200481e-04
9.790849871933460236e-04
1.145233865827322006e-03
8.006287971511483192e-04
1.174142700619995594e-03
6.057145656086504459e-04
6.786868907511234283e-04
4.712617374025285244e-04
3.557646996341645718e-04
