2.634608827065676451e-04
-9.969986276701092720e-04
4.148211002349853516e+00
-7.913070730865001678e-03
-2.569156698882579803e-03
-1.010988593101501465e+00
-5.343033000826835632e-03
7.711973786354064941e-01
3.899063915014266968e-02
-5.702058672904968262e-01
1.994405388832092285e-01
8.258946239948272705e-03
-7.006404548883438110e-02
2.578374557197093964e-02
1.963197439908981323e-01
2.439666277496144176e-04
3.024826037290040404e-05
2.383820246905088425e-03
-4.144116537645459175e-04
2.669601526577025652e-04
1.605477766133844852e-03
