-1.414155471138656139e-03
3.962539136409759521e-03
1.259959302842617035e-02
1.945804920978844166e-03
-2.954893745481967926e-03
5.423170980066061020e-03
-1.445300597697496414e-02
3.322469070553779602e-03
3.394795348867774010e-03
-6.759636104106903076e-02
-2.190453410148620605e-01
-4.356061574071645737e-03
9.671016037464141846e-02
6.236061826348304749e-02
6.775672733783721924e-02
2.002282068133354187e-02
4.909969493746757507e-02
1.028253510594367981e-02
7.783270557411015034e-04
-2.639496000483632088e-03
-1.315567060373723507e-04
