-1.144260540604591370e-02
-3.737148130312561989e-03
-8.421163074672222137e-03
-3.249897155910730362e-03
-8.161792065948247910e-04
-6.242251489311456680e-03
-9.357326664030551910e-03
-6.521483417600393295e-03
-3.091845894232392311e-03
-1.176724955439567566e-02
-7.379470858722925186e-03
-3.239380428567528725e-03
1.587825710885226727e-03
-1.616726396605372429e-03
-3.668585850391536951e-04
8.900497341528534889e-04
1.755838398821651936e-03
-7.679022848606109619e-02
-9.878195822238922119e-02
1.309514045715332031e-03
1.106453873217105865e-02
1.439098417758941650e-01
7.860511541366577148e-02
8.572652190923690796e-02
2.705511450767517090e-02
1.055059675127267838e-02
3.781263902783393860e-02
1.239302977919578552e-01
1.862309575080871582e-01
5.041752383112907410e-02
-7.604365050792694092e-02
-2.560967803001403809e-01
-1.346723288297653198e-01
1.519403308629989624e-01
-2.799814939498901367e-02
-2.341482788324356079e-01
-2.972617745399475098e-01
-2.977202087640762329e-02
1.441736221313476562e-01
1.878775507211685181e-01
1.766809374094009399e-01
7.024838589131832123e-03
-1.821221318095922470e-03
-1.740155965089797974e-01
-1.013571992516517639e-01
-3.902691230177879333e-02
6.701712962239980698e-03
5.008419044315814972e-03
-7.845937507227063179e-04
-4.096888005733489990e-03
-9.441266208887100220e-02
1.637150882743299007e-03
-4.203554153442382812e+00
-3.821395570412278175e-03
-8.560890331864356995e-03
-6.037958431988954544e-03
-3.064683871343731880e-03
-5.701543763279914856e-03
-6.270835641771554947e-03
-6.995831616222858429e-03
-8.916389197111129761e-03
-7.338779978454113007e-03
-2.777011599391698837e-03
-5.579191725701093674e-03
-5.840664263814687729e-03
