-2.557878848165273666e-03
2.969871857203543186e-04
-1.049413927830755711e-03
-3.424502676352858543e-03
-4.088117741048336029e-03
-5.344251636415719986e-03
-5.591763649135828018e-03
-3.970867488533258438e-03
-3.490074770525097847e-03
-5.159829277545213699e-03
-1.500979065895080566e-03
-3.784408327192068100e-03
-3.587518585845828056e-03
-2.731406595557928085e-03
-1.785402535460889339e-03
-3.812887705862522125e-03
-4.801944829523563385e-03
-4.222531802952289581e-03
-2.142194192856550217e-03
-3.837218042463064194e-03
-7.577523938380181789e-04
6.079954910092055798e-04
3.519877500366419554e-04
-3.780740313231945038e-03
-4.066509660333395004e-03
-4.669754765927791595e-03
-6.615328602492809296e-03
-9.351533371955156326e-04
3.371408209204673767e-03
9.699756279587745667e-03
-6.122216000221669674e-04
-3.628126382827758789e-01
-2.349335849285125732e-01
5.780694633722305298e-02
6.052020192146301270e-02
5.827712640166282654e-02
3.989352658390998840e-02
7.871435955166816711e-03
-1.169242989271879196e-02
-1.219893433153629303e-02
-2.410692395642399788e-03
2.428650390356779099e-03
5.853932816535234451e-03
2.233477775007486343e-03
3.973311977460980415e-04
2.072335453703999519e-03
-2.200751332566142082e-03
-3.353417385369539261e-03
-1.032465952448546886e-03
-1.558091840706765652e-03
-2.836845116689801216e-03
-4.306933260522782803e-04
9.933643741533160210e-04
-2.117336494848132133e-03
-2.373653464019298553e-03
-9.028922650031745434e-04
-5.977940963930450380e-05
-1.901975600048899651e-03
-4.208257887512445450e-03
-4.279305692762136459e-03
-6.080387160181999207e-03
-5.459791980683803558e-03
-3.509327070787549019e-03
-1.511048176325857639e-03
-2.778037684038281441e-03
