7.359448820352554321e-02
4.216408729553222656e-02
3.109225071966648102e-02
8.998212963342666626e-02
1.228952705860137939e-01
1.715078949928283691e-02
6.540478765964508057e-02
2.107774466276168823e-01
-3.548210859298706055e-02
5.664258003234863281e-01
3.106221929192543030e-02
9.694889187812805176e-02
-4.612223058938980103e-02
-1.214853674173355103e-02
9.591963142156600952e-03
-5.668207071721553802e-03
1.759535633027553558e-02
1.270992495119571686e-02
1.451657526195049286e-02
1.141572371125221252e-02
8.115693926811218262e-03
