4.931551520712673664e-04
2.654214331414550543e-04
-1.027809572406113148e-03
-1.270245411433279514e-03
-1.119622844271361828e-03
1.131890225224196911e-03
1.950396457687020302e-03
3.824328887276351452e-04
-3.962068876717239618e-04
-2.215690445154905319e-03
-8.315938175655901432e-04
1.864207151811569929e-04
7.827617810107767582e-04
8.110530907288193703e-04
4.164080135524272919e-03
1.893338747322559357e-03
-4.269631579518318176e-03
-3.389991354197263718e-03
4.547469434328377247e-04
4.340533050708472729e-04
1.345339347608387470e-03
2.654470736160874367e-03
-5.772549193352460861e-03
-1.702862326055765152e-03
2.429945860058069229e-03
1.084447489120066166e-03
-7.132122409529983997e-04
-5.923496931791305542e-02
-8.704405277967453003e-03
-5.840093642473220825e-02
-3.933886438608169556e-02
-3.469466418027877808e-02
-8.612391538918018341e-03
-3.124730428680777550e-03
-3.334040986374020576e-03
8.469581953249871731e-04
1.775650680065155029e-02
4.961360618472099304e-02
1.071768254041671753e-01
1.094496771693229675e-01
9.941302239894866943e-02
2.210742086172103882e-01
1.031119897961616516e-01
1.614300459623336792e-01
9.140013903379440308e-02
1.375703364610671997e-01
4.054162185639142990e-03
5.581255629658699036e-02
-2.084433101117610931e-02
-5.875644460320472717e-02
-4.359068721532821655e-02
-1.131285056471824646e-01
-9.154956787824630737e-02
-1.304599195718765259e-01
-1.168159097433090210e-01
-9.578230977058410645e-02
-8.745929598808288574e-02
1.669060811400413513e-02
3.946746513247489929e-02
1.779027283191680908e-01
1.349311470985412598e-01
1.392031908035278320e-01
4.503782466053962708e-02
-7.822171598672866821e-02
-9.542545676231384277e-02
-2.206823527812957764e-01
-1.147904545068740845e-01
-1.592885404825210571e-01
-9.178116172552108765e-02
-4.242562875151634216e-02
1.950816996395587921e-02
2.784117311239242554e-02
1.353761088103055954e-02
-5.820808559656143188e-02
-6.881736963987350464e-02
-1.820152550935745239e-01
-7.758318632841110229e-02
-1.276126801967620850e-01
-3.976262360811233521e-02
-5.273726955056190491e-02
-2.763353660702705383e-02
-7.334736734628677368e-02
-1.645770370960235596e-01
-1.594635397195816040e-01
-2.658356428146362305e-01
-2.860856056213378906e-01
-3.318482041358947754e-01
-4.476077556610107422e-01
-2.844057977199554443e-01
-4.754234254360198975e-01
-2.486065924167633057e-01
-5.497084856033325195e-01
-7.244355976581573486e-02
-3.431042432785034180e-01
-1.045128330588340759e-01
-5.775102972984313965e-02
-6.356468796730041504e-02
-4.198559001088142395e-02
9.382407733937725425e-05
4.936862736940383911e-02
6.636818498373031616e-02
-1.516468473710119724e-04
-1.307058520615100861e-02
-5.085372552275657654e-02
-1.658379286527633667e-02
-4.853776481468230486e-04
-4.298513231333345175e-04
-1.749087125062942505e-03
-1.012513748719356954e-04
7.085562101565301418e-04
-9.591410635039210320e-04
-1.816547811031341553e-01
-5.344260483980178833e-03
-3.533344483003020287e-03
6.545469514094293118e-04
-2.186823606491088867e+00
-3.481813706457614899e-03
-6.238714791834354401e-03
-1.962151844054460526e-03
-4.072192668914794922e+00
-1.879577874206006527e-03
-3.772005438804626465e-03
-4.024926573038101196e-03
-1.928786514326930046e-03
-1.821143669076263905e-04
1.712245721137151122e-04
9.314548224210739136e-04
1.300903968513011932e-03
6.026810151524841785e-04
