-9.397814283147454262e-04
2.913139527663588524e-03
1.720684464089572430e-03
-7.361236494034528732e-04
5.146621726453304291e-03
5.434252321720123291e-03
-6.824614945799112320e-03
2.215537941083312035e-03
-9.877097327262163162e-04
-4.535962361842393875e-03
-3.880250500515103340e-03
1.889909990131855011e-02
6.032430380582809448e-02
1.108450889587402344e-01
1.598350107669830322e-01
7.671398576349020004e-03
-4.826747775077819824e-01
1.306718587875366211e-01
-6.775698810815811157e-02
-3.732441365718841553e-02
1.978463865816593170e-02
2.900588884949684143e-02
-1.678537018597126007e-02
-4.795034229755401611e-02
-2.244229242205619812e-02
-1.007165573537349701e-02
-5.987630225718021393e-03
-7.813585922122001648e-03
-6.083913613110780716e-03
-8.956315927207469940e-03
-1.697158627212047577e-02
-2.092825248837471008e-02
-2.454586792737245560e-04
