4.687157459557056427e-03
1.168440794572234154e-03
-2.322357613593339920e-04
4.436202719807624817e-02
9.573520720005035400e-02
1.070469245314598083e-01
-1.659020967781543732e-02
1.891374588012695312e-01
4.142308533191680908e-01
-5.103612542152404785e-01
8.933962136507034302e-02
7.017517834901809692e-02
-2.151174843311309814e-02
-2.708004415035247803e-02
-3.506429493427276611e-02
-1.966033317148685455e-02
-9.603374637663364410e-03
-5.452049430459737778e-03
-8.134455420076847076e-03
3.843529848381876945e-03
9.748503565788269043e-03
