-2.544751856476068497e-03
-1.079371199011802673e-03
5.287812557071447372e-03
1.201786915771663189e-03
-6.985480897128582001e-03
-2.123282290995121002e-03
1.911196275614202023e-03
3.719784144777804613e-04
4.895387217402458191e-03
1.635320077184587717e-04
1.625926815904676914e-03
2.352419309318065643e-02
6.008201092481613159e-02
1.057723313570022583e-01
1.670432835817337036e-01
-8.745896071195602417e-02
-3.616467118263244629e-01
1.345079094171524048e-01
-7.622096687555313110e-02
-4.066680371761322021e-02
2.381302975118160248e-02
3.487571701407432556e-02
-1.979285292327404022e-02
-4.585695639252662659e-02
-2.616288326680660248e-02
-7.336004637181758881e-03
-1.086187176406383514e-02
-1.014974340796470642e-02
-1.537888427264988422e-03
-1.219078525900840759e-02
1.912663174152839929e-05
-1.351193757727742195e-03
-1.664392091333866119e-02
