-2.667208667844533920e-03
-5.131312645971775055e-03
-5.138845648616552353e-03
-4.454240668565034866e-03
-1.011633798480033875e-01
-5.314427241683006287e-02
-2.520098583772778511e-03
-2.962833270430564880e-03
9.134712815284729004e-02
1.382884830236434937e-01
2.227820605039596558e-01
1.897494792938232422e-01
-4.908648505806922913e-02
-2.859299778938293457e-01
1.201126202940940857e-01
4.035589098930358887e-01
-5.118147134780883789e-01
1.170037016272544861e-01
-9.433870017528533936e-02
-3.806788325309753418e-01
-3.382704555988311768e-01
7.551646977663040161e-02
3.515992462635040283e-01
5.293479561805725098e-01
-3.737739101052284241e-02
-6.421133875846862793e-01
-7.833839058876037598e-01
-1.353268384933471680e+00
-9.996192529797554016e-04
-1.189360511489212513e-03
-1.174649223685264587e-03
2.374500909354537725e-04
-1.081853639334440231e-03
