-1.036313362419605255e-02
1.608908292837440968e-03
-8.264501579105854034e-03
-2.105745859444141388e-02
-2.554476633667945862e-02
-5.392947234213352203e-03
-7.115222513675689697e-02
6.140795350074768066e-02
9.960349649190902710e-02
-1.445967257022857666e-01
-2.842566967010498047e-01
-1.015013083815574646e-01
2.670865654945373535e-01
1.125297248363494873e-01
6.725063920021057129e-02
1.735173910856246948e-02
2.251453325152397156e-02
2.118045696988701820e-03
-4.548596218228340149e-03
4.351665731519460678e-03
7.266643457114696503e-03
