4.401492886245250702e-03
3.212660318240523338e-03
-2.357786986976861954e-03
-1.253583701327443123e-03
-4.111738235224038363e-04
-9.158736211247742176e-04
-5.341250915080308914e-03
-3.297699615359306335e-03
1.696073799394071102e-03
-3.119549946859478951e-04
-3.439612453803420067e-03
8.604045433457940817e-05
-5.592949455603957176e-04
-1.321329764323309064e-04
1.561914104968309402e-03
-1.406663330271840096e-03
-1.587340375408530235e-03
1.937315217219293118e-03
-2.285571099491789937e-04
1.185533474199473858e-03
7.409910904243588448e-04
2.222333103418350220e-03
5.574208335019648075e-04
-1.847231178544461727e-03
-5.525594577193260193e-03
-8.026756346225738525e-03
1.573099056258797646e-03
2.737537957727909088e-02
5.647543072700500488e-02
7.278766483068466187e-02
7.135366648435592651e-02
-1.842084228992462158e-01
-3.131776154041290283e-01
-1.138052088208496571e-03
-6.008788011968135834e-03
-1.149004977196455002e-02
-8.472451940178871155e-03
3.236803459003567696e-03
9.921518154442310333e-03
5.113403312861919403e-03
-3.040063893422484398e-03
-1.030056085437536240e-02
-1.048958860337734222e-02
-9.049663320183753967e-03
-2.805346157401800156e-03
4.814051557332277298e-03
6.401829887181520462e-03
7.980658556334674358e-04
1.405037706717848778e-03
-1.669668359681963921e-03
-2.253075828775763512e-03
1.604642719030380249e-03
-1.983970170840620995e-03
-1.127803698182106018e-03
-2.302080974914133549e-04
4.394843708723783493e-03
3.259971505030989647e-03
3.117906744591891766e-04
-3.459673607721924782e-04
1.697500934824347496e-03
1.439332030713558197e-03
-9.253129246644675732e-05
-1.250808010809123516e-03
-1.062580617144703865e-03
7.295230752788484097e-04
