-6.782870623283088207e-04
1.975370105355978012e-04
-4.490681167226284742e-04
2.935738768428564072e-03
5.501308478415012360e-03
1.479670288972556591e-03
-6.759592797607183456e-03
-8.955379016697406769e-03
-2.170336665585637093e-03
-2.753927605226635933e-03
-2.506835153326392174e-03
-5.726934876292943954e-03
-6.913314573466777802e-03
-1.023100689053535461e-02
-7.142857182770967484e-03
8.603706955909729004e-03
5.258492007851600647e-02
1.596790403127670288e-01
-1.568890176713466644e-02
-2.004921585321426392e-01
-2.799036800861358643e-01
-3.309558033943176270e-01
-9.590416401624679565e-02
6.949141621589660645e-02
2.040986269712448120e-01
2.960408926010131836e-01
-4.884625226259231567e-02
-5.200437828898429871e-02
-1.948413848876953125e-01
-1.949874609708786011e-01
-6.603553146123886108e-02
-9.524132311344146729e-02
-8.294966816902160645e-02
1.389799118041992188e-01
-2.202244997024536133e-01
-1.277056187391281128e-01
1.681403443217277527e-02
1.705980896949768066e-01
3.130437731742858887e-01
1.952813863754272461e-01
6.908710300922393799e-02
-5.368308722972869873e-02
-1.676092147827148438e-01
-1.189035996794700623e-01
-1.377714425325393677e-01
-2.027843147516250610e-01
-8.783411979675292969e-02
-1.483280211687088013e-01
-1.014876663684844971e-01
-2.657734155654907227e-01
-2.147730439901351929e-01
-2.777605652809143066e-01
-3.428239375352859497e-02
-1.287664920091629028e-01
4.559307824820280075e-03
-4.734989779535681009e-04
-2.369861453771591187e-01
1.831647707149386406e-03
2.273557242006063461e-03
-1.325930833816528320e+00
2.055146265774965286e-03
6.047664210200309753e-04
-2.820494413375854492e+00
-1.987002091482281685e-03
-1.119177090004086494e-03
