1.378652639687061310e-03
8.791373111307621002e-03
3.977657295763492584e-03
1.893780310638248920e-03
7.269873749464750290e-04
7.488235831260681152e-03
4.683236591517925262e-03
8.661640807986259460e-03
6.949825212359428406e-03
3.512322204187512398e-03
3.610578132793307304e-03
8.366446010768413544e-03
4.836819134652614594e-03
1.832164591178297997e-03
2.929277019575238228e-03
7.536058779805898666e-03
6.176628172397613525e-03
7.208882016129791737e-04
-1.399606466293334961e-03
5.471933167427778244e-03
7.123848889023065567e-03
2.778036985546350479e-03
4.186233505606651306e-03
5.714190192520618439e-03
2.945749089121818542e-03
5.885960534214973450e-03
9.792633354663848877e-04
8.298762142658233643e-03
6.200975738465785980e-03
2.381158061325550079e-03
7.828769274055957794e-03
3.265721956267952919e-03
6.272673490457236767e-04
4.913625773042440414e-03
1.414199708960950375e-03
-1.733082812279462814e-03
3.665294789243489504e-04
1.138344872742891312e-03
-2.084123203530907631e-03
-1.037405454553663731e-03
-2.232784405350685120e-03
-5.254779011011123657e-03
-5.001569166779518127e-03
-4.439012613147497177e-03
-7.774751633405685425e-03
-7.540869060903787613e-03
-7.473734673112630844e-03
-6.726074498146772385e-03
-9.057769551873207092e-03
-7.331538014113903046e-03
-4.888049326837062836e-03
-6.043712142854928970e-03
-6.923244334757328033e-03
-6.057059857994318008e-03
-5.227503832429647446e-03
-4.001773428171873093e-03
-7.692300132475793362e-04
8.431566879153251648e-03
1.824149489402770996e-02
3.199842944741249084e-02
5.582575872540473938e-02
1.169330477714538574e-01
2.340470403432846069e-01
-2.677490115165710449e-01
-3.872149586677551270e-01
3.787167370319366455e-01
2.197800278663635254e-01
1.420389562845230103e-01
9.675752371549606323e-02
6.911662220954895020e-02
4.344173893332481384e-02
2.093328163027763367e-02
4.872286226600408554e-03
-2.915444085374474525e-03
-8.614322170615196228e-03
-1.010681688785552979e-02
-1.196128223091363907e-02
-1.211147848516702652e-02
-1.025469414889812469e-02
-5.589856766164302826e-03
-7.398196030408143997e-04
3.436864819377660751e-03
6.898680236190557480e-03
1.054238434880971909e-02
1.114208530634641647e-02
1.724866032600402832e-02
9.984330274164676666e-03
1.471364405006170273e-02
1.048470567911863327e-02
1.191782951354980469e-02
6.976513192057609558e-03
1.598628470674157143e-03
-3.949131350964307785e-03
-2.163222292438149452e-03
-4.761856514960527420e-03
-3.534538438543677330e-03
5.642028991132974625e-03
2.829932607710361481e-03
3.021280645043589175e-05
9.821237996220588684e-03
7.830181275494396687e-04
5.022652912884950638e-03
2.823364920914173126e-04
-2.410396467894315720e-03
3.819542762357741594e-04
-7.676659151911735535e-03
-7.464095018804073334e-03
-7.175117731094360352e-03
-6.909756921231746674e-03
-7.138431072235107422e-03
-3.494096221402287483e-03
-3.249471541494131088e-03
7.800254039466381073e-03
-1.590520492754876614e-03
-2.372170099988579750e-03
4.012246616184711456e-03
-6.656256038695573807e-03
7.770784664899110794e-03
2.703686943277716637e-03
1.502733677625656128e-03
1.623452757485210896e-03
9.234914556145668030e-03
-2.365103177726268768e-02
-6.544364732690155506e-04
1.183522166684269905e-03
-3.970716148614883423e-03
8.689395152032375336e-03
-1.306758169084787369e-02
-1.494201086461544037e-02
