-1.366252779960632324e+00
-2.247070521116256714e-01
-1.359697580337524414e+00
-4.929412901401519775e-01
-4.321256577968597412e-01
-2.586171925067901611e-01
3.425182104110717773e-01
6.004988551139831543e-01
2.281551510095596313e-01
9.061170816421508789e-01
-7.894051261246204376e-03
4.014839828014373779e-01
2.404771745204925537e-01
1.375557631254196167e-01
5.064319446682929993e-02
-7.606886029243469238e-01
-1.822122000157833099e-02
-4.933600425720214844e-01
-1.809632405638694763e-02
3.869466483592987061e-02
4.471872933208942413e-03
