-7.389781530946493149e-03
-1.798344030976295471e-02
-3.805744275450706482e-02
-1.781506650149822235e-02
-3.266765922307968140e-02
-2.444102056324481964e-02
-1.125620957463979721e-02
1.465030573308467865e-02
7.582101225852966309e-02
2.708793580532073975e-01
-6.517704129219055176e-01
-9.004288911819458008e-02
2.173080593347549438e-01
8.801345527172088623e-02
5.438582599163055420e-02
7.982461154460906982e-02
4.378348216414451599e-02
2.103122696280479431e-02
1.093659363687038422e-02
1.670705154538154602e-02
-1.191085902974009514e-03
