5.009392738342285156e+00
-4.800579336006194353e-04
-7.311711087822914124e-04
1.024508965201675892e-03
1.927721779793500900e-03
1.431740543011983391e-06
-6.539535243064165115e-04
2.655166899785399437e-03
2.211438026279211044e-03
1.194159121951088309e-04
1.005947589874267578e-03
2.275755861774086952e-03
4.536710679531097412e-03
9.388831444084644318e-03
1.761837280355393887e-03
-7.609151303768157959e-03
-8.589177014073356986e-05
1.431160792708396912e-02
1.614028401672840118e-02
6.686430890113115311e-03
-2.251743897795677185e-02
-2.200414799153804779e-02
-2.393438108265399933e-02
-2.553151734173297882e-02
-1.788735762238502502e-02
-1.260471940040588379e-01
-1.215800866484642029e-01
-1.446261554956436157e-01
-1.096592769026756287e-01
-1.561808139085769653e-01
-9.823463112115859985e-02
-1.235492900013923645e-01
-9.160821139812469482e-02
-5.387371405959129333e-02
-4.019304737448692322e-02
-2.365845814347267151e-02
-3.327741101384162903e-02
-5.604182928800582886e-02
-5.756991356611251831e-02
-1.264779716730117798e-01
-1.112791448831558228e-01
-9.880223870277404785e-02
-1.526055485010147095e-01
-1.679504960775375366e-01
-1.744215339422225952e-01
-1.617724746465682983e-01
-1.251576095819473267e-01
-1.595923453569412231e-01
-6.360480934381484985e-02
-1.086797714233398438e-01
1.019708439707756042e-02
-8.769258856773376465e-03
7.824035733938217163e-02
5.690966174006462097e-02
1.018189489841461182e-01
5.668585374951362610e-02
4.504950717091560364e-02
-1.284780167043209076e-02
-2.255978435277938843e-02
-3.463179618120193481e-02
1.666193827986717224e-02
7.767127454280853271e-02
1.243344843387603760e-01
1.372893601655960083e-01
1.088633760809898376e-01
3.520786017179489136e-02
-6.737008690834045410e-02
-2.946052700281143188e-02
-4.215116426348686218e-02
8.406145125627517700e-02
1.430580914020538330e-01
1.706762015819549561e-01
1.750953048467636108e-01
1.035413220524787903e-01
8.473885059356689453e-02
-3.384101018309593201e-02
-3.676798194646835327e-02
-1.396928578615188599e-01
-9.447718411684036255e-02
-1.032422408461570740e-01
-1.323456224054098129e-02
7.537505775690078735e-02
1.416000127792358398e-01
2.959571480751037598e-01
2.926465570926666260e-01
4.305384159088134766e-01
3.196735978126525879e-01
3.616307973861694336e-01
1.659191697835922241e-01
5.471122637391090393e-02
-2.478151768445968628e-02
-9.949385374784469604e-02
-3.855492174625396729e-01
-1.200022622942924500e-01
-3.043988347053527832e-01
-6.725567579269409180e-02
-8.524561300873756409e-03
-6.989269983023405075e-03
1.595374345779418945e-01
1.385861337184906006e-01
1.522107273340225220e-01
-1.967020705342292786e-02
-4.715381190180778503e-02
-7.502220571041107178e-02
-9.191961959004402161e-03
4.081438761204481125e-03
-4.010364413261413574e-03
-2.893553487956523895e-02
-2.725526876747608185e-02
-1.497631054371595383e-02
-9.303144179284572601e-03
-2.452455647289752960e-02
-2.164907939732074738e-02
-7.560666184872388840e-03
-5.893569905310869217e-03
-4.681705497205257416e-03
-4.407512897159904242e-04
-1.146338414400815964e-03
1.771030365489423275e-04
-2.776677953079342842e-03
-3.644274780526757240e-03
-2.422354882583022118e-03
-1.616017194464802742e-03
-1.669036108069121838e-03
4.659290134441107512e-04
5.058288807049393654e-04
-6.563976057805120945e-04
-1.807967084459960461e-03
-1.751294475980103016e-03
