-4.885715246200561523e-01
-6.593515872955322266e-01
-5.776161551475524902e-01
-1.067729234695434570e+00
3.585986793041229248e-01
-1.117398262023925781e+00
4.594561457633972168e-01
1.580018252134323120e-01
1.330682396888732910e+00
-2.400650680065155029e-01
1.341183543205261230e+00
-9.820254147052764893e-02
1.514030694961547852e+00
-2.677715122699737549e-01
8.741708397865295410e-01
-3.300763666629791260e-01
7.641462683677673340e-01
5.052276700735092163e-02
-1.546178460121154785e-01
1.309798192232847214e-02
1.155946590006351471e-02
