-7.355377543717622757e-03
-6.201674230396747589e-03
-1.531797647476196289e-02
-2.716027759015560150e-02
-3.148493170738220215e-02
-5.075193196535110474e-02
-1.113947853446006775e-01
-1.143633946776390076e-01
-2.518735826015472412e-01
5.969286561012268066e-01
-1.681891828775405884e-01
-2.957426011562347412e-01
9.728329256176948547e-03
9.043649584054946899e-02
3.047949820756912231e-02
1.165647245943546295e-02
-7.342810742557048798e-03
-9.759818203747272491e-03
1.052309176884591579e-03
7.270090864039957523e-04
6.864197552204132080e-03
