9.118374437093734741e-04
1.856990507803857327e-03
6.663640378974378109e-04
1.153307151980698109e-03
-2.584372414276003838e-04
4.634800716303288937e-04
-2.942935097962617874e-04
-5.194572266191244125e-03
-1.887627877295017242e-02
1.082296576350927353e-02
2.008891105651855469e-01
7.413823157548904419e-02
2.299111150205135345e-02
-1.330913156270980835e-01
-2.017763108015060425e-01
4.133249223232269287e-01
6.081401370465755463e-03
-4.691330790519714355e-01
-2.853112518787384033e-01
4.039104878902435303e-01
1.043445542454719543e-01
5.776223912835121155e-02
7.752932142466306686e-04
-2.453834004700183868e-02
-5.392227172851562500e-01
3.166725160554051399e-03
-1.073598623275756836e+00
-3.113590717315673828e+00
1.546270563267171383e-03
2.888210350647568703e-03
2.039992483332753181e-03
1.483998843468725681e-03
1.552948378957808018e-03
