1.080099027603864670e-02
1.066707540303468704e-02
1.856831833720207214e-02
-3.040538635104894638e-03
1.589789520949125290e-03
-3.541963640600442886e-03
-1.995994150638580322e-02
-2.598529122769832611e-02
-1.430309750139713287e-02
6.597362924367189407e-03
3.613307373598217964e-03
-4.216520115733146667e-02
-8.149728924036026001e-02
-6.957674771547317505e-02
3.355955332517623901e-02
6.128419041633605957e-01
-1.215280070900917053e-01
-1.162011325359344482e-01
-3.151014074683189392e-02
-1.286985911428928375e-02
1.059858687222003937e-02
3.802730515599250793e-02
3.637446835637092590e-02
1.922628283500671387e-02
3.067475976422429085e-03
7.176898419857025146e-03
5.386214703321456909e-03
1.182825583964586258e-02
-2.947292523458600044e-03
1.494219526648521423e-03
1.133944746106863022e-02
7.633647881448268890e-03
-3.684154478833079338e-03
