-2.723072888329625130e-03
-4.694403149187564850e-03
4.788313817698508501e-04
1.615445013158023357e-03
1.736752688884735107e-03
-3.101265290752053261e-03
-2.791830338537693024e-03
-8.475538343191146851e-04
-8.361233770847320557e-02
-1.764830958563834429e-04
1.502043008804321289e-01
-1.939331647008657455e-03
-9.129599481821060181e-02
-3.418887853622436523e-01
1.615540534257888794e-01
4.400334060192108154e-01
-5.967358350753784180e-01
1.313643008470535278e-01
1.676156930625438690e-02
-3.005342185497283936e-01
-1.983860135078430176e-01
2.111019007861614227e-02
2.827900052070617676e-01
6.415076851844787598e-01
2.117957454174757004e-03
-6.342436671257019043e-01
2.311247168108820915e-03
-3.535326480865478516e+00
2.669157925993204117e-03
3.703625407069921494e-04
5.062652053311467171e-04
4.017928149551153183e-04
1.032081316225230694e-03
