1.567377090454101562e+00
-4.628653987310826778e-04
-8.466447470709681511e-04
-1.040822127833962440e-03
3.824151353910565376e-04
3.999933251179754734e-04
-2.966659069061279297e-01
-1.536221146583557129e+00
-5.672340989112854004e-01
-7.614813279360532761e-03
1.013524055480957031e+00
2.368336021900177002e-01
-3.417556285858154297e-01
-1.240620687603950500e-01
1.817324608564376831e-01
4.145462438464164734e-02
-1.202876865863800049e-01
-1.540562510490417480e-01
-1.406751871109008789e-01
-2.411353215575218201e-02
-7.407364249229431152e-02
2.854856848716735840e-01
1.585907489061355591e-01
2.629893124103546143e-01
4.344115257263183594e-01
5.520910024642944336e-03
1.040585804730653763e-02
4.391222260892391205e-03
1.327144214883446693e-03
1.283338526263833046e-03
9.231996955350041389e-04
-1.290422747842967510e-03
-2.665982348844408989e-03
