-2.796267747879028320e+00
-2.541789054870605469e+00
-2.670575857162475586e+00
-2.230020046234130859e+00
-2.236199378967285156e+00
-1.858629584312438965e+00
-1.602843046188354492e+00
-1.659804701805114746e+00
-1.629971861839294434e+00
-7.805396318435668945e-01
-6.353295445442199707e-01
-6.163673996925354004e-01
1.650188863277435303e-01
-4.280985146760940552e-02
6.705283373594284058e-02
-3.460190594196319580e-01
7.299680262804031372e-02
-7.377759367227554321e-02
-1.766827702522277832e-01
-1.894928067922592163e-01
-2.725503146648406982e-01
4.250055924057960510e-02
-4.667670726776123047e-01
2.477691769599914551e-01
2.916265130043029785e-01
-1.758189499378204346e-01
-1.390318125486373901e-01
3.713383153080940247e-02
-4.185021519660949707e-01
-2.017369121313095093e-01
-1.725277453660964966e-01
2.139833122491836548e-01
1.431705802679061890e-02
