7.916484959423542023e-03
5.132708232849836349e-03
8.785497630015015602e-04
5.350058432668447495e-03
2.487121615558862686e-03
-4.453229776117950678e-04
4.107738379389047623e-03
1.247527310624718666e-03
1.766494387993589044e-04
3.386420896276831627e-03
-2.291590790264308453e-04
6.634095334447920322e-04
4.989553708583116531e-03
7.724268361926078796e-03
8.666942012496292591e-04
6.326129660010337830e-04
4.872572142630815506e-03
9.738781955093145370e-04
-1.424293965101242065e-03
3.495559561997652054e-03
2.038778271526098251e-03
-4.579107553581707180e-05
-4.812433908227831125e-04
2.030387055128812790e-03
-4.320637788623571396e-03
1.909446553327143192e-03
3.830422181636095047e-03
7.753468817099928856e-04
3.457295009866356850e-03
2.919993130490183830e-03
-1.159022096544504166e-03
-1.254735281690955162e-03
3.299472155049443245e-03
-3.347690508235245943e-04
-4.190106410533189774e-04
3.123566741123795509e-03
4.088449059054255486e-04
2.810662146657705307e-03
1.411537174135446548e-03
-7.673209620406851172e-05
-2.882439643144607544e-03
-1.526216976344585419e-03
-3.691322403028607368e-03
-4.486025776714086533e-03
-1.725791487842798233e-03
-3.659022971987724304e-03
-2.972166286781430244e-03
-5.576810217462480068e-04
-1.173505210317671299e-03
3.012914909049868584e-03
5.789818707853555679e-03
8.020489476621150970e-03
7.898749783635139465e-03
8.616033941507339478e-03
1.356427324935793877e-03
-5.587874446064233780e-03
-1.460216287523508072e-02
-2.353399805724620819e-02
-3.469487279653549194e-02
-4.772401601076126099e-02
-6.059793382883071899e-02
-7.826507091522216797e-02
-1.109901145100593567e-01
4.065825939178466797e-01
4.264906346797943115e-01
-8.521211147308349609e-02
-4.803542420268058777e-02
-1.535100862383842468e-02
1.604265300557017326e-03
1.111762784421443939e-02
1.320300996303558350e-02
1.471187174320220947e-02
7.682717870920896530e-03
3.124917857348918915e-03
2.052251482382416725e-03
-1.923957024700939655e-03
-2.518249209970235825e-03
-3.050852974411100149e-04
-2.253326354548335075e-03
7.945188554003834724e-04
4.770020022988319397e-04
2.021584426984190941e-03
-5.474814679473638535e-04
1.744029810652136803e-03
-9.663361561251804233e-05
2.085121581330895424e-03
6.570407422259449959e-04
1.296932925470173359e-03
1.113643520511686802e-03
1.004594960249960423e-03
1.268560066819190979e-03
2.951574744656682014e-03
-1.094127306714653969e-03
-2.451697073411196470e-04
-9.330134489573538303e-04
1.943135168403387070e-03
1.884713419713079929e-03
-2.019398380070924759e-05
2.180997747927904129e-03
-1.476431963965296745e-03
2.305866451933979988e-03
-6.281466630753129721e-05
-9.246987756341695786e-04
-2.183645730838179588e-03
-1.215055352076888084e-03
-4.892917349934577942e-03
2.904834109358489513e-04
1.966524403542280197e-03
-2.788590500131249428e-03
2.321908948943018913e-03
-5.069114649813855067e-06
-3.907061181962490082e-03
2.979460172355175018e-03
1.068289158865809441e-03
-8.939472609199583530e-04
1.499063335359096527e-03
1.192894764244556427e-03
8.883706177584826946e-04
-9.664914250606670976e-05
-9.268461726605892181e-03
1.377065782435238361e-03
4.961957223713397980e-03
-1.093224855139851570e-04
-8.580697467550635338e-04
1.097863190807402134e-03
1.607807003892958164e-03
-1.677174237556755543e-03
1.778697711415588856e-03
3.171150339767336845e-03
