2.999359741806983948e-03
-6.306981667876243591e-04
-7.692458108067512512e-03
4.081067163497209549e-03
8.740595076233148575e-04
-2.251611789688467979e-03
-2.789435675367712975e-04
-2.845357870683073997e-03
1.073097996413707733e-02
2.052256837487220764e-03
-1.649761921726167202e-03
1.421500230208039284e-03
-3.487939480692148209e-03
-5.135757965035736561e-04
4.770552739500999451e-03
3.016417846083641052e-03
1.755791832692921162e-03
-4.270714707672595978e-03
2.830059500411152840e-03
-3.850596025586128235e-03
-9.850313654169440269e-04
-2.224839990958571434e-03
2.934423973783850670e-03
5.469483323395252228e-03
-3.366217788425274193e-05
8.326961658895015717e-03
6.487872917205095291e-03
-1.542890677228569984e-03
-4.595821083057671785e-04
3.624236560426652431e-04
-1.451730960980057716e-03
6.913141813129186630e-03
2.898372011259198189e-03
5.906141828745603561e-03
-1.395146973663941026e-04
3.082077950239181519e-03
4.123714286834001541e-03
-9.804643923416733742e-04
1.685939379967749119e-03
-5.141665693372488022e-03
2.722120610997080803e-03
-9.125538635998964310e-04
-5.085988435894250870e-03
2.659508318174630404e-04
-3.114628605544567108e-03
3.683039918541908264e-03
-2.024254761636257172e-03
8.111516945064067841e-03
-2.929718932136893272e-03
6.012255325913429260e-03
3.154578851535916328e-03
6.243512965738773346e-03
8.655994199216365814e-03
7.650044281035661697e-03
2.856199163943529129e-03
-1.306050689890980721e-03
-7.835678756237030029e-03
-9.686441160738468170e-03
-8.999863639473915100e-03
-9.394640102982521057e-03
-9.293030947446823120e-03
-2.004813589155673981e-02
-4.372787475585937500e-02
3.230551779270172119e-01
4.969583749771118164e-01
-1.517170965671539307e-01
-1.016034111380577087e-01
-6.210162863135337830e-02
-3.494326025247573853e-02
-1.833391748368740082e-02
-6.409514229744672775e-03
1.811518101021647453e-03
2.622980158776044846e-03
6.717403884977102280e-04
-3.004987491294741631e-03
3.783631138503551483e-03
1.360218302579596639e-04
-1.873561064712703228e-03
-1.648346427828073502e-03
-2.620550803840160370e-03
7.369918748736381531e-04
-3.682898124679923058e-03
-1.555350143462419510e-03
4.454611189430579543e-05
-4.313534125685691833e-03
-2.671746537089347839e-03
2.922555431723594666e-03
7.312661036849021912e-04
3.798294346779584885e-03
5.753809236921370029e-04
-3.760333172976970673e-03
-8.446403080597519875e-05
3.088736208155751228e-03
5.343934055417776108e-03
-1.930524478666484356e-03
-3.756779944524168968e-03
2.991368295624852180e-03
-3.152179124299436808e-04
-7.129929144866764545e-04
-3.033564426004886627e-03
-2.425889018923044205e-03
5.116989836096763611e-03
-1.242383499629795551e-03
-3.191007766872644424e-03
2.180397976189851761e-03
-5.685306387022137642e-04
-3.663843730464577675e-03
-1.843078411184251308e-03
4.199242219328880310e-03
-1.501428079791367054e-03
-2.238333399873226881e-04
4.054413875564932823e-04
-4.357905592769384384e-03
1.787366112694144249e-03
-1.065133954398334026e-03
-2.617943799123167992e-03
-8.655813522636890411e-03
6.247227545827627182e-03
-6.124318460933864117e-04
1.222672173753380775e-03
-1.536930212751030922e-03
-8.408939465880393982e-03
-4.860144574195146561e-03
5.411706864833831787e-03
2.159312134608626366e-03
-2.831476042047142982e-03
6.554186809808015823e-03
-1.069298014044761658e-04
-4.217317793518304825e-03
