1.626045908778905869e-03
3.030919237062335014e-03
2.037302823737263680e-03
2.713919093366712332e-04
3.334756374359130859e+00
-1.483679632656276226e-03
9.463580250740051270e-01
4.223334491252899170e-01
1.394503116607666016e-01
8.460271358489990234e-02
-2.010501474142074585e-01
-1.889714151620864868e-01
-4.338241368532180786e-02
-5.090161040425300598e-02
3.855418562889099121e-01
5.819781497120857239e-02
-1.170830056071281433e-01
1.610548198223114014e-01
2.718636691570281982e-01
-4.082617461681365967e-01
-3.049402832984924316e-01
-1.879180818796157837e-01
3.190543651580810547e-01
4.316260516643524170e-01
-6.056633312255144119e-03
-1.168561205267906189e-01
-8.766871877014636993e-03
-3.904409240931272507e-03
4.357738420367240906e-03
2.030133735388517380e-03
-4.762524622492492199e-04
1.087523050955496728e-04
-6.204305100254714489e-04
