-2.480337163433432579e-03
-5.527658388018608093e-03
2.381410216912627220e-03
-2.027865732088685036e-03
6.168967112898826599e-03
4.191847518086433411e-03
-3.655717009678483009e-03
7.445659721270203590e-04
-5.628197686746716499e-04
1.206389395520091057e-03
-2.566211856901645660e-03
1.423832494765520096e-03
-4.777767229825258255e-03
2.505898009985685349e-03
8.552778162993490696e-04
-9.845022577792406082e-04
-1.412133802659809589e-03
-2.900667313951998949e-04
1.656213309615850449e-03
3.985241055488586426e-03
2.800200134515762329e-03
6.128186825662851334e-03
-2.256524283438920975e-03
-6.839949171990156174e-03
-8.865079842507839203e-03
-8.991239592432975769e-03
7.166265277191996574e-04
2.543108724057674408e-02
5.720677226781845093e-02
7.392226904630661011e-02
6.745199114084243774e-02
-2.302215397357940674e-01
-2.905951738357543945e-01
-1.050477288663387299e-02
-9.450458921492099762e-03
1.329087186604738235e-03
5.623262841254472733e-03
2.944579115137457848e-03
-1.655752770602703094e-03
-1.034737378358840942e-02
-1.077070552855730057e-02
-4.736074246466159821e-03
4.757136048283427954e-04
2.812303602695465088e-03
1.879010465927422047e-03
-1.559809781610965729e-03
-4.979328368790447712e-04
-1.413477933965623379e-03
-3.140516346320509911e-03
3.753937315195798874e-03
5.116692744195461273e-03
7.111782673746347427e-03
-3.150643780827522278e-03
-4.771143198013305664e-03
-6.211696658283472061e-03
-1.623860560357570648e-03
-7.505253307726889034e-08
1.786132575944066048e-03
-4.205931909382343292e-03
2.779783913865685463e-03
-1.492446404881775379e-03
4.411726258695125580e-03
2.498920308426022530e-03
-4.538804350886493921e-04
-2.755903871729969978e-03
