2.115382432937622070e+00
4.048131086165085435e-05
7.365446072071790695e-04
8.446611464023590088e-04
8.471533510601148009e-05
6.789087317883968353e-03
-7.210846990346908569e-02
-1.545996785163879395e+00
-4.549378454685211182e-01
1.987747102975845337e-02
9.970238804817199707e-01
2.265071570873260498e-01
-3.427622616291046143e-01
-1.402773112058639526e-01
1.962208896875381470e-01
4.217831790447235107e-02
-1.281562298536300659e-01
-1.584948897361755371e-01
-1.359207481145858765e-01
5.863758269697427750e-04
-2.016419917345046997e-02
2.744436264038085938e-01
1.544789969921112061e-01
2.127646058797836304e-01
3.147777318954467773e-01
-5.520589649677276611e-03
7.328975945711135864e-03
1.640417263843119144e-03
-5.529676564037799835e-03
3.849697066470980644e-03
3.390735946595668793e-03
1.193238771520555019e-03
3.464166307821869850e-03
