-1.332146406173706055e+00
-7.263603806495666504e-02
-9.590426087379455566e-01
-5.666437745094299316e-01
-8.851566314697265625e-01
-5.791129469871520996e-01
-3.347585201263427734e-01
-4.589365422725677490e-01
-2.170906513929367065e-01
-1.120355650782585144e-01
-2.898197174072265625e-01
-1.560720652341842651e-01
4.033652320504188538e-02
-1.572485566139221191e-01
-9.240756928920745850e-02
-8.830430507659912109e-01
-1.098751351237297058e-01
-5.048847794532775879e-01
-6.453374773263931274e-02
2.785329148173332214e-02
-5.735493265092372894e-03
