5.212277173995971680e-04
9.083010954782366753e-04
2.682756632566452026e-03
3.779377788305282593e-03
6.975702854106202722e-05
3.660192945972084999e-03
-6.246011471375823021e-04
-8.860602974891662598e-04
7.515834877267479897e-04
7.164033740991726518e-05
-1.988339237868785858e-03
-1.890150364488363266e-03
-6.621822831220924854e-04
-1.603463548235595226e-03
1.878883631434291601e-04
-1.304678386077284813e-03
-3.449071955401450396e-04
-1.164369285106658936e-03
-9.752163314260542393e-04
-1.157386810518801212e-03
-4.910692587145604193e-05
-8.569193887524306774e-04
8.344808011315762997e-04
-1.568150008097290993e-03
7.181679247878491879e-04
-1.468257978558540344e-04
-1.401679357513785362e-03
-5.085092852823436260e-04
-2.771122672129422426e-04
1.928167621372267604e-04
6.809516926296055317e-04
1.236370182596147060e-03
8.221846655942499638e-04
7.492118747904896736e-04
1.693497033556923270e-04
-6.099956954130902886e-05
4.193710046820342541e-04
2.153848065063357353e-03
1.546635903650894761e-04
1.433910452760756016e-03
2.360367216169834137e-03
1.587483449839055538e-03
2.190805040299892426e-03
1.325592398643493652e-03
1.676156069152057171e-03
1.330567291006445885e-03
1.903360243886709213e-04
1.873416127637028694e-03
1.811371417716145515e-03
1.729413866996765137e-03
2.205003285780549049e-03
1.255520735867321491e-03
3.624751232564449310e-03
3.806275315582752228e-03
7.788084447383880615e-03
8.204056881368160248e-03
9.677994996309280396e-03
1.262071076780557632e-02
1.857888698577880859e-02
2.656145393848419189e-02
4.474121704697608948e-02
8.205938339233398438e-02
1.576329320669174194e-01
-5.503803491592407227e-01
-4.505739510059356689e-01
2.787808515131473541e-02
2.987233735620975494e-02
1.746693998575210571e-02
1.236957777291536331e-02
6.386599503457546234e-03
6.228476413525640965e-04
-3.001281991600990295e-03
-4.811307415366172791e-03
-5.581720732152462006e-03
-5.212856922298669815e-03
-5.038687493652105331e-03
-3.842425532639026642e-03
-1.776844728738069534e-03
-1.497401040978729725e-03
-2.363309497013688087e-03
-1.962922106031328440e-04
-9.609658154658973217e-04
-1.847388339228928089e-03
-5.172535311430692673e-04
-2.828972355928272009e-04
-9.112504194490611553e-04
-7.122455281205475330e-04
-6.003572489134967327e-04
-9.470427175983786583e-04
-6.438314449042081833e-04
-1.533201895654201508e-03
-7.842932245694100857e-04
-1.729572424665093422e-03
3.884759207721799612e-04
4.457594477571547031e-04
6.533773557748645544e-05
5.490464391186833382e-04
8.387709967792034149e-04
6.808983744122087955e-04
1.407294330419972539e-04
1.728105358779430389e-03
1.025837729685008526e-03
1.486595720052719116e-03
1.517172204330563545e-03
8.449849556200206280e-04
-2.854619524441659451e-04
9.502334287390112877e-04
4.050173156429082155e-04
5.440021050162613392e-04
7.150885649025440216e-04
6.257725181058049202e-04
-1.344781718216836452e-03
-2.253935963381081820e-04
6.295633502304553986e-04
2.349021378904581070e-03
1.580591313540935516e-03
1.788015826605260372e-03
-1.130816759541630745e-03
7.167806033976376057e-04
1.723792869597673416e-03
-2.563573943916708231e-04
-2.154580084607005119e-03
-8.091903873719274998e-04
-2.326147165149450302e-03
-1.814489020034670830e-03
-1.963140442967414856e-03
-4.866425879299640656e-03
-1.056898571550846100e-02
-2.501547103747725487e-03
