1.067284261807799339e-03
1.048192963935434818e-03
1.255151699297130108e-03
3.588880179449915886e-03
-1.296396136283874512e+00
1.116372585296630859e+00
2.231705468147993088e-03
-1.534256339073181152e-01
-8.195833861827850342e-02
2.516775429248809814e-01
-3.841970860958099365e-02
-5.078095197677612305e-01
7.929818332195281982e-02
9.516698718070983887e-01
-5.783748347312211990e-03
-2.005893945693969727e+00
-1.465943455696105957e-01
6.074490956962108612e-03
-1.180984196253120899e-03
-5.751842400059103966e-04
6.009772914694622159e-05
