1.616584539413452148e+00
4.014369565993547440e-03
4.031030926853418350e-03
1.052947365678846836e-03
3.708033356815576553e-03
-9.113200576393865049e-06
-1.055641449056565762e-03
6.460527656599879265e-04
2.292287303134799004e-03
4.725247621536254883e-03
1.065554656088352203e-02
4.514336585998535156e-03
4.927210509777069092e-03
9.502843953669071198e-03
1.014775875955820084e-02
1.017095614224672318e-02
1.064729876816272736e-02
7.777381688356399536e-03
1.081205904483795166e-02
2.852175151929259300e-03
9.791550692170858383e-04
5.102156475186347961e-02
-3.782294224947690964e-03
7.395281642675399780e-02
5.793692171573638916e-02
3.578171879053115845e-02
1.876972764730453491e-01
2.257079035043716431e-01
1.342143118381500244e-01
2.848038673400878906e-01
1.445370614528656006e-01
3.268899619579315186e-01
2.290349155664443970e-01
1.841811239719390869e-01
2.124733328819274902e-01
1.831791847944259644e-01
7.651728391647338867e-02
1.592714041471481323e-01
1.419266845914535224e-05
1.717352494597434998e-02
-9.116929769515991211e-02
-7.137733697891235352e-02
-8.519081026315689087e-02
-1.651351004838943481e-01
-1.476942896842956543e-01
-1.550348401069641113e-01
-1.115617752075195312e-01
-1.446483731269836426e-01
-8.888391405344009399e-02
-1.031543388962745667e-01
5.376661429181694984e-04
-1.289795786142349243e-01
1.143269315361976624e-01
-4.177232459187507629e-02
7.968188077211380005e-02
1.330448389053344727e-01
6.672035902738571167e-02
-4.411099944263696671e-03
1.830058358609676361e-02
-7.444494962692260742e-02
-5.245402827858924866e-02
3.327547386288642883e-02
1.249869838356971741e-01
2.197537720203399658e-01
1.581158190965652466e-01
1.735051721334457397e-02
-1.124369800090789795e-01
-4.859091341495513916e-02
-3.037914633750915527e-02
1.468324214220046997e-01
2.365757822990417480e-01
1.675009131431579590e-01
1.144273951649665833e-01
5.707139521837234497e-02
8.472811430692672729e-02
2.388071734458208084e-03
-3.180798143148422241e-03
-1.102962568402290344e-01
5.452211201190948486e-02
-6.726835668087005615e-02
6.213137879967689514e-02
2.852656841278076172e-01
3.108472228050231934e-01
4.003605544567108154e-01
4.024928808212280273e-01
5.445669889450073242e-01
2.969157397747039795e-01
3.944074511528015137e-01
1.851361542940139771e-01
3.407825902104377747e-02
5.921320989727973938e-02
-3.551147133111953735e-02
-1.586985141038894653e-01
-1.296934634447097778e-01
-1.088020503520965576e-01
-8.934573829174041748e-02
-1.070641577243804932e-01
9.022558107972145081e-03
7.780989166349172592e-03
5.251083988696336746e-03
1.867054700851440430e-01
8.344168774783611298e-03
8.167097717523574829e-02
8.383162319660186768e-02
7.338302582502365112e-02
5.098852794617414474e-03
2.117591202259063721e-01
1.154394075274467468e-01
6.133785471320152283e-03
1.408766806125640869e-01
5.138661712408065796e-03
6.254273653030395508e-01
7.272896822541952133e-03
7.188830990344285965e-03
6.616826057434082031e-01
5.676160100847482681e-03
9.501677937805652618e-03
6.791745126247406006e-02
3.874436020851135254e-01
-1.368779630865901709e-04
1.238454715348780155e-03
-6.411506183212623000e-05
-5.043630371801555157e-04
-3.118849999736994505e-04
6.150640547275543213e-04
6.710766465403139591e-04
1.759801758453249931e-03
4.295000340789556503e-03
2.794586122035980225e-03
