3.762479871511459351e-03
2.713485853746533394e-03
3.515180433169007301e-03
2.370924688875675201e-03
9.867264889180660248e-04
3.913933760486543179e-04
1.513482537120580673e-03
1.477724174037575722e-03
2.185571007430553436e-03
-1.613575220108032227e+00
3.576418850570917130e-03
-5.363668203353881836e-01
-1.103503745980560780e-03
-2.554361009970307350e-03
-2.240295521914958954e-03
-6.207068562507629395e-01
9.304875507950782776e-03
-5.077220201492309570e-01
-1.315206172876060009e-03
-7.195651065558195114e-03
-8.364669047296047211e-04
-3.005080856382846832e-03
1.259980723261833191e-03
4.778608679771423340e-03
3.948480356484651566e-03
5.384304095059633255e-04
5.930471234023571014e-04
-6.170840060804039240e-05
-2.471162937581539154e-03
-4.536912962794303894e-02
-7.319916971027851105e-03
-2.201150804758071899e-01
-1.694937795400619507e-01
-1.029311716556549072e-01
-7.383388280868530273e-02
-8.041402697563171387e-02
-1.977253258228302002e-01
-1.714302971959114075e-02
-2.813862860202789307e-01
7.939320988953113556e-03
-9.703613817691802979e-02
-1.296107918024063110e-01
-1.392422467470169067e-01
-2.657590061426162720e-02
-1.837935149669647217e-01
-3.428679704666137695e-02
-6.759686022996902466e-02
1.121817901730537415e-01
1.190365552902221680e-01
2.402885854244232178e-01
2.278365343809127808e-01
3.140491843223571777e-01
2.394232302904129028e-01
1.964831054210662842e-01
3.449863567948341370e-02
-9.669312834739685059e-02
-1.204116940498352051e-01
-3.265249431133270264e-01
-1.288597136735916138e-01
8.416465483605861664e-03
2.821870520710945129e-02
8.453541994094848633e-02
8.819097280502319336e-02
-3.399328142404556274e-02
6.437616050243377686e-02
-2.080381810665130615e-01
-1.118043065071105957e-01
-1.991510093212127686e-01
-5.654071271419525146e-02
-1.182626783847808838e-01
-1.043744198977947235e-02
-5.862390622496604919e-03
-6.153756286948919296e-03
-7.938203215599060059e-02
-1.721012890338897705e-01
-9.612391889095306396e-02
-1.789277493953704834e-01
-1.350476443767547607e-01
-1.354673355817794800e-01
-7.729771733283996582e-02
-2.141121476888656616e-01
-5.886798724532127380e-02
-1.989534795284271240e-01
-1.947616934776306152e-01
-1.822848916053771973e-01
-2.591880559921264648e-01
-2.096366733312606812e-01
-2.292245626449584961e-01
-2.276425063610076904e-01
-1.536414921283721924e-01
-1.121462658047676086e-01
-4.353163763880729675e-02
-1.290392130613327026e-01
3.371630981564521790e-02
-5.925910919904708862e-02
-2.641217783093452454e-02
2.944948710501194000e-02
1.039408892393112183e-02
7.997835986316204071e-03
2.179262973368167877e-02
-2.157534239813685417e-03
-3.770739585161209106e-02
-7.198349107056856155e-03
-3.010106272995471954e-03
-3.676948253996670246e-04
6.759813986718654633e-04
5.436516366899013519e-04
-4.608674498740583658e-04
1.690861885435879230e-03
3.483966691419482231e-03
4.169004969298839569e-03
1.467777183279395103e-03
-2.030198927968740463e-03
2.749052364379167557e-04
-2.762665098998695612e-04
-3.928035497665405273e-02
-1.883199089206755161e-03
-2.786918776109814644e-03
-2.080664969980716705e-03
-4.782915115356445312e-01
-2.991650835610926151e-04
3.761936968658119440e-04
3.008668718393892050e-04
7.887716637924313545e-04
-1.016808271408081055e+00
4.010520933661609888e-05
-8.211740641854703426e-04
-7.543956744484603405e-04
2.279960317537188530e-04
