2.292909892275929451e-03
8.728657267056405544e-04
5.515484213829040527e-01
7.814537882804870605e-01
4.840834140777587891e-01
-1.305377185344696045e-01
-3.708143532276153564e-01
1.017813682556152344e-01
7.015790790319442749e-03
-4.262013435363769531e-01
1.805553734302520752e-01
-1.075856164097785950e-01
9.398510679602622986e-03
1.243819762021303177e-02
2.645440399646759033e-01
4.456311464309692383e-01
2.529472578316926956e-03
-1.507571190595626831e-01
-1.303098797798156738e-01
-5.579610355198383331e-03
-4.472720436751842499e-03
