-1.311115483986213803e-04
5.077721551060676575e-03
4.271523561328649521e-03
2.353717107325792313e-03
-5.238988902419805527e-03
-7.383570773527026176e-04
-8.765505044721066952e-04
2.183552598580718040e-03
-5.239988211542367935e-03
9.185027447529137135e-04
-2.399959834292531013e-03
2.705479273572564125e-03
1.412740559317171574e-03
-5.690078251063823700e-04
-1.414475555066019297e-04
-5.192413937038509175e-06
-1.334778964519500732e-03
9.890518849715590477e-04
1.658856752328574657e-03
1.013732166029512882e-03
-1.313089858740568161e-03
3.043334465473890305e-03
-7.486198446713387966e-04
-1.540587632916867733e-03
-7.370016537606716156e-03
-7.140870671719312668e-03
5.032678018324077129e-04
2.745481953024864197e-02
5.666122958064079285e-02
7.335282862186431885e-02
6.986911594867706299e-02
-1.889266669750213623e-01
-3.214494884014129639e-01
3.641748800873756409e-03
-5.803492385894060135e-03
-1.214218791574239731e-02
-6.991582922637462616e-03
3.567153820767998695e-03
8.812172338366508484e-03
3.611344611272215843e-03
-3.800037316977977753e-03
-9.130249731242656708e-03
-6.272202823311090469e-03
-9.631192311644554138e-03
-1.636208500713109970e-03
7.298573851585388184e-03
-3.750639734789729118e-04
3.422535723075270653e-03
-3.980295150540769100e-04
2.730714390054345131e-03
-2.395948162302374840e-03
5.105946329422295094e-04
-2.343508182093501091e-03
-2.735788235440850258e-03
2.980093006044626236e-03
-4.249873571097850800e-03
8.383654057979583740e-04
5.673050414770841599e-03
1.616615685634315014e-03
-4.541995003819465637e-03
1.800676342099905014e-03
-4.691113252192735672e-03
1.210782575071789324e-04
9.444284369237720966e-04
5.393670871853828430e-03
