-1.394798159599304199e+00
-4.631238430738449097e-02
-1.163275003433227539e+00
-4.546394646167755127e-01
-6.192186474800109863e-01
-3.740772008895874023e-01
2.018792927265167236e-01
8.938798308372497559e-02
1.047611758112907410e-01
4.115377366542816162e-01
-1.216599345207214355e-01
8.081892132759094238e-02
1.348048895597457886e-01
-9.902124851942062378e-02
-4.317298159003257751e-02
-9.246545433998107910e-01
-9.506516158580780029e-02
-5.893017053604125977e-01
-7.433664798736572266e-02
-8.995805867016315460e-03
-3.013245016336441040e-02
