1.724785775877535343e-03
1.388928107917308807e-02
-4.278908018022775650e-03
-4.573020269162952900e-04
1.991578610613942146e-03
1.719305850565433502e-02
1.394029799848794937e-02
-3.932136576622724533e-03
-1.303805503994226456e-02
-8.126100525259971619e-03
1.542920432984828949e-02
1.393559481948614120e-02
-5.177136044949293137e-03
1.116952951997518539e-02
1.278733182698488235e-02
3.372040390968322754e-01
1.764360815286636353e-01
2.687225677073001862e-02
3.093555383384227753e-02
3.055982664227485657e-02
2.637915126979351044e-02
2.343253977596759796e-02
2.092381939291954041e-02
1.274284813553094864e-02
1.678824611008167267e-02
3.593692090362310410e-03
6.625927519053220749e-03
-8.178307674825191498e-03
-9.693146683275699615e-03
-7.539819460362195969e-03
-2.297454979270696640e-03
-9.512492455542087555e-03
5.588176660239696503e-03
