-4.678456112742424011e-03
-9.284884668886661530e-03
3.021809272468090057e-03
1.749639515765011311e-03
2.333456883206963539e-03
-6.218788912519812584e-04
9.449174627661705017e-03
2.265989966690540314e-02
2.420487068593502045e-02
1.673378981649875641e-02
2.257660962641239166e-03
1.799204619601368904e-04
-2.976017131004482508e-04
2.651524730026721954e-03
1.508446224033832550e-02
3.596482872962951660e-01
-3.977189585566520691e-02
-8.071217685937881470e-02
-6.682436913251876831e-02
-3.085804730653762817e-02
-8.075409568846225739e-03
4.686361644417047501e-04
-6.617269013077020645e-03
-1.187293324619531631e-02
-5.215232376940548420e-04
8.133488707244396210e-03
5.852985661476850510e-03
-4.031300544738769531e-03
2.128803171217441559e-03
-2.872634213417768478e-04
-6.366490852087736130e-03
-2.991901710629463196e-04
5.219797138124704361e-03
