-1.335557084530591965e-03
-1.859132200479507446e-03
-7.836556760594248772e-04
-7.255307718878611922e-05
2.058841466903686523e+00
2.866513133049011230e-01
8.981817960739135742e-01
8.183551430702209473e-01
3.890938758850097656e-01
1.549240350723266602e-01
-3.043649494647979736e-01
-2.154525071382522583e-01
9.455051273107528687e-03
-2.161246258765459061e-03
4.031148254871368408e-01
4.278590157628059387e-02
-1.228317692875862122e-01
1.563535183668136597e-01
2.714655995368957520e-01
-3.329358994960784912e-01
-2.552343606948852539e-01
-2.460182905197143555e-01
2.804673910140991211e-01
3.247887194156646729e-01
-8.518508821725845337e-02
-2.687577605247497559e-01
-1.376269012689590454e-01
-2.045720117166638374e-03
-3.256431547924876213e-03
-2.212041290476918221e-03
-1.121983630582690239e-03
-1.643097260966897011e-03
-1.843758393079042435e-03
