-8.379162289202213287e-03
1.293076276779174805e-01
5.325478315353393555e-02
1.310162097215652466e-01
2.004106640815734863e-01
2.015336155891418457e-01
-2.743548713624477386e-02
1.187269985675811768e-01
3.692316114902496338e-01
-4.397299587726593018e-01
8.564669638872146606e-02
8.057296276092529297e-03
-6.649076193571090698e-02
-1.631492748856544495e-02
1.380828302353620529e-02
5.992937833070755005e-02
7.754314690828323364e-02
9.429936856031417847e-02
1.352313458919525146e-01
-7.124459743499755859e-02
-3.463873267173767090e-01
