-5.862700287252664566e-03
-3.345828503370285034e-03
1.062409486621618271e-03
6.496321875602006912e-03
5.465381545946002007e-04
1.404384383931756020e-03
4.505218937993049622e-03
-1.284876343561336398e-04
-9.427964687347412109e-04
2.117554889991879463e-03
1.623991760425269604e-03
1.966909272596240044e-03
1.312935724854469299e-03
-3.782061859965324402e-03
2.659790916368365288e-03
3.885369282215833664e-03
7.080667186528444290e-03
1.160411746241152287e-03
2.052693162113428116e-03
3.189372364431619644e-03
2.202567877247929573e-03
1.119173597544431686e-03
-8.110314956866204739e-04
6.294910795986652374e-03
5.417257547378540039e-03
1.184658892452716827e-02
1.160452421754598618e-02
5.753612145781517029e-03
-7.695129606872797012e-03
-1.307644508779048920e-02
2.936363162007182837e-04
3.319893181324005127e-01
2.263109087944030762e-01
-3.820889070630073547e-02
-4.736921563744544983e-02
-4.993749782443046570e-02
-4.289331287145614624e-02
-2.277921512722969055e-02
-2.813414204865694046e-03
6.918721366673707962e-03
8.846731856465339661e-03
4.144755192101001740e-03
2.501104725524783134e-03
-1.368171651847660542e-03
-6.238701753318309784e-03
-3.331946209073066711e-03
-1.003242679871618748e-03
4.797588102519512177e-03
-2.889939816668629646e-03
-5.666023935191333294e-04
-2.140045864507555962e-03
3.099005669355392456e-03
7.179153035394847393e-04
3.159970510751008987e-03
-2.720842076087137684e-07
-5.423575057648122311e-04
-1.378778833895921707e-03
1.481281360611319542e-03
1.741072395816445351e-03
-3.330301842652261257e-04
-7.070285209920257330e-05
3.764437511563301086e-03
2.190323546528816223e-03
1.264940481632947922e-03
-2.991024171933531761e-03
