4.058584163431078196e-04
-1.625725184567272663e-03
-8.957069803727790713e-05
1.453615608625113964e-03
1.405341201461851597e-03
1.755484496243298054e-03
-2.158020215574651957e-04
-1.455754972994327545e-03
-5.109075456857681274e-02
7.708697230555117130e-04
1.650742888450622559e-01
2.334746345877647400e-02
-9.528385102748870850e-02
-3.447569012641906738e-01
1.573878079652786255e-01
4.367926120758056641e-01
-5.854282379150390625e-01
1.319087594747543335e-01
5.257837474346160889e-03
-3.191399276256561279e-01
-2.192160189151763916e-01
4.472872987389564514e-02
3.045170009136199951e-01
6.574199199676513672e-01
3.315838053822517395e-03
-6.505975723266601562e-01
-4.286890104413032532e-02
-3.303076744079589844e+00
4.967289860360324383e-04
-8.546093158656731248e-05
3.394533705431967974e-04
8.008116856217384338e-04
1.893116859719157219e-03
