2.202640986070036888e-03
-1.164330914616584778e-02
1.127249095588922501e-02
1.990430988371372223e-03
2.936643548309803009e-03
-6.869926117360591888e-03
4.749022889882326126e-03
-7.385370787233114243e-03
5.853894981555640697e-04
-1.969895325601100922e-03
-1.107861637137830257e-03
-2.111217705532908440e-03
6.251554470509290695e-03
2.624304266646504402e-03
-1.245696214027702808e-03
5.397946108132600784e-03
-5.017605144530534744e-03
-4.450934939086437225e-03
3.199083032086491585e-03
-3.839751938357949257e-03
-7.142199203372001648e-03
-6.817663554102182388e-03
-1.053238660097122192e-02
-9.824292734265327454e-03
-6.104141939431428909e-03
-7.137869019061326981e-03
-8.240353316068649292e-03
-4.345263820141553879e-03
1.288150530308485031e-02
3.350344672799110413e-02
1.690105162560939789e-02
-5.181009173393249512e-01
-2.571889460086822510e-01
1.228418722748756409e-01
1.169383600354194641e-01
7.186948508024215698e-02
2.147346735000610352e-02
-9.665777906775474548e-03
-1.944344677031040192e-02
-1.214238535612821579e-02
9.612655267119407654e-03
1.686252094805240631e-02
1.238954346626996994e-02
5.688108969479799271e-03
-1.467709313146770000e-03
-4.727409221231937408e-03
-5.823575425893068314e-03
-4.939273465424776077e-03
-3.593309083953499794e-03
-3.471201984211802483e-03
-2.288179472088813782e-03
1.298123411834239960e-02
3.475761506706476212e-03
-7.211097050458192825e-03
1.755226985551416874e-03
-5.824428983032703400e-03
1.809012494049966335e-03
3.848013933748006821e-03
-6.381792016327381134e-03
1.056056562811136246e-02
-7.177501451224088669e-03
-5.459303036332130432e-03
-7.606156636029481888e-03
8.851036429405212402e-03
1.052856096066534519e-03
