-1.906224992126226425e-03
1.120488275773823261e-03
1.325758290477097034e-03
8.510940824635326862e-04
-4.764469340443611145e-03
-3.978468885179609060e-05
5.830864538438618183e-04
4.530248232185840607e-03
8.879075758159160614e-04
-2.637051045894622803e-03
-2.791245467960834503e-03
-4.453786183148622513e-03
1.683356240391731262e-03
8.647661888971924782e-05
-2.240533009171485901e-03
3.967403434216976166e-03
1.507603214122354984e-03
4.742660094052553177e-04
-3.748642047867178917e-03
-3.808344248682260513e-03
-3.408724442124366760e-03
-2.152531873434782028e-03
-1.984592527151107788e-03
-2.196474000811576843e-03
-5.444979295134544373e-03
-3.938921261578798294e-03
-4.969432950019836426e-03
-9.423995506949722767e-04
-5.020359996706247330e-03
-1.384154893457889557e-03
-4.481603391468524933e-03
-4.309963260311633348e-04
-9.911238448694348335e-04
-4.317407496273517609e-03
-2.474600449204444885e-03
-2.171653090044856071e-03
-1.509279594756662846e-03
-9.772552875801920891e-04
7.199814426712691784e-04
-3.573252179194241762e-04
-6.251109298318624496e-04
-5.897132214158773422e-04
-1.293349545449018478e-03
6.371181807480752468e-04
7.930780411697924137e-04
9.901814628392457962e-04
1.635895459912717342e-03
3.974194172769784927e-03
2.386770676821470261e-03
1.747607253491878510e-03
-7.443531649187207222e-04
-6.126200314611196518e-04
-2.108532702550292015e-03
-6.615000311285257339e-03
-1.050032116472721100e-02
-1.128898747265338898e-02
-1.231685932725667953e-02
-8.514182642102241516e-03
-7.117555942386388779e-04
1.678564958274364471e-02
3.236273303627967834e-02
5.119466781616210938e-02
8.126796782016754150e-02
-3.544360697269439697e-01
-4.378890097141265869e-01
1.149699985980987549e-01
7.614362984895706177e-02
5.344162508845329285e-02
3.812814876437187195e-02
2.536869049072265625e-02
1.830886863172054291e-02
1.114114932715892792e-02
5.973981227725744247e-03
2.438690280541777611e-03
-9.770956821739673615e-04
1.523596234619617462e-03
-3.116124542430043221e-03
-6.885041366331279278e-04
-4.287915304303169250e-03
-8.721569902263581753e-04
5.154662067070603371e-04
1.583756064064800739e-03
3.939527232432737947e-05
-4.546830896288156509e-04
1.088984310626983643e-03
1.429796451702713966e-03
2.141395118087530136e-03
1.513631083071231842e-03
8.080297848209738731e-04
2.310370095074176788e-03
3.367584198713302612e-03
2.398669486865401268e-03
1.242636470124125481e-03
3.357801353558897972e-03
-6.712243193760514259e-04
1.162831555120646954e-03
-1.395424362272024155e-03
4.572079342324286699e-05
9.351699845865368843e-04
-8.170849177986383438e-04
-1.755294972099363804e-03
-1.070926897227764130e-03
-7.506638066843152046e-04
2.224933821707963943e-03
-2.253441838547587395e-03
-4.145022481679916382e-03
-2.797797555103898048e-03
-1.284211059100925922e-03
-7.060986827127635479e-04
1.757974096108227968e-04
-1.364032970741391182e-03
-1.747723785229027271e-03
-5.351451691240072250e-04
2.420909935608506203e-03
2.418122254312038422e-03
-3.325057681649923325e-03
-1.075171399861574173e-03
-2.120641991496086121e-03
7.739198626950383186e-04
6.404840969480574131e-04
5.257596494629979134e-04
-1.199926948174834251e-03
3.360366099514067173e-04
1.879177521914243698e-03
-2.907506423071026802e-03
-2.887681766878813505e-04
3.681571106426417828e-04
-1.427971525117754936e-03
3.672875696793198586e-03
