-3.342356067150831223e-03
-9.951720014214515686e-03
-3.777826903387904167e-03
-3.987438976764678955e-03
3.707756986841559410e-03
5.917949602007865906e-04
-3.442467423155903816e-03
1.095555163919925690e-02
3.481595544144511223e-03
1.943374401889741421e-03
-1.513427123427391052e-04
6.563730537891387939e-03
-2.861398272216320038e-03
-6.167731247842311859e-03
-6.216220557689666748e-03
3.353100968524813652e-03
-7.932247593998908997e-03
-7.219305727630853653e-03
1.996501814574003220e-03
1.080224290490150452e-03
-7.853759452700614929e-04
6.814569234848022461e-03
4.509291145950555801e-03
2.498980145901441574e-03
8.103473111987113953e-03
-3.517678473144769669e-03
6.215265020728111267e-03
-3.079128218814730644e-03
-3.248221008107066154e-03
2.705339808017015457e-03
8.875639759935438633e-04
-3.113597165793180466e-03
-2.427994040772318840e-03
-8.084380533546209335e-04
2.890892210416495800e-04
4.585743416100740433e-03
1.502258382970467210e-04
-2.700439188629388809e-03
1.164593501016497612e-03
1.096855849027633667e-03
4.327508213464170694e-05
6.221855524927377701e-03
-5.293030408211052418e-04
1.018470575218088925e-04
-1.646446296945214272e-03
1.455146004445850849e-03
1.057843110174871981e-04
2.858668332919478416e-03
-2.537780383136123419e-04
2.813516883179545403e-03
2.285094000399112701e-03
2.820382593199610710e-03
3.421687753871083260e-03
2.210890641435980797e-03
4.092080518603324890e-03
7.428050506860017776e-03
4.921941552311182022e-03
2.705082762986421585e-03
-4.427477717399597168e-03
-1.304886862635612488e-02
-2.024848945438861847e-02
-3.544616699218750000e-02
-6.574836373329162598e-02
3.400878310203552246e-01
4.649809002876281738e-01
-1.205337718129158020e-01
-8.986653387546539307e-02
-6.733372807502746582e-02
-4.924801364541053772e-02
-3.281847387552261353e-02
-2.085705660283565521e-02
-1.149918697774410248e-02
-4.618753679096698761e-03
2.873675548471510410e-04
-1.737196580506861210e-04
3.512436058372259140e-03
2.051516203209757805e-03
1.782224979251623154e-03
6.743698613718152046e-04
-1.218024641275405884e-03
-1.434851670637726784e-03
-1.025361474603414536e-03
2.507754834368824959e-04
-3.602753859013319016e-03
-2.290879376232624054e-03
-4.557627253234386444e-03
2.313079778105020523e-03
7.976514461915940046e-05
5.849473527632653713e-04
-1.864244579337537289e-03
4.878070903941988945e-04
-3.048124257475137711e-03
-2.171628875657916069e-03
-6.046047899872064590e-03
-1.735579688102006912e-03
-6.574247032403945923e-03
5.872007925063371658e-03
-3.881379961967468262e-03
7.193349301815032959e-04
2.124052494764328003e-03
5.585941486060619354e-03
6.368217058479785919e-03
-6.120518781244754791e-03
-5.943822674453258514e-03
-1.135364640504121780e-02
-1.171860261820256710e-03
6.253344472497701645e-03
-3.896434791386127472e-03
5.894467700272798538e-03
2.610043389722704887e-03
1.275116694159805775e-03
-8.410854497924447060e-04
2.343044616281986237e-03
7.451669313013553619e-03
-7.526679895818233490e-03
-6.298028863966464996e-03
7.774938829243183136e-03
8.924955502152442932e-03
2.534925937652587891e-03
-3.602429525926709175e-03
1.092812325805425644e-02
-1.305264700204133987e-02
9.336033836007118225e-04
-9.730231948196887970e-03
-5.511598195880651474e-03
-4.195059183984994888e-03
-4.185110796242952347e-03
-4.334186378400772810e-04
-3.242195816710591316e-03
