7.795183337293565273e-04
2.789611462503671646e-04
-2.675860887393355370e-04
2.247694501420482993e-04
2.069638285320252180e-04
2.946289314422756433e-04
-9.070312953554093838e-04
-8.272445993497967720e-04
-8.140520658344030380e-04
-3.562802076339721680e+00
-1.020307536236941814e-03
-7.377775036729872227e-04
-9.655627218307927251e-05
-3.213349264115095139e-04
-8.006094140000641346e-04
-5.357209593057632446e-04
-7.155157509259879589e-04
-8.962086285464465618e-04
-1.106514595448970795e-03
-3.577884926926344633e-04
-1.753468415699899197e-03
-2.648058289196342230e-04
1.574144989717751741e-04
-2.286534290760755539e-04
3.315252251923084259e-05
-8.905897266231477261e-04
-8.566685952246189117e-03
-7.059959694743156433e-03
1.476054894737899303e-03
1.141168642789125443e-03
-3.050871193408966064e-03
-4.544335883110761642e-03
-6.985021382570266724e-02
9.111879393458366394e-03
4.459793865680694580e-02
1.986742019653320312e-02
-3.951527643948793411e-03
4.737809940706938505e-04
-7.093737274408340454e-02
-1.133173936977982521e-03
-3.241691738367080688e-02
-4.841731861233711243e-02
-9.516277909278869629e-02
1.283920952118933201e-03
-1.268370747566223145e-01
-9.585666470229625702e-03
-3.435385599732398987e-02
1.146187558770179749e-01
1.153349205851554871e-01
2.311528772115707397e-01
2.017736136913299561e-01
2.580668926239013672e-01
1.759616434574127197e-01
1.314803063869476318e-01
1.263618934899568558e-02
-1.334723383188247681e-01
-1.441721022129058838e-01
-2.602716982364654541e-01
-1.354583650827407837e-01
-3.712265193462371826e-02
3.428582474589347839e-02
8.581865578889846802e-02
9.876161068677902222e-02
-2.732993802055716515e-03
5.027044937014579773e-02
-1.985221505165100098e-01
-9.462807327508926392e-02
-2.116316109895706177e-01
-7.721463590860366821e-02
-1.115739941596984863e-01
-4.987642751075327396e-04
-1.409628521651029587e-02
4.616404883563518524e-03
2.361265709623694420e-03
-8.386999368667602539e-02
-4.928184300661087036e-02
-1.218434050679206848e-01
-6.847982853651046753e-02
-1.327418982982635498e-01
-6.350976228713989258e-02
-1.638911068439483643e-01
-6.821785867214202881e-02
-1.789895743131637573e-01
-1.364639997482299805e-01
-1.569253504276275635e-01
-2.374275624752044678e-01
-1.869787871837615967e-01
-2.420383691787719727e-01
-2.560486793518066406e-01
-1.859672665596008301e-01
-1.986306905746459961e-01
-1.310935765504837036e-01
-1.557541489601135254e-01
-4.869570955634117126e-02
-1.716160774230957031e-01
-1.075520291924476624e-01
-6.325592100620269775e-02
-4.916712269186973572e-02
-1.111976988613605499e-02
-8.428171277046203613e-03
-3.344833478331565857e-02
-2.594833262264728546e-02
-1.840890012681484222e-02
-1.616969145834445953e-02
-1.563625223934650421e-02
-7.517307065427303314e-03
-6.103263236582279205e-03
-8.806392550468444824e-03
-2.611552597954869270e-03
-1.547439955174922943e-03
-2.829844306688755751e-04
1.549201988382264972e-04
1.113369362428784370e-03
1.842202385887503624e-03
-3.393410588614642620e-04
-8.207953214878216386e-05
8.300088229589164257e-04
9.691268205642700195e-04
-3.177851322107017040e-04
5.887270672246813774e-04
-5.035193753428757191e-04
-9.014576207846403122e-04
1.061700822901912034e-04
-3.626650141086429358e-04
4.776879213750362396e-04
3.276581701356917620e-04
-4.218877002131193876e-04
6.949237431399524212e-04
-8.588976343162357807e-04
