2.343039035797119141e+00
-1.037103295326232910e+00
1.811218619346618652e+00
-7.264525890350341797e-01
1.824579477310180664e+00
1.429777979850769043e+00
1.332578897476196289e+00
1.367730736732482910e+00
6.357767581939697266e-01
4.820805788040161133e-02
-1.311764866113662720e-01
1.496321409940719604e-01
-5.709600076079368591e-02
-2.798930704593658447e-01
-3.594997152686119080e-02
3.049803674221038818e-01
-5.021059513092041016e-01
8.211480081081390381e-02
-1.896636188030242920e-01
-3.198256790637969971e-01
-2.231107950210571289e-01
-6.239244714379310608e-03
-4.493543133139610291e-02
2.766345739364624023e-01
-1.657840907573699951e-01
-5.244309902191162109e-01
9.543943405151367188e-02
-2.165902405977249146e-01
3.977098688483238220e-02
-3.297076374292373657e-02
2.026106864213943481e-01
1.016046479344367981e-01
9.333716332912445068e-02
