7.707686745561659336e-04
-3.808573121204972267e-03
-1.457978785037994385e-02
-7.955975830554962158e-03
-4.947961497236974537e-05
-5.007441997528076172e+00
-7.951818406581878662e-03
-9.719090536236763000e-03
-1.329296920448541641e-02
-1.467925589531660080e-02
-7.128266151994466782e-03
-2.414272166788578033e-03
-2.937496174126863480e-03
-4.194543696939945221e-03
-1.147023867815732956e-02
-1.575646921992301941e-02
-8.500839583575725555e-03
-2.811396552715450525e-05
1.684793620370328426e-03
2.343835076317191124e-03
-9.637003531679511070e-04
-1.405336800962686539e-02
-2.310247533023357391e-02
-1.312492340803146362e-01
-1.467006355524063110e-01
-2.002883516252040863e-02
-5.461097359657287598e-01
-1.520567238330841064e-01
-4.812585115432739258e-01
-4.200970232486724854e-01
-4.701205790042877197e-01
-4.904324114322662354e-01
-4.696688354015350342e-01
-5.467312335968017578e-01
-4.788513779640197754e-01
-3.939130604267120361e-01
-3.683746457099914551e-01
-2.029476761817932129e-01
-1.808003187179565430e-01
-1.390731930732727051e-01
1.141647528856992722e-02
1.333191059529781342e-02
1.970210857689380646e-02
2.195226214826107025e-02
-3.068573074415326118e-03
-2.460650866851210594e-03
-1.894557289779186249e-02
-3.286677598953247070e-02
-2.865991927683353424e-02
-4.488930851221084595e-02
-1.167943142354488373e-02
2.220330014824867249e-02
4.189841821789741516e-02
5.889255926012992859e-02
2.722813561558723450e-02
4.538926854729652405e-02
-5.918292328715324402e-02
-1.253658067435026169e-02
-1.670172810554504395e-01
-9.147704392671585083e-02
-1.742553561925888062e-01
-9.429841488599777222e-02
-6.713969260454177856e-02
-5.325968842953443527e-03
-2.467148564755916595e-02
-1.022424846887588501e-01
-1.030686870217323303e-01
-1.649566590785980225e-01
-1.314668804407119751e-01
-8.923009037971496582e-02
-1.517081818747101352e-05
6.261248886585235596e-02
1.400798559188842773e-01
1.918571591377258301e-01
2.130718082189559937e-01
2.085340470075607300e-01
1.907513588666915894e-01
1.134959533810615540e-01
7.835613191127777100e-02
-9.194583632051944733e-03
-8.111909031867980957e-03
-9.294498711824417114e-02
-2.764511480927467346e-02
-6.575483083724975586e-02
-6.329800188541412354e-02
-5.027478188276290894e-02
-8.467616140842437744e-02
-4.915148392319679260e-02
-2.135420404374599457e-02
-2.195294015109539032e-02
1.352191064506769180e-02
3.720108419656753540e-02
3.296824172139167786e-02
3.487561270594596863e-02
1.266425009816884995e-02
2.465694909915328026e-03
-1.065860968083143234e-02
-1.010220572352409363e-01
-1.127621904015541077e-02
-8.965082466602325439e-03
-3.890321776270866394e-02
-2.063817530870437622e-02
-5.602218210697174072e-03
-1.902814838103950024e-03
3.693600301630795002e-04
-2.178205177187919617e-03
-7.231523748487234116e-03
-3.476046491414308548e-03
2.137582516297698021e-03
4.319857340306043625e-03
-1.043125754222273827e-03
-1.127101495512761176e-04
1.315641799010336399e-03
4.042991786263883114e-04
-8.958794176578521729e-03
-9.256885387003421783e-03
-5.869354121387004852e-03
-9.952651336789131165e-03
-1.769581250846385956e-02
-1.482089702039957047e-02
-1.069378457032144070e-03
1.824283273890614510e-03
2.068370580673217773e-03
9.675125475041568279e-04
-4.051271360367536545e-03
-1.429362315684556961e-02
-1.361022889614105225e-02
-1.931822160258889198e-03
1.013764645904302597e-03
