-3.076696069911122322e-03
5.140600842423737049e-04
-2.065488370135426521e-03
1.107942406088113785e-02
1.111283432692289352e-03
-6.068838294595479965e-03
2.725531114265322685e-03
3.155537880957126617e-03
1.262100064195692539e-03
5.901393946260213852e-03
-7.006711326539516449e-03
-1.457663835026323795e-03
-2.710925880819559097e-03
-8.142984588630497456e-04
-2.135419053956866264e-03
2.155019436031579971e-03
-2.456806134432554245e-03
-5.674732849001884460e-03
-1.863866462372243404e-03
2.147457329556345940e-03
1.036613131873309612e-03
-1.247438340215012431e-04
-3.404254675842821598e-04
-3.008695552125573158e-03
-6.809427868574857712e-03
-6.673996802419424057e-03
2.081711718346923590e-04
2.811782807111740112e-02
5.911462754011154175e-02
7.642941176891326904e-02
7.443322241306304932e-02
-1.894929558038711548e-01
-3.420752584934234619e-01
3.196065314114093781e-03
-9.831546805799007416e-03
-1.386481709778308868e-02
-6.101369857788085938e-03
7.047313265502452850e-03
1.172085944563150406e-02
8.426714688539505005e-03
-4.395101219415664673e-03
-8.156291209161281586e-03
-9.221330285072326660e-03
-7.281116209924221039e-03
-2.639556478243321180e-04
3.127725794911384583e-03
3.782465122640132904e-03
1.474392483942210674e-03
-1.871425774879753590e-03
-7.369367522187530994e-04
-9.870520792901515961e-03
-7.514550234191119671e-04
-8.071738993749022484e-04
-3.714943770319223404e-03
-6.610939279198646545e-03
-7.009746041148900986e-04
3.190107177942991257e-03
5.149594508111476898e-03
-3.834034781903028488e-03
5.827566143125295639e-03
-2.149068284779787064e-03
4.930912051349878311e-03
-6.018639076501131058e-03
7.914081215858459473e-03
-7.758141960948705673e-03
