-6.391492206603288651e-04
-9.851055219769477844e-04
-1.434501027688384056e-03
1.562673787702806294e-05
-1.293862313032150269e-01
1.141585707664489746e-01
-4.137346446514129639e-01
-1.755986362695693970e-01
-8.991907536983489990e-02
2.343247979879379272e-01
-3.694204390048980713e-01
-6.080562248826026917e-02
2.683847546577453613e-01
5.850753784179687500e-01
-1.490464061498641968e-01
-2.173143386840820312e+00
1.265928000211715698e-01
1.260617980733513832e-03
3.518685989547520876e-04
-8.685630164109170437e-04
1.423549838364124298e-05
