-4.648361820727586746e-03
-5.324879661202430725e-03
-4.540740512311458588e-03
-1.435653865337371826e-02
-8.808087557554244995e-03
-1.437884103506803513e-02
-1.190307829529047012e-02
-1.233319472521543503e-02
-1.142180245369672775e-02
4.917101468890905380e-03
2.453691558912396431e-03
-2.314677089452743530e-02
6.212263368070125580e-03
2.522332407534122467e-02
-1.089618727564811707e-01
-7.377474904060363770e-01
-3.070327043533325195e-01
-5.567335709929466248e-02
-7.535833120346069336e-02
-4.966203495860099792e-02
-5.144370719790458679e-02
-4.238881543278694153e-02
-3.445451706647872925e-02
9.806934744119644165e-03
2.168606035411357880e-02
-1.236126990988850594e-03
-1.505268644541501999e-02
-9.980457834899425507e-03
-2.092653885483741760e-03
-7.003737613558769226e-03
-1.341520529240369797e-02
-4.391040652990341187e-03
-5.419224034994840622e-03
