3.956407774239778519e-03
1.578706875443458557e-02
-1.349594630300998688e-02
-2.030180394649505615e-02
-1.244651526212692261e-02
-3.337671235203742981e-02
-7.503889501094818115e-02
-8.363484591245651245e-02
-1.109845265746116638e-01
2.485978156328201294e-01
5.107827484607696533e-02
-6.619273871183395386e-02
-1.916730962693691254e-02
4.556917399168014526e-02
2.601579949259757996e-02
1.278402004390954971e-02
-7.754207123070955276e-03
-3.829925553873181343e-04
-2.060490101575851440e-02
8.501691743731498718e-03
2.841637935489416122e-03
