7.626508828252553940e-03
-1.543653849512338638e-02
-1.080588065087795258e-02
-2.332425117492675781e-02
-1.714658178389072418e-02
-3.176948800683021545e-02
-1.092396974563598633e-01
-1.470222324132919312e-01
-3.143436014652252197e-01
4.618579447269439697e-01
-2.151860482990741730e-02
-2.397960424423217773e-01
-2.362229302525520325e-02
1.259548813104629517e-01
3.576379641890525818e-02
-8.017637766897678375e-03
-2.525721862912178040e-02
-1.089372951537370682e-02
4.296565020922571421e-04
-3.796915989369153976e-03
2.711248816922307014e-03
