9.906648658215999603e-03
3.386123105883598328e-03
1.121222740039229393e-03
-3.898028982803225517e-03
-5.770905409008264542e-03
-1.267389580607414246e-02
-1.497035287320613861e-02
-1.576855219900608063e-02
-4.732395056635141373e-03
1.924139447510242462e-02
2.342524938285350800e-02
-4.430694505572319031e-02
-1.024224311113357544e-01
-8.106518536806106567e-02
-3.110053203999996185e-02
4.357193112373352051e-01
3.564346581697463989e-02
-1.310002505779266357e-01
-2.002017758786678314e-02
9.239492937922477722e-04
2.248088456690311432e-02
2.917235530912876129e-02
2.272935956716537476e-02
6.836088839918375015e-03
1.025910861790180206e-02
6.892961449921131134e-03
5.377967841923236847e-03
7.978996261954307556e-03
1.680798828601837158e-02
9.232899174094200134e-03
-5.712117534130811691e-03
1.591891399584710598e-03
5.024989368394017220e-04
