-3.062917094212025404e-04
4.342600368545390666e-05
-3.402475849725306034e-04
8.553166408091783524e-04
-1.758400559425354004e+00
-1.540777802467346191e+00
-5.436977744102478027e-01
7.787094116210937500e-01
1.955156624317169189e-01
-3.466992974281311035e-01
-1.043850183486938477e-01
-2.137106284499168396e-02
3.412618637084960938e-01
-2.117546051740646362e-01
8.764610439538955688e-02
3.326229751110076904e-03
1.134136924520134926e-03
-4.240468610078096390e-03
-4.242266528308391571e-03
-1.731015974655747414e-03
-5.841012462042272091e-04
