1.117045976570807397e-04
2.152775850845500827e-04
3.325113502796739340e-04
-8.564323652535676956e-04
-1.700521796010434628e-03
-4.063267842866480350e-04
-9.392634034156799316e-03
-2.776089822873473167e-03
5.284269354888238013e-05
1.323282066732645035e-02
1.287019252777099609e-02
2.873417455703020096e-03
-1.690058619715273380e-03
-1.041403971612453461e-02
-7.406002376228570938e-03
9.355573914945125580e-03
9.181677550077438354e-02
1.230521798133850098e-01
7.174312137067317963e-03
-1.102589368820190430e-01
-1.854514777660369873e-01
-1.701645702123641968e-01
-2.325204014778137207e-02
1.176606714725494385e-01
1.806535720825195312e-01
2.208483368158340454e-01
4.664042592048645020e-02
-5.757575109601020813e-02
-1.292528212070465088e-01
-1.655589491128921509e-01
-1.056052595376968384e-01
-6.862615048885345459e-02
-9.261843562126159668e-02
7.707361131906509399e-02
-1.879442185163497925e-01
-1.120552942156791687e-01
1.654818281531333923e-02
1.895487159490585327e-01
2.415986508131027222e-01
1.862040013074874878e-01
3.551961481571197510e-02
-4.912212491035461426e-02
-1.101825758814811707e-01
-9.547993540763854980e-02
-7.102816551923751831e-02
-5.252707749605178833e-02
-7.671860512346029282e-04
6.907609105110168457e-02
1.729878038167953491e-02
-3.165097208693623543e-03
-7.861835509538650513e-02
-6.366548687219619751e-02
-2.271158620715141296e-02
2.823078306391835213e-03
3.942972049117088318e-03
-1.326932804659008980e-03
-1.627206802368164062e-03
3.726301714777946472e-03
3.056647721678018570e-03
-4.778046859428286552e-04
1.111475867219269276e-03
5.852495320141315460e-03
-4.980754375457763672e+00
8.446384163107722998e-05
2.052080235444009304e-04
