-1.670002704486250877e-03
-2.085004467517137527e-03
-2.350739436224102974e-03
-1.648080535233020782e-03
-1.323858858086168766e-03
-7.162566180340945721e-04
-3.526995133142918348e-04
-4.079791251569986343e-03
-2.318388037383556366e-02
8.308909833431243896e-02
1.638166308403015137e-01
7.321397960186004639e-02
-3.131083911284804344e-03
-1.597183197736740112e-01
-1.825741827487945557e-01
4.209400713443756104e-01
9.964912198483943939e-03
-4.640694856643676758e-01
-3.221177160739898682e-01
3.889707922935485840e-01
1.265693753957748413e-01
2.082166448235511780e-02
-2.735180780291557312e-02
-1.408476531505584717e-01
-7.113384604454040527e-01
1.141267566708847880e-04
-1.266336202621459961e+00
-2.554368734359741211e+00
-1.182334381155669689e-03
-1.241669291630387306e-03
-2.373496536165475845e-03
-1.970057142898440361e-03
-1.260517979972064495e-03
