2.781267277896404266e-03
-5.078193498775362968e-05
-2.584101399406790733e-03
-1.933979452587664127e-03
-1.554249465698376298e-04
6.302103283815085888e-04
-4.669760819524526596e-04
-4.925934481434524059e-04
4.700102726928889751e-04
9.784123394638299942e-04
1.266422914341092110e-03
6.698184297420084476e-04
1.999026630073785782e-03
3.795698285102844238e-03
4.275265615433454514e-03
3.936899825930595398e-03
-2.790979862213134766e+00
-4.011096898466348648e-03
5.197747144848108292e-03
-3.364848375320434570e+00
2.681921236217021942e-03
-1.653226017951965332e-01
-1.741252899169921875e+00
8.953569456934928894e-03
-9.981285929679870605e-01
2.077138517051935196e-03
-7.669204473495483398e-01
5.180681589990854263e-03
-6.139256954193115234e-01
-1.946350485086441040e-01
-3.796131014823913574e-01
-3.144451677799224854e-01
-2.647419869899749756e-01
-3.167350292205810547e-01
-2.068843990564346313e-01
-1.343088597059249878e-01
2.226456068456172943e-02
7.023959606885910034e-02
1.767176240682601929e-01
2.138947844505310059e-01
8.089794963598251343e-02
1.517502218484878540e-01
1.290835440158843994e-01
8.179377764463424683e-02
5.303917080163955688e-02
2.886878512799739838e-02
7.531363517045974731e-02
1.783799380064010620e-02
2.688125893473625183e-02
6.318362057209014893e-02
5.819303914904594421e-02
1.011899113655090332e-01
8.081054687500000000e-02
8.037111163139343262e-02
1.724593155086040497e-02
-1.727854833006858826e-02
-4.805945605039596558e-02
-9.025134146213531494e-02
-9.562258422374725342e-02
-1.476464271545410156e-01
-1.800929903984069824e-01
-1.816199570894241333e-01
-2.105593681335449219e-01
-1.602040231227874756e-01
-7.236441969871520996e-02
7.734846323728561401e-03
1.157538518309593201e-01
1.112326681613922119e-01
9.010657668113708496e-02
2.826840791385620832e-04
-1.479354128241539001e-02
-8.463240414857864380e-02
-5.842828378081321716e-02
-9.627668559551239014e-02
-6.148377060890197754e-02
-8.755681663751602173e-02
-4.570570960640907288e-02
-6.633865833282470703e-02
-2.828002208843827248e-03
2.047447115182876587e-02
4.362194612622261047e-02
1.351898759603500366e-01
1.007846072316169739e-01
2.381218969821929932e-01
1.377579122781753540e-01
2.342872917652130127e-01
1.917288005352020264e-01
1.073746234178543091e-01
9.350910037755966187e-02
5.573513731360435486e-02
5.131390411406755447e-03
-2.779949270188808441e-02
-1.779303997755050659e-01
-3.735239058732986450e-02
-1.282090842723846436e-01
-4.055797308683395386e-02
-9.805092215538024902e-02
-1.253760885447263718e-02
-6.087887100875377655e-03
-4.554853308945894241e-03
-1.596734486520290375e-02
-1.528179179877042770e-02
2.833629725500941277e-03
6.752550136297941208e-03
-1.658047549426555634e-03
-5.038210190832614899e-03
-8.732782676815986633e-03
-7.036285009235143661e-03
7.578524528071284294e-04
1.694145798683166504e-02
1.716516911983489990e-02
5.705497693270444870e-03
-2.268894109874963760e-03
-3.396821906790137291e-03
6.144006736576557159e-03
4.622431006282567978e-03
9.157271706499159336e-04
-3.279094351455569267e-03
3.783040738198906183e-04
-1.514372852398082614e-04
-1.336109242402017117e-03
7.948119891807436943e-04
4.005602386314421892e-04
4.874014994129538536e-04
4.404695064295083284e-04
-3.594673180487006903e-04
-3.808563342317938805e-04
7.156399078667163849e-04
5.070628831163048744e-04
