3.186710923910140991e-02
1.708948984742164612e-02
3.524566441774368286e-02
3.286155685782432556e-02
-2.396721951663494110e-02
-6.389715522527694702e-02
7.342774420976638794e-02
8.407966047525405884e-02
-1.275319606065750122e-01
2.885297127068042755e-02
4.517532289028167725e-01
-3.677807748317718506e-01
-9.796027094125747681e-02
-1.229535862803459167e-01
-1.094838231801986694e-01
-4.629377648234367371e-02
-3.352100960910320282e-03
8.469084277749061584e-03
1.277912640944123268e-03
1.993602328002452850e-02
2.044157125055789948e-02
