1.178005814552307129e+00
-1.083063602447509766e+00
3.948505818843841553e-01
-5.552380084991455078e-01
-3.110965788364410400e-01
3.519542515277862549e-01
-3.199774324893951416e-01
3.485976755619049072e-01
-8.159481287002563477e-01
4.175424575805664062e-01
-4.783291816711425781e-01
3.650739789009094238e-01
-5.161665678024291992e-01
1.401369720697402954e-01
-8.126585185527801514e-02
-9.430443868041038513e-03
-1.109728515148162842e-01
1.058632358908653259e-01
2.189182490110397339e-02
-4.390169680118560791e-02
-5.587654653936624527e-03
