-3.428643976803869009e-04
-2.289920002222061157e-01
-3.065213002264499664e-02
-5.814157798886299133e-02
-1.540805697441101074e-01
-3.098709136247634888e-02
-2.287154048681259155e-01
-2.324856519699096680e-01
-1.567868457641452551e-05
-2.953537702560424805e-01
-8.810996264219284058e-02
1.470723771490156651e-03
-1.125545874238014221e-01
-3.655508533120155334e-02
6.982580572366714478e-02
1.269413977861404419e-01
-1.275244355201721191e-01
-2.261149138212203979e-01
-7.269755005836486816e-02
3.212404996156692505e-02
-1.488457471132278442e-01
2.091512680053710938e-01
-1.774981804192066193e-02
-1.362193971872329712e-01
-3.837782144546508789e-01
-7.424100488424301147e-02
-3.265635371208190918e-01
-7.558856904506683350e-02
7.141949981451034546e-02
-2.030356526374816895e-01
3.864931687712669373e-02
-1.005126163363456726e-01
-2.150326967239379883e-01
1.878952421247959137e-02
3.703488409519195557e-02
-1.068067178130149841e-02
6.970675289630889893e-02
4.269052762538194656e-03
-3.075302205979824066e-02
-8.817595988512039185e-02
5.843843892216682434e-02
-7.315514981746673584e-02
-3.195641189813613892e-02
2.345451861619949341e-01
1.271949559450149536e-01
-4.081236198544502258e-02
-3.541319072246551514e-01
-8.839876204729080200e-02
-3.045395612716674805e-01
-9.168464690446853638e-02
-2.162984013557434082e-01
1.420907825231552124e-01
9.188851108774542809e-04
2.547571493778377771e-04
-5.653557181358337402e-02
4.101988859474658966e-03
-1.758049577474594116e-01
-3.978060185909271240e-01
-8.949863165616989136e-02
3.233032999560236931e-03
-5.687858462333679199e-01
7.179958629421889782e-04
-4.079012200236320496e-02
-3.841192810796201229e-04
1.631116378121078014e-03
