-1.320396782830357552e-03
-9.361138567328453064e-03
-9.354717098176479340e-03
-1.983106834813952446e-03
5.724425427615642548e-03
1.132989861071109772e-02
1.186778023838996887e-02
1.143709383904933929e-02
-1.645893091335892677e-03
-4.761597607284784317e-03
2.645968925207853317e-04
-3.339416813105344772e-03
-4.421439487487077713e-03
-2.579744160175323486e-02
-1.060450915247201920e-02
6.917386781424283981e-04
9.101063013076782227e-02
1.197180226445198059e-01
-2.406887942925095558e-03
-1.381698101758956909e-01
-2.074750065803527832e-01
-1.765948832035064697e-01
-1.932832039892673492e-02
1.223597079515457153e-01
1.849469393491744995e-01
2.310841828584671021e-01
4.822446033358573914e-02
-5.644628033041954041e-02
-1.290124952793121338e-01
-1.675600260496139526e-01
-1.062626391649246216e-01
-7.085461169481277466e-02
-9.303923696279525757e-02
7.830786705017089844e-02
-1.910578310489654541e-01
-1.131744384765625000e-01
1.794167608022689819e-02
1.941684931516647339e-01
2.471507787704467773e-01
1.915373802185058594e-01
4.166106507182121277e-02
-4.823657497763633728e-02
-1.074789762496948242e-01
-8.897780627012252808e-02
-5.978389456868171692e-02
-4.865717887878417969e-02
8.428667788393795490e-04
4.308266192674636841e-02
-1.966601703315973282e-03
-1.365646068006753922e-02
-8.802668005228042603e-02
-7.443054020404815674e-02
-1.509122271090745926e-02
-6.151121109724044800e-03
-3.209322225302457809e-03
-3.828189801424741745e-04
-4.746073391288518906e-04
-8.960283361375331879e-03
-1.391064748167991638e-02
-1.504484843462705612e-02
-1.590763404965400696e-02
-1.303937099874019623e-02
-4.905232906341552734e+00
-1.049494650214910507e-02
-1.554663013666868210e-02
