-1.704514259472489357e-03
-3.915326087735593319e-04
-6.686843116767704487e-04
-5.943641299381852150e-04
-4.066005640197545290e-04
-2.361374441534280777e-03
-4.801930859684944153e-03
-1.891651307232677937e-03
-1.710965414531528950e-03
-1.443106797523796558e-03
-1.419521635398268700e-03
2.673458456993103027e-01
6.529221776872873306e-03
7.811612635850906372e-02
-9.902284946292638779e-04
-3.143542110919952393e-01
-7.124924659729003906e-02
-7.436705231666564941e-01
-3.555954992771148682e-01
-6.245887279510498047e-01
-3.130536079406738281e-01
-9.072899073362350464e-02
4.816247150301933289e-02
2.336349338293075562e-01
1.982756555080413818e-01
1.464321464300155640e-01
1.036690101027488708e-01
7.272522151470184326e-02
-3.180028870701789856e-02
-9.553509205579757690e-02
8.827219158411026001e-02
-1.193642541766166687e-01
-2.131778188049793243e-02
-3.657596185803413391e-02
-1.642129868268966675e-01
-2.000268250703811646e-01
-2.853401899337768555e-01
-4.673271905630826950e-03
-1.150299683213233948e-01
4.750099778175354004e-01
2.032877951860427856e-01
1.932875216007232666e-01
-3.720306232571601868e-02
-1.442832797765731812e-01
-3.566972911357879639e-01
-5.903129279613494873e-02
-7.924634963274002075e-02
1.559746563434600830e-01
1.681375205516815186e-01
1.777786412276327610e-03
-5.632879212498664856e-03
-5.806357264518737793e-01
-1.299090534448623657e-01
-2.481300830841064453e+00
5.219866521656513214e-03
-1.761891961097717285e+00
-2.015242585912346840e-03
-1.661780843278393149e-04
-1.557138632051646709e-03
-7.088163984008133411e-04
1.726725313346832991e-04
-5.454734782688319683e-04
-6.874014507047832012e-04
-9.862774750217795372e-04
-1.295179245062172413e-03
