9.663553209975361824e-04
-5.409417790360748768e-04
5.018386291339993477e-04
3.456029226072132587e-04
-1.099611632525920868e-03
-2.547789365053176880e-03
-8.230370003730058670e-04
1.826355010271072388e-01
2.950577810406684875e-02
2.435462027788162231e-01
1.545532345771789551e-01
1.011514887213706970e-01
-8.222001791000366211e-02
-1.684906631708145142e-01
-1.229507923126220703e-01
4.199274182319641113e-01
1.198886055499315262e-02
-4.365965425968170166e-01
-3.888708055019378662e-01
3.126214444637298584e-01
1.231784150004386902e-01
-7.421823590993881226e-02
-1.666049659252166748e-01
-3.963068425655364990e-01
-8.899699449539184570e-01
-8.687901496887207031e-02
-9.948899149894714355e-01
-1.113597750663757324e+00
5.457056686282157898e-04
-3.357091918587684631e-04
-7.854132563807070255e-04
3.049050283152610064e-04
-1.728241186356171966e-04
