1.149934250861406326e-03
1.767423003911972046e-03
-1.455940364394336939e-04
-2.003727713599801064e-03
-2.636795397847890854e-03
-8.723418577574193478e-04
-9.093107655644416809e-04
1.375624090433120728e-01
5.002104640007019043e-01
3.911363482475280762e-01
-8.019958436489105225e-02
-3.113291263580322266e-01
-3.059130907058715820e-01
-1.218242198228836060e-01
1.555304527282714844e-01
-1.127427443861961365e-02
1.145476661622524261e-02
1.965720504522323608e-01
1.412529051303863525e-01
2.815229594707489014e-01
-1.434801965951919556e-01
-7.815877348184585571e-02
4.128561317920684814e-01
7.930555194616317749e-02
-6.858435869216918945e-01
-8.078464120626449585e-02
-2.142737954854965210e-01
-6.472515873610973358e-03
5.301026976667344570e-04
2.861873072106391191e-04
-5.134423971176147461e-01
-7.116238703019917011e-04
7.099773210939019918e-05
