4.902573768049478531e-03
1.499100308865308762e-02
4.330488387495279312e-03
1.158298179507255554e-02
1.742273941636085510e-02
2.261765487492084503e-02
2.115166187286376953e-02
1.696886494755744934e-02
1.175577845424413681e-02
1.209476962685585022e-03
1.302208378911018372e-02
3.963763639330863953e-02
6.115366145968437195e-02
2.736689150333404541e-02
6.354063004255294800e-02
5.008890032768249512e-01
1.520788669586181641e-01
-1.775357872247695923e-02
-5.467672273516654968e-02
2.859306056052446365e-03
3.092124825343489647e-03
-2.902214764617383480e-04
8.580357767641544342e-03
1.162174995988607407e-02
6.814871449023485184e-03
6.802608259022235870e-03
-1.470606075599789619e-04
-1.668592332862317562e-03
-1.736204721964895725e-03
-6.145856605144217610e-05
2.145333681255578995e-03
-1.333983498625457287e-03
-3.049353603273630142e-03
