4.116893396712839603e-04
5.548920598812401295e-04
2.089983783662319183e-03
-3.614075899124145508e+00
-4.432899411767721176e-03
5.584664940834045410e-01
8.124642968177795410e-01
-2.173263579607009888e-02
-6.669786572456359863e-01
4.222900569438934326e-01
1.286503970623016357e-01
-5.982187576591968536e-03
-3.031599223613739014e-01
1.477798372507095337e-01
-2.803662326186895370e-03
-2.119996994733810425e-01
2.220562193542718887e-03
-1.344252028502523899e-03
-2.132656227331608534e-04
-1.698966487310826778e-03
4.707548068836331367e-04
