2.212127903476357460e-03
2.314709359779953957e-03
4.219393711537122726e-03
1.753377728164196014e-03
-3.997429157607257366e-04
-4.590938333421945572e-03
-2.730618929490447044e-03
2.451745234429836273e-02
8.516570925712585449e-01
6.487481594085693359e-01
4.210184328258037567e-03
-3.043882846832275391e-01
-4.885034859180450439e-01
-1.251526921987533569e-01
2.578117847442626953e-01
3.335700137540698051e-03
-2.339296229183673859e-02
1.790023297071456909e-01
1.385891586542129517e-01
2.118274122476577759e-01
-4.226340651512145996e-01
-2.294263690710067749e-01
5.242782235145568848e-01
1.189161464571952820e-01
-5.424479246139526367e-01
-2.076772451400756836e-01
-2.382472604513168335e-01
-1.379812252707779408e-03
-4.786661826074123383e-03
7.543904939666390419e-04
-2.102008581161499023e+00
3.296066424809396267e-04
-7.658941904082894325e-04
