9.169211611151695251e-03
-3.687421791255474091e-03
1.051774900406599045e-02
1.103577902540564537e-03
5.407581105828285217e-03
-1.949498197063803673e-03
2.094608917832374573e-02
1.069688517600297928e-02
-1.175423804670572281e-02
-1.898187398910522461e-02
-8.219034411013126373e-03
2.560842782258987427e-03
9.095539338886737823e-03
-1.720093656331300735e-03
2.145559899508953094e-02
-1.693483591079711914e-01
-3.624522089958190918e-01
-4.942040517926216125e-02
-3.834739699959754944e-02
-3.634023666381835938e-02
-3.075489774346351624e-02
-2.587496116757392883e-02
-2.018671855330467224e-02
-1.106217224150896072e-02
-6.358329206705093384e-03
-1.026857271790504456e-02
-9.804364293813705444e-03
1.124274730682373047e-02
6.495445850305259228e-04
-1.191849936731159687e-03
-2.434654452372342348e-04
8.776952512562274933e-03
-8.972785435616970062e-03
