-7.245718152262270451e-04
-4.953214083798229694e-04
-4.026805527246324345e-06
7.089969585649669170e-04
-2.058777463389560580e-04
-8.106527966447174549e-04
-1.757612335495650768e-04
1.322508906014263630e-03
2.640362363308668137e-03
6.023209542036056519e-03
1.992006087675690651e-03
-1.737287268042564392e-03
-4.750052466988563538e-03
-2.284844219684600830e-02
2.644701860845088959e-03
1.121560856699943542e-02
9.424751251935958862e-02
1.124392896890640259e-01
3.804848529398441315e-03
-1.552166640758514404e-01
-2.090110778808593750e-01
-2.101112008094787598e-01
-2.551411651074886322e-02
1.151378825306892395e-01
1.821282953023910522e-01
2.440768927335739136e-01
1.821158640086650848e-02
-6.069627404212951660e-02
-1.452693343162536621e-01
-1.797358989715576172e-01
-9.809717535972595215e-02
-7.763417810201644897e-02
-9.189718216657638550e-02
9.329373389482498169e-02
-2.008606940507888794e-01
-1.180812492966651917e-01
1.473475992679595947e-02
1.915962100028991699e-01
2.600014209747314453e-01
1.954001337289810181e-01
5.061005428433418274e-02
-5.605996400117874146e-02
-1.114242002367973328e-01
-9.157500416040420532e-02
-7.723146677017211914e-02
-7.975099980831146240e-02
-2.336881123483181000e-03
9.829672984778881073e-03
2.071757800877094269e-03
-6.205307319760322571e-02
-6.052913144230842590e-02
-1.522389948368072510e-01
-1.185747794806957245e-02
-6.184005178511142731e-04
-5.759657942689955235e-04
-1.109869452193379402e-03
-1.776446588337421417e-03
-1.418895320966839790e-03
1.074239378795027733e-03
-2.163642318919301033e-03
-2.027827780693769455e-03
-9.526928770355880260e-04
-4.423654556274414062e+00
4.674080701079219580e-04
-1.337189925834536552e-03
