-4.935268661938607693e-04
-1.445397152565419674e-03
-1.513694413006305695e-03
-1.057274290360510349e-03
-1.538906071800738573e-04
1.796703872969374061e-04
5.762921064160764217e-04
1.353845894336700439e-01
5.657215788960456848e-02
2.279562950134277344e-01
1.553530395030975342e-01
8.993167430162429810e-02
-9.516250342130661011e-02
-1.361723691225051880e-01
-1.089327633380889893e-01
3.871816694736480713e-01
1.349002216011285782e-02
-4.093725383281707764e-01
-4.181437194347381592e-01
2.388892173767089844e-01
6.127020716667175293e-02
-1.471595913171768188e-01
-2.051587551832199097e-01
-3.973251581192016602e-01
-7.077587842941284180e-01
-2.648732960224151611e-01
-4.571680426597595215e-01
-3.079583942890167236e-01
-2.133029513061046600e-03
-1.612695981748402119e-03
-1.805437961593270302e-03
-1.325966557487845421e-03
-9.137467714026570320e-04
