-3.685861884150654078e-04
-3.662124741822481155e-03
-1.411599107086658478e-03
1.061855442821979523e-02
4.115665331482887268e-03
2.930207410827279091e-03
5.459133535623550415e-03
1.276375167071819305e-02
4.384360276162624359e-03
-2.756350301206111908e-02
-1.509009394794702530e-02
3.840418159961700439e-02
9.967385232448577881e-02
6.489910930395126343e-02
1.291287392377853394e-01
-1.338140070438385010e-01
-3.686396181583404541e-01
5.369362886995077133e-03
1.949545741081237793e-02
-2.487791888415813446e-02
-1.732485368847846985e-02
-1.388029567897319794e-02
-7.964016869664192200e-03
-5.666430573910474777e-03
-7.794037926942110062e-03
-9.227662347257137299e-03
-8.118043653666973114e-03
-1.033257506787776947e-02
-1.243912987411022186e-02
-1.977499760687351227e-02
-2.004604041576385498e-02
-2.112887427210807800e-02
-1.044147461652755737e-02
