1.279377960599958897e-03
6.896582432091236115e-03
1.510817790403962135e-03
-7.538897916674613953e-04
1.714610029011964798e-03
-9.297865442931652069e-03
-1.488807378336787224e-03
1.487561385147273540e-03
4.617490805685520172e-03
3.765277564525604248e-03
1.440265099518001080e-03
4.745842888951301575e-03
-1.592104526935145259e-04
-3.416820429265499115e-03
2.574816113337874413e-03
-7.774698897264897823e-04
3.371931146830320358e-03
2.771529369056224823e-03
6.111455732025206089e-04
1.175333745777606964e-03
-7.469308184226974845e-05
4.881319124251604080e-03
3.967100288718938828e-03
9.120698668994009495e-04
4.051119554787874222e-03
2.812338352669030428e-04
1.040996867232024670e-03
9.958668670151382685e-05
-2.128063468262553215e-03
-2.032148622674867511e-04
3.655966371297836304e-03
-2.857356797903776169e-03
-1.194579759612679482e-03
-8.564553718315437436e-05
6.837355322204530239e-04
9.057905408553779125e-04
2.437958755763247609e-04
7.033196161501109600e-04
1.087079639546573162e-03
-2.522246213629841805e-04
2.295522717759013176e-03
3.304663812741637230e-03
-2.213080588262528181e-04
2.213281812146306038e-03
-3.716877428814768791e-03
2.996045805048197508e-04
-3.934355845558457077e-05
-6.429546629078686237e-04
2.424647333100438118e-03
-2.241850597783923149e-03
6.253751926124095917e-04
-1.607668586075305939e-03
6.624886300414800644e-04
-1.602365373400971293e-04
1.706095878034830093e-03
-8.955125231295824051e-04
-5.347767844796180725e-03
-1.049770228564739227e-02
-2.140707708895206451e-02
-4.015333205461502075e-02
-6.480206549167633057e-02
-9.668035060167312622e-02
-1.288096010684967041e-01
4.888732433319091797e-01
3.940545320510864258e-01
-2.692457847297191620e-02
-2.265237644314765930e-02
-2.769950591027736664e-02
-2.450691536068916321e-02
-1.498541980981826782e-02
-2.393048023805022240e-03
6.179002579301595688e-03
1.152379717677831650e-02
1.140037830919027328e-02
1.458361744880676270e-02
1.279663946479558945e-02
4.295963793992996216e-03
1.001312339212745428e-04
3.701115725561976433e-03
-4.413602582644671202e-04
-3.184379311278462410e-03
-3.637268207967281342e-03
-1.235113129951059818e-03
1.759025384671986103e-03
1.961800036951899529e-03
-1.526929117972031236e-04
1.496923272497951984e-03
4.738354182336479425e-04
3.525980515405535698e-03
-4.659071099013090134e-03
2.856586128473281860e-03
4.369718022644519806e-03
4.883176297880709171e-04
-1.887079677544534206e-03
-7.364837802015244961e-04
2.554099308326840401e-03
-2.027225447818636894e-03
2.224151277914643288e-03
1.977359643206000328e-03
1.209376263432204723e-03
-1.296080066822469234e-03
-7.453563011949881911e-05
6.186473765410482883e-04
-1.861577969975769520e-03
4.256787651684135199e-04
-1.464391592890024185e-03
-2.678342279978096485e-04
3.898050868883728981e-03
-6.653955206274986267e-03
8.920793770812451839e-04
-3.102419141214340925e-04
1.410474302247166634e-03
-2.323848661035299301e-03
-2.303532091900706291e-03
-2.084492007270455360e-03
-2.001910936087369919e-03
1.152926473878324032e-03
-5.828187335282564163e-03
-4.676070064306259155e-03
-1.117839361540973186e-03
-4.092618823051452637e-03
1.679435663390904665e-04
-2.902852836996316910e-03
-4.153114743530750275e-03
-5.777895450592041016e-03
4.261074587702751160e-03
-1.264664810150861740e-03
-6.452924571931362152e-03
1.336515997536480427e-03
