-3.749734759330749512e-01
4.333416223526000977e-01
-3.218705356121063232e-01
1.116524860262870789e-01
7.906245440244674683e-02
-1.672874242067337036e-01
7.249238342046737671e-02
1.682287752628326416e-01
3.530182540416717529e-01
-2.917957603931427002e-01
-3.038871102035045624e-02
-2.626394033432006836e-01
3.093915581703186035e-01
1.695855706930160522e-02
3.334200084209442139e-01
-1.219905838370323181e-01
1.333570331335067749e-01
5.442443490028381348e-02
-9.753040969371795654e-02
-2.253863774240016937e-02
-2.077372930943965912e-02
