-7.495090365409851074e-03
-8.142948150634765625e-03
4.825540818274021149e-03
2.911194227635860443e-03
7.785355206578969955e-03
6.898138206452131271e-03
1.074792724102735519e-02
6.214721594005823135e-03
1.340968767181038857e-03
1.563269062899053097e-03
5.555244628340005875e-03
1.291778287850320339e-03
1.186435110867023468e-03
-1.687739713815972209e-04
-3.244495950639247894e-03
-5.658598151057958603e-03
-2.210150239989161491e-03
-1.605390280019491911e-04
-8.688027970492839813e-03
-2.858724910765886307e-03
-8.720920886844396591e-04
-3.258801298215985298e-03
-2.338916237931698561e-04
-1.346975099295377731e-03
-9.730746038258075714e-03
-1.000435743480920792e-02
-9.563730098307132721e-03
-4.101270809769630432e-03
2.086180029436945915e-03
1.190822292119264603e-02
-7.982936687767505646e-03
-4.970287382602691650e-01
-3.190754950046539307e-01
7.525179535150527954e-02
7.020378857851028442e-02
7.169453054666519165e-02
5.262850224971771240e-02
1.164821162819862366e-02
-1.609918288886547089e-02
-1.803117431700229645e-02
-7.192454300820827484e-03
2.004321198910474777e-03
6.554688792675733566e-03
5.892038345336914062e-03
1.879919902421534061e-03
-2.572940429672598839e-03
-5.262017715722322464e-03
-4.674595780670642853e-03
-2.928539179265499115e-03
-7.782963220961391926e-04
-4.348865710198879242e-03
1.776208984665572643e-03
-1.283453893847763538e-03
2.513622865080833435e-03
-4.963548853993415833e-03
-1.117476844228804111e-03
-4.950978793203830719e-03
-6.166729144752025604e-03
-4.017154569737613201e-04
3.758769482374191284e-03
-3.673620056360960007e-03
-3.207774134352803230e-04
-7.038038223981857300e-03
1.407753326930105686e-03
-1.286537293344736099e-02
