8.133937371894717216e-04
1.508203917182981968e-03
1.637412351556122303e-03
5.074985674582421780e-04
5.906313308514654636e-04
1.761764578986912966e-04
8.954107033787295222e-05
4.002269268035888672e+00
2.995029499288648367e-04
5.438618827611207962e-04
4.903810331597924232e-04
8.224116172641515732e-04
-1.281049684621393681e-03
-2.051233313977718353e-03
-1.274265232495963573e-03
7.307873456738889217e-04
3.022154094651341438e-03
9.325355640612542629e-04
-1.266132807359099388e-03
2.377097029238939285e-03
4.608936607837677002e-03
4.031743388622999191e-03
4.073645977769047022e-04
-2.207786077633500099e-03
-1.855569076724350452e-03
2.100754762068390846e-03
1.745275557041168213e-01
2.690355777740478516e-01
1.043763905763626099e-01
6.251501441001892090e-01
2.605585753917694092e-01
3.077253401279449463e-01
5.262395739555358887e-01
2.273710370063781738e-01
4.597910046577453613e-01
1.848748028278350830e-01
3.197039961814880371e-01
1.149057671427726746e-01
1.834913492202758789e-01
3.468166664242744446e-02
4.369002766907215118e-03
-7.461351901292800903e-02
-1.143127530813217163e-01
-1.147129535675048828e-01
-2.023825794458389282e-01
-4.137885291129350662e-03
-1.397258043289184570e-01
1.232876926660537720e-01
8.215221762657165527e-02
2.504538595676422119e-01
2.200733721256256104e-01
2.763399779796600342e-01
2.620293200016021729e-01
1.504759192466735840e-01
9.670146554708480835e-02
-4.189015552401542664e-02
-4.864902421832084656e-02
-7.698361575603485107e-02
-2.496077492833137512e-02
8.218023180961608887e-02
1.389180421829223633e-01
2.132420092821121216e-01
1.507204920053482056e-01
4.024821892380714417e-02
-2.745374105870723724e-02
-1.010577827692031860e-01
4.075454548001289368e-03
1.458397209644317627e-01
9.689065068960189819e-02
1.275374293327331543e-01
1.093275919556617737e-01
1.417484786361455917e-02
3.008445492014288902e-03
-4.762745276093482971e-02
-3.680159896612167358e-02
-6.261134147644042969e-02
-3.653443977236747742e-02
-1.283878684043884277e-01
-7.102855294942855835e-02
-1.415317505598068237e-01
-1.221860125660896301e-01
-1.231078058481216431e-01
-1.203403547406196594e-01
-1.297880709171295166e-01
-4.305109323468059301e-04
4.261408746242523193e-02
6.729136407375335693e-02
4.226713255047798157e-02
1.493921875953674316e-01
1.734218597412109375e-01
1.122962608933448792e-01
2.051895856857299805e-01
1.800643205642700195e-01
2.483860254287719727e-01
1.405978351831436157e-01
2.155700027942657471e-01
5.584295094013214111e-02
1.966854184865951538e-01
1.866563595831394196e-02
1.867680251598358154e-02
7.097666151821613312e-03
6.932891905307769775e-03
6.041074637323617935e-03
2.089021436404436827e-04
-4.911124240607023239e-03
-1.453397702425718307e-02
-8.594462997280061245e-04
-8.607027702964842319e-04
-1.177965663373470306e-03
-2.750332350842654705e-04
1.395340950693935156e-04
-2.329400274902582169e-03
-1.772169722244143486e-03
-1.819099416024982929e-03
1.270435284823179245e-03
-1.325554621871560812e-04
-3.144834772683680058e-04
-1.610737410373985767e-03
-2.831312303896993399e-05
1.216346630826592445e-03
8.529059123247861862e-04
1.214856165461242199e-03
8.981727296486496925e-04
7.387585355900228024e-04
5.136814434081315994e-04
-1.213157520396634936e-04
4.222488787490874529e-04
4.251404607202857733e-04
1.652282808208838105e-04
