-1.143847475759685040e-03
-2.099458826705813408e-03
-2.229135716333985329e-03
2.067054389044642448e-03
5.768740084022283554e-03
5.046598147600889206e-03
-3.252111434936523438e+00
4.086495842784643173e-03
2.332017989829182625e-03
6.935188174247741699e-01
5.907013416290283203e-01
9.409440308809280396e-02
-3.784942030906677246e-01
-1.052266135811805725e-01
1.345765739679336548e-01
2.030731439590454102e-01
-1.043499633669853210e-01
-4.083585739135742188e-01
-1.252581272274255753e-02
1.783280819654464722e-01
7.636585086584091187e-02
-2.356503903865814209e-02
1.988828182220458984e-01
1.799351125955581665e-01
1.935930401086807251e-01
-2.013889374211430550e-03
-1.451619202271103859e-03
-2.260248875245451927e-04
-1.171483774669468403e-03
-2.345450222492218018e-03
-1.902538002468645573e-03
1.402053050696849823e-03
4.943961277604103088e-03
