-2.869723830372095108e-03
-2.631335053592920303e-03
3.844013452529907227e+00
-1.391314784996211529e-03
-1.991302939131855965e-03
-1.010011911392211914e+00
8.758361451327800751e-03
7.470054626464843750e-01
4.040231555700302124e-02
-5.625615715980529785e-01
1.990084350109100342e-01
7.069556508213281631e-03
-6.918721646070480347e-02
1.053260918706655502e-02
2.433868199586868286e-01
-6.440715515054762363e-04
-2.457024762406945229e-03
-4.045332316309213638e-03
-2.363686915487051010e-03
2.034181263297796249e-03
-6.510984967462718487e-04
