2.507977653294801712e-03
2.838698914274573326e-03
2.574288053438067436e-03
1.670964993536472321e-03
1.548111205920577049e-03
1.177677186205983162e-03
-5.897091701626777649e-02
-1.576989591121673584e-01
-3.043679147958755493e-02
-2.802978036925196648e-03
-4.438980817794799805e-01
-3.400383889675140381e-01
-1.264372915029525757e-01
-4.385785013437271118e-02
1.353321038186550140e-02
1.430859714746475220e-01
-3.417927324771881104e-01
-1.053157821297645569e-01
3.779897391796112061e-01
7.519249338656663895e-03
-3.819307088851928711e-01
-4.352020621299743652e-01
1.471247375011444092e-01
7.500267028808593750e-01
7.318392992019653320e-01
2.896082699298858643e-01
-5.361839197576045990e-03
-2.524201631546020508e+00
5.817121127620339394e-04
1.216241042129695415e-03
7.488593691959977150e-04
7.823919295333325863e-04
5.743650835938751698e-04
