-8.863439783453941345e-03
-9.371927008032798767e-03
-6.832533399574458599e-04
6.868197669973596931e-05
1.238251454196870327e-03
8.719892241060733795e-03
-1.759898732416331768e-03
-2.280378015711903572e-03
9.951072279363870621e-04
8.955560624599456787e-04
4.165396094322204590e-03
-4.164201673120260239e-03
4.335952398832887411e-04
1.046181656420230865e-03
2.820638474076986313e-03
-1.291062566451728344e-03
-5.026255734264850616e-03
-1.204913016408681870e-03
-1.614458044059574604e-03
-2.300780761288478971e-04
-1.983689609915018082e-03
-2.120546298101544380e-03
-2.671054797247052193e-03
8.802361553534865379e-04
1.141831977292895317e-03
-6.258799694478511810e-03
-1.924426527693867683e-03
9.359790128655731678e-04
-2.309600677108392119e-04
-1.547783031128346920e-03
-7.679201080463826656e-04
-1.218711957335472107e-03
-4.244300653226673603e-04
-9.073039400391280651e-04
-5.262010963633656502e-04
-1.384868170134723186e-03
5.348288686946034431e-04
5.297825555317103863e-04
-2.660545869730412960e-04
-1.871387939900159836e-04
-7.197050726972520351e-04
1.606855308637022972e-03
-8.887436124496161938e-04
6.124773644842207432e-04
-4.171240652794949710e-05
3.758623279281891882e-06
-5.044404533691704273e-04
-4.690021451096981764e-04
5.044437129981815815e-04
-1.402762136422097683e-03
-2.405222272500395775e-03
-5.604160833172500134e-04
-2.297472907230257988e-03
-2.999632153660058975e-03
-3.946129232645034790e-03
-6.413436029106378555e-03
-9.900384582579135895e-03
-1.136437617242336273e-02
-1.800326816737651825e-02
-2.857985720038414001e-02
-5.163787305355072021e-02
-1.023245006799697876e-01
-1.821035742759704590e-01
5.608310103416442871e-01
4.449964463710784912e-01
-5.492199584841728210e-02
-3.302470967173576355e-02
-2.262609452009201050e-02
-1.715954393148422241e-02
-9.345428086817264557e-03
-8.833210449665784836e-05
4.580203443765640259e-03
5.832410417497158051e-03
7.018646690994501114e-03
5.092148669064044952e-03
6.185560021549463272e-03
3.004093421623110771e-03
1.215531301568262279e-04
-9.504255722276866436e-04
-6.077373982407152653e-04
-7.884092046879231930e-04
-3.626430989243090153e-04
9.818231919780373573e-04
-1.301885058637708426e-04
2.045513392658904195e-04
1.101119094528257847e-03
4.487971891649067402e-04
9.888494387269020081e-04
1.549257780425250530e-03
1.230686670169234276e-03
1.133629702962934971e-03
8.300549234263598919e-04
-2.450682804919779301e-04
-8.312171557918190956e-04
-1.359616580884903669e-04
1.816662261262536049e-03
8.858232176862657070e-04
1.935902400873601437e-03
3.364409785717725754e-03
-2.566931536421179771e-03
1.932797837071120739e-03
9.560206672176718712e-04
9.890786604955792427e-04
-1.983694499358534813e-03
-1.439986372133716941e-04
6.314552738331258297e-04
2.585610491223633289e-04
3.362226998433470726e-03
8.597494452260434628e-04
1.899284543469548225e-03
5.975855980068445206e-03
2.711779903620481491e-03
3.159844083711504936e-03
-1.886110985651612282e-03
1.969622913748025894e-03
-8.314068545587360859e-04
5.862658377736806870e-03
-1.093766186386346817e-03
-1.781580212991684675e-04
7.089892402291297913e-03
-6.333034951239824295e-03
-1.313916174694895744e-03
-9.007092448882758617e-04
2.869319578167051077e-04
-1.858284231275320053e-03
-8.729836554266512394e-04
4.408592823892831802e-03
6.236168090254068375e-03
6.938448175787925720e-03
