2.722643781453371048e-03
-6.447776686400175095e-03
-1.595540158450603485e-02
-2.481376752257347107e-02
-2.759719640016555786e-02
-4.528120160102844238e-02
-8.629073202610015869e-02
-1.602599211037158966e-02
-8.763973414897918701e-02
1.933577843010425568e-02
-3.044992685317993164e-01
-2.155679464340209961e-02
-3.778364043682813644e-03
1.607940532267093658e-02
5.011194851249456406e-03
-8.317071013152599335e-03
-4.022824577987194061e-03
-5.597865208983421326e-03
-3.279339522123336792e-03
-4.467780701816082001e-03
-8.499916642904281616e-03
