-8.830324513837695122e-04
2.867654548026621342e-04
2.750910818576812744e-03
8.684376953169703484e-04
1.861764001660048962e-03
2.623303327709436417e-03
2.264620736241340637e-03
1.972118625417351723e-03
6.480814423412084579e-03
-3.987959623336791992e+00
5.454025231301784515e-03
2.019133884459733963e-03
4.472106229513883591e-03
5.639738868921995163e-03
4.516802728176116943e-03
5.106860306113958359e-03
5.755213554948568344e-03
5.437854211777448654e-03
4.378959070891141891e-03
3.464534180238842964e-03
1.140390755608677864e-03
3.330173785798251629e-04
2.398156095296144485e-03
3.221607767045497894e-03
3.451020224019885063e-03
3.264834638684988022e-03
-3.548955544829368591e-03
-1.055414229631423950e-02
-8.632247336208820343e-03
-4.171523265540599823e-03
-3.786740358918905258e-03
4.188592429272830486e-04
-1.792793907225131989e-02
9.649177081882953644e-03
7.449285686016082764e-02
4.669993743300437927e-02
4.273420665413141251e-03
-1.032710354775190353e-02
-3.227800130844116211e-02
-8.402392268180847168e-04
-1.660657487809658051e-02
-3.135467320680618286e-02
-8.847548067569732666e-02
3.107014112174510956e-03
-9.780257940292358398e-02
-1.755931181833148003e-03
-2.589032426476478577e-02
1.135290339589118958e-01
1.104611605405807495e-01
2.233263850212097168e-01
1.904733180999755859e-01
2.391230911016464233e-01
1.669769734144210815e-01
1.117517128586769104e-01
8.710390888154506683e-03
-1.287783086299896240e-01
-1.505205780267715454e-01
-2.437671273946762085e-01
-1.347605735063552856e-01
-4.155256226658821106e-02
3.862802311778068542e-02
7.996609061956405640e-02
9.748487174510955811e-02
3.582501085475087166e-03
4.282241314649581909e-02
-1.914051771163940430e-01
-9.066637605428695679e-02
-2.138192802667617798e-01
-7.750479876995086670e-02
-1.124748662114143372e-01
-4.119175020605325699e-03
-1.385908760130405426e-02
9.475837461650371552e-03
1.248947624117136002e-02
-6.562387198209762573e-02
-3.338186070322990417e-02
-1.062332764267921448e-01
-5.265352129936218262e-02
-1.275935769081115723e-01
-5.719123035669326782e-02
-1.525762826204299927e-01
-6.827789545059204102e-02
-1.684961169958114624e-01
-1.309033036231994629e-01
-1.501368582248687744e-01
-2.263144850730895996e-01
-1.803938001394271851e-01
-2.301978319883346558e-01
-2.523635029792785645e-01
-1.830297261476516724e-01
-2.126478105783462524e-01
-1.521713435649871826e-01
-1.738742589950561523e-01
-7.657158374786376953e-02
-1.977743953466415405e-01
-1.128401756286621094e-01
-7.738849520683288574e-02
-5.222706124186515808e-02
-1.236591488122940063e-03
-9.769269963726401329e-04
-3.717030584812164307e-02
-2.355114929378032684e-02
-1.418821513652801514e-02
-9.330654516816139221e-03
3.538312157616019249e-03
2.599515952169895172e-03
-1.934254309162497520e-03
-6.915216799825429916e-03
-3.954635933041572571e-03
4.290581215173006058e-03
4.989512730389833450e-03
5.779045168310403824e-03
5.122117232531309128e-03
3.150488948449492455e-03
1.110344543121755123e-03
-1.488515292294323444e-03
3.737431252375245094e-04
2.415861468762159348e-03
3.660381305962800980e-03
1.156248897314071655e-02
1.001377124339342117e-02
6.226686295121908188e-03
3.532105823978781700e-03
2.829861128702759743e-03
4.084044601768255234e-03
4.888580646365880966e-03
3.825940424576401711e-03
-5.157743114978075027e-03
1.415769802406430244e-04
