-1.985369436442852020e-02
-1.303904573433101177e-03
1.385827548801898956e-02
5.245970189571380615e-02
8.041749894618988037e-02
1.916516944766044617e-02
3.590590134263038635e-02
5.192132294178009033e-02
3.062278032302856445e-02
2.966469824314117432e-01
2.013889327645301819e-02
-6.059471517801284790e-03
-2.177633577957749367e-03
-2.828006865456700325e-03
-2.797043882310390472e-03
-5.964898504316806793e-03
1.590043772011995316e-03
-5.915184970945119858e-03
2.920404076576232910e-03
6.719207856804132462e-03
1.700480934232473373e-03
