-2.478894889354705811e-01
-4.034231305122375488e-01
-3.785924017429351807e-01
-3.556900024414062500e-01
-3.683431148529052734e-01
-2.079257071018218994e-01
-2.831678688526153564e-01
-6.528847813606262207e-01
-6.387218832969665527e-01
-7.133695483207702637e-01
-4.735630750656127930e-01
-8.840676546096801758e-01
-1.785075664520263672e-01
-6.810065507888793945e-01
-3.568625077605247498e-02
-3.681906759738922119e-01
-2.988949716091156006e-01
-6.108592823147773743e-02
1.740075834095478058e-02
-1.621821336448192596e-02
8.342520333826541901e-03
