-1.578457304276525974e-03
-1.288087340071797371e-03
-2.093313494697213173e-03
-8.563960000174120069e-05
-1.522737089544534683e-03
-6.408784538507461548e-04
-9.062989265657961369e-04
-1.536246240139007568e-01
-2.881588339805603027e-01
-2.278275191783905029e-01
-4.796828329563140869e-01
-4.017292559146881104e-01
-4.533979296684265137e-01
-5.008572340011596680e-01
-5.149682760238647461e-01
-4.211700260639190674e-01
-6.378021240234375000e-01
-3.403991162776947021e-01
-1.720381528139114380e-01
-2.046558409929275513e-01
1.700428873300552368e-01
1.676472276449203491e-01
-2.848128415644168854e-02
9.616400115191936493e-03
-2.340699136257171631e-01
-3.135812580585479736e-01
-3.600824773311614990e-01
-9.000658057630062103e-03
-2.945584803819656372e-02
-1.595680974423885345e-02
2.280337363481521606e-02
5.129662528634071350e-02
-1.715722084045410156e-01
-1.390443891286849976e-01
4.127706214785575867e-02
-1.004961282014846802e-01
-1.147499233484268188e-01
-1.737905144691467285e-01
7.467755675315856934e-02
2.423990815877914429e-01
1.618186682462692261e-01
2.425881773233413696e-01
6.974585354328155518e-02
1.886265426874160767e-01
1.992029249668121338e-01
-4.250209406018257141e-02
4.669841378927230835e-02
-5.559002980589866638e-03
-2.291605472564697266e-01
-1.333373785018920898e-01
-1.366675943136215210e-01
-9.651982784271240234e-02
-6.222308427095413208e-02
-3.262394294142723083e-02
-3.037910442799329758e-03
-2.223683521151542664e-03
-9.856905089691281319e-04
2.113822614774107933e-03
2.836691448464989662e-03
8.192965178750455379e-04
-2.248923759907484055e-03
-4.267138428986072540e-04
-1.092760707251727581e-03
-2.717070514336228371e-03
-2.562677720561623573e-03
