-2.073990553617477417e-02
-2.175133861601352692e-02
-3.171438723802566528e-02
-9.108066558837890625e-03
-2.152963168919086456e-02
-1.127323135733604431e-01
-8.830501139163970947e-02
1.636748909950256348e-01
-2.120913416147232056e-01
-2.282183468341827393e-01
-9.299910813570022583e-02
2.124866098165512085e-01
2.816447913646697998e-01
7.994022220373153687e-02
4.153021052479743958e-02
1.103505492210388184e-02
3.815208747982978821e-02
8.838512003421783447e-03
-2.444288879632949829e-02
-1.008874177932739258e-02
4.210189357399940491e-02
