8.655273122712969780e-04
4.402382764965295792e-04
-2.763404627330601215e-04
-2.710610569920390844e-04
-2.402095356956124306e-03
-2.420312492176890373e-03
-2.584777073934674263e-03
-8.005645358934998512e-04
-1.939811743795871735e-03
-3.531461989041417837e-04
-7.679689442738890648e-04
-1.524625695310533047e-03
-9.475852712057530880e-04
-1.896315021440386772e-03
-2.389159984886646271e-03
-2.856530947610735893e-03
-1.423082547262310982e-03
-2.369058318436145782e-03
-9.582914062775671482e-04
-3.385975956916809082e-03
-2.056540688499808311e-03
-1.230690977536141872e-03
-2.485379343852400780e-03
-2.782099647447466850e-03
-2.348586218431591988e-03
-2.196026500314474106e-03
-2.197036519646644592e-03
-1.995051279664039612e-03
-3.418797627091407776e-03
-1.857162336818873882e-03
-2.256090287119150162e-03
-8.850919548422098160e-04
-1.469830749556422234e-03
-1.910632243379950523e-03
-2.046419540420174599e-03
-1.360358670353889465e-03
-2.152804518118500710e-03
-2.216880442574620247e-03
-1.357356668449938297e-03
-2.074056770652532578e-03
-3.601048374548554420e-04
-9.813955985009670258e-04
-1.500292448326945305e-03
-1.559647847898304462e-03
-1.097444677725434303e-03
-1.728787668980658054e-03
-4.604656132869422436e-04
-1.614777138456702232e-03
-8.213480468839406967e-04
-1.986346673220396042e-03
1.419087522663176060e-03
1.171210969914682209e-04
3.288607113063335419e-03
1.115323277190327644e-03
7.310749497264623642e-04
-2.903685206547379494e-03
-9.282299317419528961e-03
-1.444574818015098572e-02
-2.554243989288806915e-02
-4.129422083497047424e-02
-5.840643867850303650e-02
-8.618430048227310181e-02
-1.161870509386062622e-01
4.239846169948577881e-01
3.803882598876953125e-01
-7.592001557350158691e-02
-3.834725916385650635e-02
-1.494828518480062485e-02
-1.211875211447477341e-02
-5.777988117188215256e-03
-1.771295093931257725e-03
4.406201653182506561e-03
5.244856700301170349e-03
5.460045766085386276e-03
3.437626641243696213e-03
3.946296870708465576e-03
2.829299075528979301e-03
1.088079181499779224e-03
2.456614049151539803e-03
1.097442233003675938e-03
2.241031499579548836e-03
3.123056667391210794e-04
2.524693030864000320e-03
4.822587361559271812e-04
4.815631837118417025e-04
7.051652646623551846e-04
1.776846474967896938e-03
2.213946310803294182e-03
1.437306520529091358e-03
7.068032282404601574e-04
8.124031010083854198e-04
1.733814715407788754e-03
7.873795693740248680e-04
-7.346527854679152369e-05
-2.870525640901178122e-04
-3.425522008910775185e-04
-1.349097932688891888e-03
5.359998322091996670e-04
6.197277107276022434e-04
9.903442114591598511e-04
-3.908547514583915472e-04
-9.696824708953499794e-04
-6.308206357061862946e-04
-3.272467583883553743e-04
-3.561400808393955231e-04
-5.403712275438010693e-04
-1.502916449680924416e-03
-2.032873453572392464e-03
-1.103557879105210304e-03
-1.892183208838105202e-03
-8.172863745130598545e-04
-9.922551689669489861e-04
-3.459985367953777313e-03
-1.370845362544059753e-03
-1.940132933668792248e-03
-2.806917997077107430e-03
-1.839053002186119556e-03
-1.342586707323789597e-03
-2.984835067763924599e-03
-1.022394513711333275e-03
-1.812691800296306610e-03
-5.376104963943362236e-04
-2.681272570043802261e-03
-8.873768965713679790e-04
-7.275779498741030693e-04
-1.737075974233448505e-03
-1.126275863498449326e-03
-3.033507382497191429e-04
-2.445257967337965965e-03
