4.670492489822208881e-04
-2.160334406653419137e-05
2.889818191528320312e+00
5.401941016316413879e-04
5.891108303330838680e-04
-2.814451290760189295e-04
-2.542218193411827087e-03
-3.605471458286046982e-03
7.376404828391969204e-04
1.853983616456389427e-03
5.941642448306083679e-04
1.133369951276108623e-04
1.313410029979422688e-04
1.620480674318969250e-03
1.249145567417144775e-01
2.003315463662147522e-02
1.089477166533470154e-01
5.074678920209407806e-03
3.319261372089385986e-01
2.164867334067821503e-02
-7.345370016992092133e-03
-9.742614626884460449e-02
-2.099206000566482544e-01
-1.270361840724945068e-01
-3.604746656492352486e-03
2.872354350984096527e-02
5.205211415886878967e-02
-1.296986937522888184e-01
1.494817286729812622e-01
2.141463458538055420e-01
-1.077103242278099060e-01
-3.095611631870269775e-01
9.726881980895996094e-02
1.805130392313003540e-01
2.449420243501663208e-01
2.727131545543670654e-01
-9.902945160865783691e-02
-1.463881731033325195e-01
-2.982880733907222748e-02
-2.562314644455909729e-02
6.869327276945114136e-02
4.164731800556182861e-01
2.949555814266204834e-01
3.803043961524963379e-01
2.684958279132843018e-01
7.355074584484100342e-02
1.103602722287178040e-02
2.552676573395729065e-02
3.326342627406120300e-02
3.792146220803260803e-02
9.074005298316478729e-03
2.171490155160427094e-02
7.317080744542181492e-04
2.943255472928285599e-03
2.088933950290083885e-03
1.046287652570754290e-04
-7.128441939130425453e-04
-8.761470962781459093e-05
9.109096135944128036e-04
-3.939482558052986860e-04
1.231481786817312241e-03
7.198055973276495934e-04
1.406500232405960560e-03
1.395441242493689060e-03
1.605595345608890057e-03
