2.804811477661132812e+00
1.690105438232421875e+00
2.710822820663452148e+00
1.627366781234741211e+00
2.379638433456420898e+00
9.532660245895385742e-01
2.089169979095458984e+00
8.564075827598571777e-01
1.476575493812561035e+00
2.590317726135253906e-01
1.460730075836181641e+00
-1.283202916383743286e-01
6.223992705345153809e-01
-2.047295570373535156e-01
2.490697614848613739e-02
-3.838978111743927002e-01
1.590474992990493774e-01
-2.714888453483581543e-01
-3.804799318313598633e-01
-5.945693701505661011e-02
2.734564617276191711e-02
