8.347227238118648529e-03
-3.490642877295613289e-03
-2.597170416265726089e-03
2.862187335267663002e-03
-8.971634670160710812e-04
2.430526539683341980e-03
-1.321103656664490700e-03
5.239094025455415249e-04
-1.227451721206307411e-04
-4.091429524123668671e-03
-5.708421580493450165e-03
3.187791444361209869e-03
-1.159550505690276623e-03
-1.831704634241759777e-03
3.367749741300940514e-03
3.133575897663831711e-03
6.921034073457121849e-04
-5.656247027218341827e-03
-4.088982939720153809e-03
-3.238213947042822838e-03
2.479503396898508072e-03
3.349835984408855438e-03
8.403103798627853394e-03
1.334052160382270813e-02
1.256806775927543640e-02
7.906725630164146423e-03
-1.606456586159765720e-03
-9.620021097362041473e-03
-1.182218734174966812e-02
-3.871397930197417736e-04
1.578741706907749176e-02
3.961219191551208496e-01
1.897480189800262451e-01
-3.892701864242553711e-02
-5.456547439098358154e-02
-5.005403980612754822e-02
-3.050766885280609131e-02
-9.156187064945697784e-03
-4.629753675544634461e-05
1.501864404417574406e-03
-1.864997611846774817e-04
2.807793673127889633e-03
2.143861493095755577e-03
-1.887985854409635067e-03
-3.755033831112086773e-04
5.191941745579242706e-03
9.664178360253572464e-04
2.603858476504683495e-03
-2.141979523003101349e-03
2.393526257947087288e-03
2.711202716454863548e-03
-3.362761577591300011e-03
-3.287920961156487465e-03
2.122922800481319427e-03
3.536835720296949148e-04
2.637169556692242622e-03
8.458214811980724335e-03
2.308908384293317795e-03
-2.515349537134170532e-03
1.706023584119975567e-03
1.103355665691196918e-03
4.109288565814495087e-03
1.836681040003895760e-03
-1.000572228804230690e-03
6.733766756951808929e-03
