1.187547802925109863e+00
-1.577684998512268066e+00
1.978378653526306152e+00
-1.785783052444458008e+00
1.358408331871032715e+00
-1.481694936752319336e+00
1.063072681427001953e+00
-3.226941227912902832e-01
1.107205748558044434e+00
-4.673233628273010254e-01
4.262816309928894043e-01
-7.346425652503967285e-01
5.790979266166687012e-01
5.035940557718276978e-02
-1.606372743844985962e-01
-7.974162101745605469e-01
-2.547358907759189606e-02
-2.017442286014556885e-01
-1.562748700380325317e-01
-1.377444621175527573e-02
1.638328842818737030e-02
