-5.822057370096445084e-03
6.374437361955642700e-03
-6.079232320189476013e-03
1.102340524084866047e-03
1.656811567954719067e-03
3.819291712716221809e-03
-1.537223928608000278e-03
3.330162260681390762e-03
-3.496714634820818901e-04
-1.881798147223889828e-03
2.834978513419628143e-03
4.535832442343235016e-03
7.448526448570191860e-04
-2.532125217840075493e-03
4.182089120149612427e-03
5.788155249319970608e-04
5.972212646156549454e-03
2.653412753716111183e-03
-4.413167946040630341e-03
1.968824770301580429e-03
3.448238596320152283e-03
8.532569045200943947e-04
1.617869595065712929e-03
3.441248321905732155e-03
8.618613937869668007e-04
1.648024655878543854e-03
-2.612692536786198616e-03
-3.590055042877793312e-03
3.118764652754180133e-05
-2.357326739002019167e-04
4.472978878766298294e-03
-2.659976249560713768e-03
3.604722907766699791e-03
1.285629114136099815e-03
-2.810817444697022438e-03
7.522108498960733414e-04
3.547101048752665520e-03
1.127647701650857925e-03
4.413719289004802704e-03
8.987604524008929729e-04
-3.992175916209816933e-04
5.989538505673408508e-03
-3.800004924414679408e-05
4.836795851588249207e-03
-2.798415487632155418e-03
-1.986115472391247749e-03
3.538259770721197128e-03
-2.359513193368911743e-03
-2.809037221595644951e-03
5.725401570089161396e-04
-2.159642521291971207e-03
1.369878533296287060e-03
1.079594017937779427e-03
-1.942327478900551796e-03
-3.651658538728952408e-03
-1.692383433692157269e-03
-3.797107143327593803e-03
-9.760055691003799438e-03
-2.278136461973190308e-02
-3.482452780008316040e-02
-6.001318618655204773e-02
-9.088625013828277588e-02
-1.222136393189430237e-01
4.792179465293884277e-01
3.712392449378967285e-01
-3.782790899276733398e-02
-2.933387458324432373e-02
-2.762280218303203583e-02
-2.476235106587409973e-02
-1.347054168581962585e-02
2.876534708775579929e-04
5.569198634475469589e-03
1.037075091153383255e-02
1.147205196321010590e-02
1.041065156459808350e-02
1.066164020448923111e-02
8.258190006017684937e-03
4.977343603968620300e-03
-4.156920593231916428e-03
-9.080126765184104443e-04
-5.302374716848134995e-03
-6.216998677700757980e-03
-1.375928753986954689e-03
-1.651049358770251274e-03
2.454973058775067329e-03
2.756647882051765919e-04
2.351357368752360344e-03
3.477563383057713509e-03
3.585452213883399963e-04
3.712234552949666977e-03
-8.314903243444859982e-04
8.972592768259346485e-04
2.187933307141065598e-03
-3.536419710144400597e-03
6.355898221954703331e-04
2.924449276179075241e-03
-1.183438813313841820e-03
4.868137650191783905e-03
2.187787322327494621e-03
1.524979714304208755e-03
8.750905981287360191e-04
2.266517374664545059e-03
6.299440283328294754e-04
3.469606628641486168e-03
9.594636503607034683e-04
-4.174771020188927650e-04
5.012508016079664230e-03
1.922300783917307854e-03
6.426159525290131569e-04
7.275208365172147751e-03
3.707046853378415108e-03
-2.197771973442286253e-04
2.474453503964468837e-05
2.617280231788754463e-03
5.034858360886573792e-03
-4.680800717324018478e-03
8.355578174814581871e-04
6.691662129014730453e-03
-1.353079918771982193e-03
-2.788148354738950729e-03
1.288059051148593426e-03
-2.014279452851042151e-04
-6.829529535025358200e-03
2.215726301074028015e-03
6.880619097501039505e-03
-1.389977289363741875e-03
4.392308648675680161e-03
2.454880857840180397e-03
-2.211392158642411232e-03
