1.134391501545906067e-02
1.409143581986427307e-02
1.164379715919494629e-02
8.541293442249298096e-03
1.791690662503242493e-02
1.214650925248861313e-02
4.063352942466735840e-03
7.603870704770088196e-03
1.682727597653865814e-02
2.216579206287860870e-02
1.149618718773126602e-02
9.623324498534202576e-03
6.388478446751832962e-03
-8.013164624571800232e-03
1.306716445833444595e-02
4.613193273544311523e-01
7.353208027780056000e-03
-1.760289222002029419e-01
-1.387431025505065918e-01
-1.130531542003154755e-02
1.937453262507915497e-02
-1.050454843789339066e-02
-1.981448568403720856e-02
-2.347845584154129028e-02
5.298037081956863403e-03
1.803472824394702911e-02
5.740002728998661041e-03
9.612364694476127625e-03
-4.734937567263841629e-03
9.936613030731678009e-03
9.443903341889381409e-03
1.055243052542209625e-02
1.352859567850828171e-02
