9.987195022404193878e-03
7.509622257202863693e-03
1.117421197704970837e-03
7.869244436733424664e-04
9.114830172620713711e-04
1.858059200458228588e-03
-1.497222110629081726e-03
-8.078792598098516464e-04
6.932264566421508789e-01
6.404004693031311035e-01
-3.155592596158385277e-03
-2.325769662857055664e-01
-4.948102235794067383e-01
-1.396681368350982666e-01
2.832883596420288086e-01
3.396417014300823212e-03
-3.715363517403602600e-02
1.744280159473419189e-01
1.376372128725051880e-01
1.724676191806793213e-01
-4.711210131645202637e-01
-1.674481034278869629e-01
4.818859696388244629e-01
5.147033184766769409e-02
-4.075417816638946533e-01
-2.132388353347778320e-01
-3.305726451799273491e-03
9.506559581495821476e-04
-1.502985134720802307e-03
-4.282517358660697937e-03
-3.033501386642456055e+00
6.626363028772175312e-04
1.070828177034854889e-03
