-2.031716285273432732e-03
2.148151863366365433e-03
-2.492528408765792847e-03
-6.022229790687561035e-03
3.783169202506542206e-03
6.823677103966474533e-03
7.471735589206218719e-03
-1.142967492341995239e-02
7.514429162256419659e-04
4.761456977576017380e-03
-6.712478352710604668e-04
4.787978250533342361e-03
1.159752998501062393e-02
-3.621479263529181480e-04
-5.519627593457698822e-04
2.198793925344944000e-03
5.737743806093931198e-03
2.424421487376093864e-03
8.613264071755111217e-04
1.062475726939737797e-03
2.474719425663352013e-03
-7.802676991559565067e-04
-1.523936516605317593e-03
3.372400766238570213e-03
3.931511193513870239e-03
8.973573334515094757e-03
8.802616037428379059e-03
2.289644471602514386e-04
-8.367900736629962921e-03
-5.096408072859048843e-03
1.171707361936569214e-02
3.154198825359344482e-01
1.813690811395645142e-01
-3.968348726630210876e-02
-4.619961604475975037e-02
-4.731609672307968140e-02
-3.959922492504119873e-02
-1.888129115104675293e-02
-8.841508533805608749e-04
1.291089504957199097e-02
1.097160764038562775e-02
1.055029220879077911e-02
3.478336380794644356e-03
-5.602288525551557541e-03
-3.570048371329903603e-03
2.715825568884611130e-03
4.203272052109241486e-03
3.279519034549593925e-03
1.762449974194169044e-03
-5.159339401870965958e-03
-4.475098103284835815e-03
1.717744744382798672e-04
-9.449737990507856011e-05
3.960864618420600891e-03
-3.829734632745385170e-03
4.216742701828479767e-03
-3.042600117623806000e-03
6.421199650503695011e-04
3.772299271076917648e-03
1.751374220475554466e-03
1.373683917336165905e-04
9.868361987173557281e-03
1.585151650942862034e-03
2.486887155100703239e-03
-1.624392898520454764e-04
