3.662361763417720795e-03
3.472410142421722412e-03
4.145222250372171402e-03
1.763668470084667206e-02
-2.175163507461547852e+00
-1.355330228805541992e+00
-5.377779006958007812e-01
9.650651812553405762e-01
1.386951357126235962e-01
-3.853343725204467773e-01
-8.223096281290054321e-02
1.832512952387332916e-02
3.379881680011749268e-01
-3.116666972637176514e-01
8.230479434132575989e-03
6.006020121276378632e-03
-1.205707900226116180e-03
7.617940427735447884e-04
3.830624511465430260e-03
9.476104751229286194e-03
8.329731412231922150e-03
