8.330576238222420216e-04
9.945305064320564270e-04
2.609997289255261421e-03
1.323371892794966698e-03
-9.036574920173734426e-05
-4.847190808504819870e-03
6.272758473642170429e-04
1.771480194292962551e-03
4.027953837066888809e-03
9.723435505293309689e-04
-1.589661813341081142e-03
-7.885596714913845062e-03
-1.394403399899601936e-03
5.799475125968456268e-03
1.528545375913381577e-02
-1.960926747415214777e-04
-8.509368635714054108e-04
-2.387830615043640137e-01
-1.043957546353340149e-01
-3.080925345420837402e-01
-9.089630842208862305e-02
-1.395711954683065414e-02
9.097410738468170166e-02
2.145400345325469971e-01
1.180161610245704651e-01
1.565400213003158569e-01
4.202349111437797546e-02
5.971711128950119019e-02
-1.823725737631320953e-02
-1.130836978554725647e-01
1.019092202186584473e-01
-1.436719596385955811e-01
-2.343485504388809204e-02
-1.759326271712779999e-02
-1.713135540485382080e-01
-1.675131022930145264e-01
-2.407871782779693604e-01
-1.573159918189048767e-02
1.511373557150363922e-03
4.056192040443420410e-01
2.216577827930450439e-01
2.083271592855453491e-01
-2.917190454900264740e-02
-1.446174830198287964e-01
-3.199387192726135254e-01
-6.849066168069839478e-02
-5.382584407925605774e-03
1.907009035348892212e-01
1.799406260251998901e-01
2.728344127535820007e-02
1.200919318944215775e-02
-9.408117532730102539e-01
-1.039700210094451904e-02
-3.505148410797119141e+00
2.386334389448165894e-01
-3.029106378555297852e+00
-3.116141073405742645e-03
1.445033471100032330e-03
2.237217035144567490e-03
3.000230761244893074e-03
1.843811594881117344e-03
-1.069334568455815315e-03
4.852681013289839029e-04
1.875903457403182983e-03
-1.521111407782882452e-04
