1.109889708459377289e-02
7.698477711528539658e-03
4.385180771350860596e-03
-1.611727103590965271e-02
3.700510365888476372e-03
4.089296795427799225e-03
6.488866172730922699e-03
-1.998645253479480743e-03
-1.575140841305255890e-02
-9.925508871674537659e-03
1.935736089944839478e-02
2.041338942945003510e-02
-1.714270003139972687e-02
1.499534398317337036e-02
3.907486423850059509e-02
5.064696669578552246e-01
1.802555769681930542e-01
3.573647886514663696e-02
3.612964227795600891e-02
3.684214130043983459e-02
3.265471756458282471e-02
2.709921635687351227e-02
1.939569972455501556e-02
1.258671469986438751e-02
1.446413993835449219e-02
1.223923079669475555e-02
6.649222224950790405e-03
7.222460699267685413e-04
-7.112176157534122467e-03
-3.988602198660373688e-03
-3.438874613493680954e-03
9.983003837987780571e-04
-5.150434095412492752e-03
