1.195306773297488689e-03
1.692606718279421329e-03
8.392761810682713985e-04
-2.625548124313354492e+00
1.251498311758041382e-01
7.985514402389526367e-01
8.968976140022277832e-01
-8.008439838886260986e-02
-5.890890359878540039e-01
3.712201416492462158e-01
1.160702556371688843e-01
9.424706548452377319e-02
-3.626457154750823975e-01
5.029474198818206787e-02
4.609111323952674866e-02
-2.176505625247955322e-01
-2.635697135701775551e-03
-2.274423604831099510e-03
-1.271896064281463623e-03
-2.263788599520921707e-03
7.050158455967903137e-04
