-1.104264333844184875e-02
9.514939039945602417e-03
1.188907073810696602e-03
-1.502459170296788216e-03
-6.125329528003931046e-03
-7.015544688329100609e-04
-4.026403184980154037e-03
8.344975300133228302e-03
2.217872533947229385e-03
-5.456812214106321335e-03
-5.038050003349781036e-03
7.229332113638520241e-04
3.823707811534404755e-03
-3.303622361272573471e-03
-2.472722670063376427e-03
-3.314111381769180298e-03
-5.898172501474618912e-03
-2.680256497114896774e-03
-2.279001520946621895e-03
-4.753977060317993164e-03
-4.984215833246707916e-03
-9.074438130483031273e-04
2.454587724059820175e-03
3.992543555796146393e-03
-2.655506832525134087e-04
-3.039550036191940308e-03
-1.250855159014463425e-02
3.963490482419729233e-03
5.966689065098762512e-02
1.185835301876068115e-01
1.182408109307289124e-01
-3.952391147613525391e-01
-3.027312755584716797e-01
-1.129602827131748199e-02
-2.139660762622952461e-03
9.948160499334335327e-03
1.049026846885681152e-02
-2.907009795308113098e-03
-1.033328101038932800e-02
-1.719137839972972870e-02
-1.980549283325672150e-02
-1.222854852676391602e-02
-3.681276459246873856e-03
5.208168644458055496e-03
6.716697942465543747e-03
5.245788488537073135e-03
-5.941073759458959103e-04
-1.788054592907428741e-03
-2.569174685049802065e-04
-2.461266238242387772e-03
-4.729514330392703414e-05
9.161666966974735260e-03
-2.446095459163188934e-03
2.313783392310142517e-03
-2.755073364824056625e-03
-2.830439712852239609e-03
2.452145563438534737e-03
-6.304596085101366043e-03
2.331686700927093625e-04
3.243361425120383501e-04
-5.638858769088983536e-03
-6.107261870056390762e-04
4.846545867621898651e-03
7.889586500823497772e-03
-1.318831229582428932e-03
