2.105465537169948220e-04
-2.742921060416847467e-04
8.078959945123642683e-05
-1.957670086994767189e-03
-2.780803944915533066e-03
-1.019270624965429306e-03
8.381560328416526318e-04
-1.371916499920189381e-03
-3.646640062332153320e+00
7.026857929304242134e-04
-1.314480453729629517e-01
-5.517901154235005379e-04
3.642333438619971275e-03
2.680257661268115044e-03
-1.918045729398727417e-01
-2.876116633415222168e-01
-6.979158520698547363e-01
-5.365924239158630371e-01
-3.211784362792968750e-01
3.356795059517025948e-03
1.257907897233963013e-01
2.939894497394561768e-01
2.489809393882751465e-01
1.497615426778793335e-01
-8.797656744718551636e-02
-1.975979208946228027e-01
-4.012150466442108154e-01
-5.798774957656860352e-02
3.917238209396600723e-03
2.975455485284328461e-02
9.377155452966690063e-02
6.527462601661682129e-02
-1.895543038845062256e-01
-1.474123448133468628e-01
3.155184164643287659e-02
-1.403594315052032471e-01
-1.724179238080978394e-01
-1.002692654728889465e-01
7.645899802446365356e-02
1.685110330581665039e-01
1.710858792066574097e-01
1.747487634420394897e-01
2.118698135018348694e-02
1.224839687347412109e-01
2.368882112205028534e-02
5.078449845314025879e-03
-2.851650817319750786e-03
-9.734082850627601147e-04
-1.349009689874947071e-03
-1.986899878829717636e-03
-3.907592967152595520e-03
-2.708008745685219765e-03
8.204557932913303375e-03
4.547246266156435013e-03
1.497928285971283913e-03
3.831592330243438482e-04
-3.578964387997984886e-04
2.420183969661593437e-03
6.380252074450254440e-03
3.222174244001507759e-03
-2.096435055136680603e-03
-2.060358412563800812e-03
7.514299941249191761e-04
6.786804879084229469e-04
6.874836981296539307e-04
