1.026520784944295883e-02
3.454471298027783632e-04
-1.962473150342702866e-03
-3.228818997740745544e-02
2.767062559723854065e-02
-2.569340541958808899e-02
2.249036356806755066e-02
6.587988883256912231e-02
1.217667013406753540e-02
-3.713089041411876678e-03
-2.187133580446243286e-02
-1.444041496142745018e-03
1.805664971470832825e-02
4.790967795997858047e-03
8.240916766226291656e-03
2.656556200236082077e-03
-4.139699507504701614e-03
-4.258144646883010864e-03
8.673134259879589081e-03
8.325808681547641754e-03
-5.110358819365501404e-03
-2.068083034828305244e-03
8.548562182113528252e-04
-9.868847206234931946e-03
-9.312131442129611969e-03
5.053923930972814560e-03
4.279713146388530731e-03
3.041786840185523033e-03
9.305126033723354340e-03
7.430044468492269516e-03
4.926319699734449387e-03
3.102386835962533951e-03
7.208166178315877914e-03
1.223063748329877853e-02
2.381742931902408600e-03
4.907111637294292450e-03
1.625613076612353325e-03
-5.624652840197086334e-04
-2.222444396466016769e-03
-2.916147001087665558e-03
-5.073770880699157715e-03
-5.836025811731815338e-03
-8.236916735768318176e-03
-1.038327440619468689e-02
-1.192422118037939072e-02
-1.048337668180465698e-02
-7.512084674090147018e-03
-3.859640797600150108e-03
2.394543116679415107e-04
4.430565051734447479e-03
1.072785258293151855e-02
1.453785505145788193e-02
2.045228704810142517e-02
2.595314197242259979e-02
2.626892738044261932e-02
2.817132696509361267e-02
2.458542399108409882e-02
3.078407235443592072e-02
4.624786600470542908e-02
8.069385588169097900e-02
1.512385606765747070e-01
2.840332686901092529e-01
4.579218924045562744e-01
-4.141466319561004639e-01
-4.252511262893676758e-01
2.171748280525207520e-01
1.847265511751174927e-01
9.470786899328231812e-02
3.953494504094123840e-02
1.214486453682184219e-02
-1.818843447836115956e-04
-1.124226953834295273e-02
-1.860500685870647430e-02
-1.685577817261219025e-02
-1.057843677699565887e-02
-6.492574233561754227e-03
-8.356987498700618744e-03
-3.438076935708522797e-03
-3.646494122222065926e-03
-2.792764862533658743e-04
-4.235750384395942092e-05
-3.878784773405641317e-04
1.930920872837305069e-03
1.577719667693600059e-04
2.776379464194178581e-03
3.018761752173304558e-03
1.384764909744262695e-03
-5.760961794294416904e-04
-2.617787977214902639e-04
-1.485696644522249699e-03
-4.817471373826265335e-03
-3.434592857956886292e-03
-3.460049862042069435e-03
-4.104154184460639954e-03
-3.776618046686053276e-03
-8.221684955060482025e-03
-7.042014505714178085e-03
-6.385108921676874161e-03
-1.260280329734086990e-02
-7.139932829886674881e-03
-5.804598797112703323e-03
-2.102439058944582939e-03
-7.775727193802595139e-03
-1.435270905494689941e-02
-2.284150337800383568e-03
-3.104977076873183250e-03
-1.299441140145063400e-02
-1.108236797153949738e-02
-1.584212109446525574e-02
-1.092545036226511002e-02
-1.071286108344793320e-02
-9.046675637364387512e-03
-1.878053136169910431e-02
-1.279204711318016052e-02
6.616830360144376755e-03
1.047731842845678329e-03
1.368758734315633774e-03
3.589231148362159729e-02
3.887052088975906372e-02
7.475457619875669479e-03
1.757087185978889465e-02
5.736315995454788208e-02
-2.301917597651481628e-02
3.741683205589652061e-03
-1.679007709026336670e-02
5.247865244746208191e-02
-2.961432561278343201e-02
-4.345404915511608124e-03
-6.281673908233642578e-02
