-4.876841325312852859e-03
1.786791719496250153e-03
3.002566751092672348e-03
-2.209218963980674744e-02
1.641271403059363365e-03
-6.394302472472190857e-04
5.008850246667861938e-03
1.184304617345333099e-02
9.793890640139579773e-03
-5.598371848464012146e-03
-2.666680142283439636e-02
-6.911778473295271397e-04
1.736246980726718903e-02
8.946595713496208191e-03
-1.408132538199424744e-02
-1.160996593534946442e-02
1.139698736369609833e-02
5.119665991514921188e-03
-2.264779806137084961e-02
-4.661143291741609573e-03
-1.412412035278975964e-03
6.293747108429670334e-03
-1.043147128075361252e-02
-8.167264051735401154e-03
1.728055067360401154e-03
-2.063352381810545921e-03
-4.892311058938503265e-03
1.511047780513763428e-02
-4.612404387444257736e-03
1.127845980226993561e-02
-8.032307028770446777e-03
3.574761562049388885e-03
1.147053902968764305e-03
1.092810090631246567e-02
-1.120157539844512939e-03
3.936527355108410120e-04
-2.837271662428975105e-03
1.005581952631473541e-02
-1.900966628454625607e-03
-1.098323962651193142e-03
3.742060158401727676e-03
-1.913296990096569061e-03
1.678593544056639075e-04
-2.871419768780469894e-03
-5.971820093691349030e-03
-1.410798053257167339e-03
-3.577110823243856430e-03
-2.132933121174573898e-03
5.057339556515216827e-03
7.109862053766846657e-04
3.038422437384724617e-03
2.901649801060557365e-03
-1.808238099329173565e-03
-4.450179170817136765e-03
-4.810158861801028252e-04
-7.298926822841167450e-03
-4.639076068997383118e-03
-8.236550725996494293e-03
1.830189838074147701e-03
1.290548965334892273e-02
2.668022550642490387e-02
5.459489300847053528e-02
1.001130416989326477e-01
-4.272000789642333984e-01
-4.504410326480865479e-01
1.227281913161277771e-01
7.516209781169891357e-02
4.710377007722854614e-02
3.260100260376930237e-02
2.773245982825756073e-02
2.325721085071563721e-02
1.567026972770690918e-02
1.425947342067956924e-02
9.476427920162677765e-03
1.695427345111966133e-03
-6.899198051542043686e-03
-6.231415085494518280e-03
1.031519379466772079e-03
1.306883641518652439e-03
1.493428950197994709e-03
-3.662822069600224495e-03
3.595473943278193474e-03
1.993687823414802551e-03
1.866727950982749462e-03
7.259672507643699646e-03
-4.806654178537428379e-04
9.615173330530524254e-04
8.203458972275257111e-03
-2.322160871699452400e-03
4.496489651501178741e-03
-4.954139585606753826e-04
-6.298889638856053352e-04
-4.243430448696017265e-04
-9.744380367919802666e-04
5.612584762275218964e-03
4.944502376019954681e-03
-1.361409318633377552e-03
7.375332061201334000e-03
-1.436855643987655640e-02
-5.968602839857339859e-03
-4.177459515631198883e-03
1.886546798050403595e-02
1.621769554913043976e-02
3.719239262863993645e-03
1.040646806359291077e-02
-3.544904990121722221e-03
2.436951268464326859e-03
-1.137209031730890274e-02
-1.448168652132153511e-03
-2.695452608168125153e-02
3.101290203630924225e-03
-3.769541857764124870e-03
1.354357693344354630e-02
-1.076501607894897461e-02
-8.436899632215499878e-03
-4.108238965272903442e-03
-3.860985627397894859e-03
-7.601970806717872620e-03
-8.540957933291792870e-04
1.123663317412137985e-02
-6.871633697301149368e-03
-2.415492897853255272e-03
6.026092451065778732e-03
-8.668356575071811676e-03
-1.009706314653158188e-02
-1.529506640508770943e-03
1.919309375807642937e-03
-2.953815564978867769e-04
5.491335410624742508e-03
