1.836755312979221344e-02
2.000480145215988159e-02
9.547723457217216492e-03
2.965287677943706512e-02
7.003238797187805176e-02
9.708112478256225586e-02
5.308774113655090332e-02
1.132647916674613953e-01
1.178250741213560104e-02
-8.240096569061279297e-01
4.164613485336303711e-01
1.607091277837753296e-01
2.107238583266735077e-02
-4.734006244689226151e-03
-3.483971953392028809e-02
-3.366195783019065857e-02
-3.988002240657806396e-02
-4.079731181263923645e-02
-5.651126429438591003e-02
-4.058760032057762146e-02
-2.311889082193374634e-02
