6.778141949325799942e-03
5.595916882157325745e-02
1.036806032061576843e-01
6.539940834045410156e-02
2.245788723230361938e-01
1.221871525049209595e-01
-1.862867027521133423e-01
-5.856335908174514771e-02
-2.271230667829513550e-01
1.773141920566558838e-01
5.913918465375900269e-02
4.905198141932487488e-02
8.650661259889602661e-02
4.263525903224945068e-01
1.930566430091857910e-01
4.077054262161254883e-01
-1.327488422393798828e-01
9.933526162058115005e-04
1.396566280163824558e-03
3.314795205369591713e-03
6.116240750998258591e-03
