5.061746574938297272e-03
-1.645389245823025703e-03
-2.137802541255950928e-03
-4.303029738366603851e-03
-2.071203896775841713e-03
1.578581868670880795e-03
-8.687836088938638568e-05
-3.849019994959235191e-03
4.291960969567298889e-03
2.230813726782798767e-03
1.159787876531481743e-03
-3.814349183812737465e-03
-2.330661052837967873e-03
-2.716804156079888344e-03
1.986935269087553024e-03
1.308837323449552059e-03
-2.888404531404376030e-03
1.219355617649853230e-03
-7.009571418166160583e-03
-6.343912682496011257e-04
-8.150708861649036407e-03
-7.454656995832920074e-03
-5.451616831123828888e-03
-1.159282750450074673e-03
4.308601375669240952e-03
1.606685924343764782e-03
-6.486237980425357819e-03
-4.987948574125766754e-03
-3.255305346101522446e-03
-3.677681321278214455e-03
-6.868220400065183640e-03
-3.584366440773010254e-01
-1.780462563037872314e-01
4.700679704546928406e-02
5.734251439571380615e-02
5.245473608374595642e-02
3.898656368255615234e-02
1.529456675052642822e-02
-7.946490310132503510e-03
-9.888126514852046967e-03
-9.412599727511405945e-03
-3.950236830860376358e-03
6.261031609028577805e-03
3.658161731436848640e-03
3.114134073257446289e-03
-1.977946842089295387e-03
3.822281723842024803e-04
-3.441429696977138519e-03
1.735948026180267334e-03
2.662610029801726341e-03
3.517845878377556801e-03
-1.678942004218697548e-03
6.996538722887635231e-04
4.638225771486759186e-03
-4.353693686425685883e-03
6.845997995696961880e-04
-1.379755442030727863e-03
2.907081507146358490e-03
-3.924583084881305695e-03
2.072747331112623215e-03
-6.868144846521317959e-04
1.701481640338897705e-03
1.953809056431055069e-03
7.443275535479187965e-04
-4.114144947379827499e-03
