-5.254227668046951294e-03
-3.741397988051176071e-03
3.488788497634232044e-04
2.272511483170092106e-05
-1.797932927729561925e-04
1.622933312319219112e-03
1.711999997496604919e-03
-4.135098715778440237e-04
3.948475059587508440e-04
-2.780135720968246460e-03
1.826322637498378754e-03
4.076189361512660980e-03
4.404079634696245193e-03
2.286607865244150162e-03
-3.092382568866014481e-03
-2.185982884839177132e-03
1.256201998330652714e-03
-3.580024349503219128e-04
3.962050192058086395e-03
5.908057093620300293e-03
6.917919381521642208e-04
3.558700671419501305e-03
-3.354184082127176225e-05
-1.059851050376892090e-02
-2.117205411195755005e-02
-2.469385974109172821e-02
-2.436409331858158112e-02
-2.619324624538421631e-02
-2.984713204205036163e-02
-3.663446381688117981e-02
-4.602945968508720398e-02
-4.201038479804992676e-01
-4.362488985061645508e-01
-2.804482728242874146e-02
-1.700805872678756714e-02
-1.360640302300453186e-02
-6.807179655879735947e-03
-4.386379383504390717e-03
-2.028035232797265053e-03
9.419615962542593479e-04
2.382389735430479050e-03
8.821287774480879307e-04
-6.594389560632407665e-05
-1.805875916033983231e-03
3.200068604201078415e-03
-1.777417026460170746e-03
-5.687888478860259056e-04
6.415967363864183426e-04
3.662122646346688271e-03
1.488399459049105644e-03
5.530898342840373516e-04
1.803469844162464142e-03
-2.282728208228945732e-03
3.019012976437807083e-03
-5.955246742814779282e-04
-6.228460464626550674e-03
-2.816847118083387613e-04
-9.721641545183956623e-04
-4.590299213305115700e-04
3.581789787858724594e-04
-1.483929081587120891e-04
-5.186549387872219086e-03
-2.393461298197507858e-03
3.146485891193151474e-03
2.756198635324835777e-03
