4.362930357456207275e-01
-8.628792315721511841e-02
5.060483217239379883e-01
-7.153221964836120605e-02
2.864858806133270264e-01
-5.898471474647521973e-01
3.475857079029083252e-01
-1.505822390317916870e-01
3.904724121093750000e-02
-3.539655804634094238e-01
3.682696819305419922e-01
-4.979530274868011475e-01
-1.056569591164588928e-01
-3.734393417835235596e-01
-4.318788945674896240e-01
-4.049515426158905029e-01
-8.160816878080368042e-02
-1.949443370103836060e-01
-4.651395976543426514e-01
8.539194613695144653e-02
3.824187815189361572e-02
