-7.606921717524528503e-04
-1.903289958136156201e-04
-1.301415031775832176e-04
-4.022186476504430175e-05
-1.610011386219412088e-04
-5.541498539969325066e-04
-5.654207780025899410e-04
5.701418558601289988e-05
3.125954390270635486e-05
-1.856719109127880074e-06
1.473859301768243313e-03
6.574062108993530273e-01
9.862442016601562500e-01
8.441210389137268066e-01
9.154020547866821289e-01
8.853973746299743652e-01
7.755557298660278320e-01
5.556004047393798828e-01
4.328053295612335205e-01
2.239930033683776855e-01
1.064836047589778900e-02
-3.236172720789909363e-02
-1.471114009618759155e-01
-7.480282336473464966e-02
-5.583816394209861755e-02
-7.656193338334560394e-03
1.714917570352554321e-01
2.023772001266479492e-01
3.945517912507057190e-02
1.423303633928298950e-01
4.745154082775115967e-02
2.877037227153778076e-01
1.181716993451118469e-01
-9.576144069433212280e-02
-1.968039721250534058e-01
-1.382007300853729248e-01
-8.501012809574604034e-03
3.232863545417785645e-01
2.051108479499816895e-01
2.444825917482376099e-01
-8.387570828199386597e-02
-2.001892775297164917e-01
-2.741729319095611572e-01
-3.520530462265014648e-01
-2.809222638607025146e-01
-2.699981033802032471e-01
-2.161001265048980713e-01
-1.693094223737716675e-01
2.824330236762762070e-03
2.843210706487298012e-03
8.313193172216415405e-02
1.687011122703552246e-01
6.906293856445699930e-05
1.196775629068724811e-04
-1.538907526992261410e-04
-1.424045476596802473e-04
3.447994531597942114e-04
1.040111295878887177e-03
4.742738383356481791e-04
-1.725868933135643601e-04
2.749394334387034178e-04
-4.407959349919110537e-04
-1.886872341856360435e-03
-3.165937261655926704e-03
-9.395612869411706924e-04
