-1.257533431053161621e+00
-1.675466299057006836e-01
-1.026212692260742188e+00
-6.522914171218872070e-01
-9.636865854263305664e-01
-6.587131023406982422e-01
-3.171757459640502930e-01
-4.462880790233612061e-01
-1.928923428058624268e-01
-3.073027916252613068e-02
-2.629515230655670166e-01
-7.880320399999618530e-02
7.480689138174057007e-02
-9.375001490116119385e-02
-5.633021518588066101e-02
-8.327466249465942383e-01
-8.028850704431533813e-02
-4.665650129318237305e-01
-4.303988814353942871e-02
5.052695423364639282e-02
1.057862397283315659e-02
