-3.065756149590015411e-02
3.548541571944952011e-03
-7.849102839827537537e-03
1.083920989185571671e-02
-1.242113858461380005e-02
-3.228446468710899353e-02
1.606929674744606018e-02
2.725004404783248901e-02
-1.114176237024366856e-03
3.560897894203662872e-03
1.092759799212217331e-02
-1.548729557543992996e-02
-4.377875942736864090e-03
-5.462830886244773865e-03
6.328065879642963409e-03
-2.820399357005953789e-03
4.741135518997907639e-03
-1.384484209120273590e-02
-2.882290631532669067e-03
-3.690506797283887863e-03
2.151170978322625160e-03
5.178839433938264847e-03
-3.739168168976902962e-03
3.940176684409379959e-04
1.665422320365905762e-02
7.598289754241704941e-03
-5.961780436336994171e-03
-1.488940324634313583e-02
1.192976254969835281e-02
-1.231921091675758362e-02
-2.435761125525459647e-04
7.767968345433473587e-03
-1.325037516653537750e-02
8.533507585525512695e-03
-2.669316949322819710e-03
2.024691086262464523e-03
3.092441009357571602e-03
-7.969129830598831177e-03
5.727602168917655945e-03
1.139482762664556503e-02
-4.076716955751180649e-03
7.617881521582603455e-03
1.604081713594496250e-03
-1.248466433025896549e-03
-3.589023137465119362e-03
2.841782756149768829e-03
-2.439021132886409760e-03
-4.207278601825237274e-03
-1.812802511267364025e-03
-2.156553789973258972e-03
-7.190912147052586079e-04
-8.940174593590199947e-04
-2.042339881882071495e-03
-3.558014985173940659e-03
-3.848349151667207479e-04
2.837968524545431137e-03
4.175182839389890432e-04
-3.906897269189357758e-03
-2.641427330672740936e-03
-3.815488889813423157e-03
2.258212538436055183e-03
-3.532524034380912781e-02
-9.020148217678070068e-02
4.575278460979461670e-01
5.368520617485046387e-01
-1.715115457773208618e-01
-1.081244722008705139e-01
-5.785441026091575623e-02
-4.514655843377113342e-02
-2.505812048912048340e-02
-1.399515941739082336e-02
-1.847488619387149811e-02
-7.909774780273437500e-03
3.847352054435759783e-04
-2.230095211416482925e-03
1.143025932833552361e-03
-3.445072332397103310e-03
-3.241911297664046288e-03
2.403572434559464455e-03
-1.970544923096895218e-03
-6.213461980223655701e-03
-3.354839514940977097e-03
3.953924402594566345e-03
5.037687718868255615e-03
7.809437811374664307e-03
6.012625060975551605e-03
-4.188782069832086563e-03
5.084895063191652298e-03
1.088510267436504364e-02
8.936697617173194885e-03
8.937432430684566498e-03
-1.406589522957801819e-03
-8.540751412510871887e-03
-1.057107932865619659e-03
-1.271881256252527237e-02
-8.401796221733093262e-03
-9.681031806394457817e-04
-1.374368183314800262e-02
1.523559913039207458e-02
1.530804485082626343e-02
-7.335513946600258350e-04
-8.166681975126266479e-03
2.136798016726970673e-02
-1.974497735500335693e-02
-8.566109463572502136e-03
1.352397538721561432e-02
1.456929370760917664e-02
-2.256381092593073845e-03
-7.807934656739234924e-03
-1.311337761580944061e-02
6.360841915011405945e-03
-1.305171940475702286e-02
4.534809850156307220e-03
-1.340680290013551712e-02
4.716335795819759369e-03
-1.877829432487487793e-02
-1.055832114070653915e-02
6.652910262346267700e-03
-2.380214445292949677e-02
9.847171604633331299e-03
7.893157307989895344e-04
-1.167345698922872543e-02
1.291652861982584000e-02
2.833014540374279022e-02
9.565535932779312134e-03
3.902811324223875999e-03
-3.031832631677389145e-03
2.154743857681751251e-02
-1.226095389574766159e-02
