7.398828864097595215e-01
-4.277743399143218994e-01
5.620545148849487305e-01
-4.006193280220031738e-01
4.853073954582214355e-01
-1.053237840533256531e-01
1.117047816514968872e-01
-2.025942318141460419e-02
-1.561080943793058395e-02
6.690849363803863525e-02
1.852451115846633911e-01
5.149222910404205322e-03
1.616493165493011475e-01
3.413925468921661377e-01
1.261055469512939453e-01
4.109054207801818848e-01
-1.761376112699508667e-01
3.672387078404426575e-02
6.260969676077365875e-03
4.064313136041164398e-03
1.527065294794738293e-03
