4.821232985705137253e-03
4.642094485461711884e-03
-2.131647802889347076e-02
-8.942142128944396973e-03
4.282601177692413330e-02
7.800708711147308350e-02
4.384645447134971619e-02
8.820760995149612427e-02
4.761567339301109314e-02
-3.052355051040649414e-01
3.317393735051155090e-02
3.749146312475204468e-02
3.935664892196655273e-03
-7.877442985773086548e-04
-9.399299509823322296e-03
-1.031234115362167358e-02
-1.427960302680730820e-02
-1.402356196194887161e-02
-1.675669476389884949e-02
-1.779690012335777283e-02
-1.581939309835433960e-02
