-5.516746640205383301e-02
-8.723346889019012451e-02
-1.467066258192062378e-01
-8.936694264411926270e-02
-9.471874684095382690e-02
-8.106254786252975464e-02
-1.461150944232940674e-01
1.646467745304107666e-01
1.817078590393066406e-01
-2.668137848377227783e-01
-2.690029442310333252e-01
-1.302469968795776367e-01
2.921876907348632812e-01
1.431225091218948364e-01
1.505193561315536499e-01
3.862472996115684509e-02
5.236211046576499939e-02
4.900661855936050415e-02
-1.569870510138571262e-04
4.028354212641716003e-02
3.230441361665725708e-02
