-2.987304935231804848e-03
2.056783530861139297e-03
-4.873360041528940201e-03
5.905441008508205414e-03
4.238350782543420792e-03
-2.504685427993535995e-03
5.079219583421945572e-03
3.966560587286949158e-03
-4.327560774981975555e-03
6.247377954423427582e-03
-4.012099932879209518e-03
-1.732475473545491695e-03
-9.879142744466662407e-04
-3.559877630323171616e-03
5.070321261882781982e-03
-4.813329782336950302e-03
3.343659627716988325e-04
-2.328589558601379395e-03
-8.335065795108675957e-04
-1.425936585292220116e-03
9.391258936375379562e-04
3.698903601616621017e-03
3.533625276759266853e-03
-2.906250301748514175e-03
-5.538297700695693493e-04
6.235730252228677273e-04
-3.915702458471059799e-03
9.378129034303128719e-04
-2.426978666335344315e-03
-1.392042846418917179e-03
-1.884695957414805889e-03
-2.486318582668900490e-03
-1.606375211849808693e-03
-8.574846433475613594e-04
-4.065264074597507715e-04
6.779100513085722923e-04
-3.700923640280961990e-03
2.543450333178043365e-03
-4.580869863275438547e-04
-1.714198617264628410e-03
-4.096447490155696869e-03
2.769548678770661354e-03
1.412944402545690536e-03
5.464336718432605267e-04
2.098205499351024628e-03
2.915351069532334805e-04
1.912193838506937027e-03
7.478293846361339092e-04
1.987061928957700729e-03
5.878933588974177837e-04
-3.668306861072778702e-03
-3.657459979876875877e-03
-6.296627223491668701e-03
-7.982194423675537109e-03
-1.135217398405075073e-02
-1.313850563019514084e-02
-6.693943869322538376e-03
6.437234696932137012e-04
1.121664233505725861e-02
2.398926205933094025e-02
2.788968011736869812e-02
3.089928254485130310e-02
3.849668800830841064e-02
-3.421913385391235352e-01
-4.493383765220642090e-01
1.109243184328079224e-01
7.876908034086227417e-02
5.315388366580009460e-02
3.663560003042221069e-02
2.428710274398326874e-02
1.358073763549327850e-02
5.991456098854541779e-03
-6.376088131219148636e-04
-1.777258003130555153e-03
-2.701159100979566574e-03
-1.084105344489216805e-03
-8.307475363835692406e-04
-3.193871816620230675e-03
1.107996940845623612e-04
1.239884062670171261e-03
-2.245034556835889816e-03
2.213195111835375428e-04
7.171122124418616295e-04
1.473053707741200924e-03
1.613028463907539845e-03
4.489475031732581556e-05
1.029769191518425941e-03
1.250852947123348713e-03
3.390557831153273582e-04
3.325828351080417633e-03
1.592220622114837170e-03
5.376231856644153595e-04
3.703498747199773788e-03
3.267162712290883064e-03
2.778558991849422455e-03
1.118719694204628468e-03
3.843811107799410820e-03
1.211383496411144733e-04
4.395653668325394392e-04
-4.301498644053936005e-03
1.332091982476413250e-03
-2.973768860101699829e-03
-2.247211523354053497e-03
-3.224294865503907204e-03
-1.047251746058464050e-03
-4.919819999486207962e-03
1.162850530818104744e-03
-3.497022902593016624e-03
-5.747279152274131775e-03
1.404286012984812260e-03
-1.530295121483504772e-03
-5.084802396595478058e-04
-2.352178795263171196e-03
-3.293042303994297981e-03
1.617831294424831867e-04
1.175658777356147766e-03
1.200616126880049706e-03
-6.494566914625465870e-04
3.500899299979209900e-03
-6.261724513024091721e-03
-8.719125180505216122e-04
-7.326571270823478699e-03
-6.738503929227590561e-03
-2.184261567890644073e-03
-4.254989034961909056e-04
2.119037235388532281e-04
5.434387363493442535e-03
1.171595999039709568e-03
4.769242834299802780e-03
