-1.630733953788876534e-03
2.035451820120215416e-03
5.396360065788030624e-03
4.394926596432924271e-03
-4.750795960426330566e-01
-1.142260909080505371e+00
-5.290969014167785645e-01
4.820277988910675049e-01
-2.942589111626148224e-02
-8.957413583993911743e-02
4.896794632077217102e-02
1.372634023427963257e-01
3.512361943721771240e-01
-3.096618354320526123e-01
-2.730871737003326416e-01
-4.454759880900382996e-03
1.212322235107421875e+00
5.581669211387634277e-01
-4.445827653398737311e-05
-7.365499623119831085e-04
2.225949720013886690e-04
