-3.667098935693502426e-03
-4.143022932112216949e-03
-2.838896121829748154e-03
-1.269400417804718018e-01
5.772443413734436035e-01
6.991626024246215820e-01
6.809375882148742676e-01
2.204594165086746216e-01
-3.277582526206970215e-01
2.755700945854187012e-01
2.782871946692466736e-02
1.631828695535659790e-01
-2.747550904750823975e-01
-4.514127224683761597e-02
2.648487985134124756e-01
-8.732351474463939667e-03
9.178369306027889252e-03
2.031607553362846375e-02
-1.276332914130762219e-04
-2.338696736842393875e-03
-2.401146106421947479e-03
