-5.380311980843544006e-03
6.871939636766910553e-03
1.455324236303567886e-02
1.051491219550371170e-02
4.401904530823230743e-03
-7.436389569193124771e-03
-8.031256147660315037e-04
2.073342329822480679e-04
7.790018571540713310e-04
3.276275005191564560e-03
-7.322526653297245502e-04
2.091485634446144104e-02
5.898323655128479004e-02
1.080922186374664307e-01
1.626837551593780518e-01
-7.447347044944763184e-02
-3.746598362922668457e-01
1.360199898481369019e-01
-7.365262508392333984e-02
-4.161737859249114990e-02
2.179997228085994720e-02
2.784430235624313354e-02
-1.790730468928813934e-02
-4.084005579352378845e-02
-2.165939845144748688e-02
-1.287477649748325348e-02
-5.059209186583757401e-03
-9.282334707677364349e-03
-1.027260720729827881e-02
-6.105789914727210999e-03
-1.205627433955669403e-02
-5.791123956441879272e-03
-7.524443324655294418e-03
