-9.587220847606658936e-03
-1.966339536011219025e-03
1.501433178782463074e-02
1.759200473316013813e-03
6.314291153103113174e-03
-2.645248733460903168e-02
1.819694042205810547e-02
2.475447580218315125e-02
-9.312596172094345093e-02
-2.864279039204120636e-02
3.575583398342132568e-01
-1.880306005477905273e-01
-7.586367428302764893e-02
-9.423276036977767944e-02
-4.852914437651634216e-02
4.085294436663389206e-03
9.150873869657516479e-03
-1.499211229383945465e-02
-1.396796759217977524e-02
-3.460993757471442223e-04
-8.609539829194545746e-03
