1.948347548022866249e-03
-1.621254952624440193e-03
-2.688247011974453926e-03
-1.169615611433982849e-02
2.874267520383000374e-03
-3.249037545174360275e-03
1.358798146247863770e-02
-1.205382123589515686e-02
-8.257659152150154114e-03
5.220069084316492081e-03
3.463548142462968826e-03
-2.638262929394841194e-03
-4.797384142875671387e-03
-4.287268500775098801e-03
3.947252407670021057e-03
1.093323342502117157e-03
1.798397861421108246e-03
-1.312012900598347187e-03
7.405058946460485458e-03
1.182116754353046417e-02
-6.947812624275684357e-03
-1.250120997428894043e-02
-4.349495284259319305e-03
2.536843996495008469e-03
1.128235366195440292e-02
9.501603199169039726e-04
1.192816300317645073e-03
2.715125214308500290e-03
4.979277029633522034e-03
4.573721438646316528e-03
-1.217897748574614525e-03
1.958776731044054031e-03
-1.614755252376198769e-03
-3.130978439003229141e-03
-9.175795712508261204e-04
8.877465501427650452e-03
-2.771555213257670403e-03
3.431758843362331390e-03
-1.333944150246679783e-03
-7.337382412515580654e-04
1.462041982449591160e-03
1.774811971699818969e-04
-6.592586869373917580e-04
1.335933804512023926e-03
-8.750005508773028851e-04
2.616510959342122078e-03
-6.555434665642678738e-04
4.279318090993911028e-04
9.920073207467794418e-04
-3.807086497545242310e-03
1.939547946676611900e-03
6.997601012699306011e-04
-2.272308804094791412e-03
-3.368279794813133776e-05
-4.487501457333564758e-03
-5.777106154710054398e-03
-1.219129469245672226e-02
-1.403769571334123611e-02
-5.191701464354991913e-03
7.449769414961338043e-03
2.729831263422966003e-02
6.995481252670288086e-02
1.411764323711395264e-01
-5.236085653305053711e-01
-5.561015605926513672e-01
1.926338374614715576e-01
1.036203876137733459e-01
6.784766167402267456e-02
5.119610205292701721e-02
3.983230516314506531e-02
2.849754132330417633e-02
2.135368995368480682e-02
1.171125471591949463e-02
4.658264573663473129e-03
-1.045873737893998623e-03
-1.847207895480096340e-03
-3.627522150054574013e-03
-5.197137128561735153e-03
-3.329314291477203369e-03
-5.927059683017432690e-04
3.398337867110967636e-04
6.436139228753745556e-04
-2.083644969388842583e-03
-1.188977272249758244e-03
-5.653916741721332073e-04
4.727478604763746262e-03
-1.893120861495845020e-05
9.232584270648658276e-04
3.427201590966433287e-04
-1.360080204904079437e-03
2.412726404145359993e-03
-8.400069200433790684e-04
-1.901425886899232864e-03
-1.050393329933285713e-03
-6.760960677638649940e-04
-3.759408427868038416e-04
-1.902786665596067905e-03
-4.540650988928973675e-04
5.018459705752320588e-05
5.162513349205255508e-03
1.944475108757615089e-03
2.094762399792671204e-03
7.780712097883224487e-03
5.008979234844446182e-03
2.493876032531261444e-03
4.333232995122671127e-03
-5.101193673908710480e-03
-1.190526963910087943e-04
-7.364315912127494812e-03
2.504329662770032883e-03
6.141679827123880386e-03
7.710040081292390823e-03
-5.683222785592079163e-03
2.992464927956461906e-03
6.591986399143934250e-03
-5.051969550549983978e-03
3.443563589826226234e-03
9.030630812048912048e-03
-1.441970118321478367e-03
-7.150747114792466164e-04
6.851430051028728485e-03
-3.635005326941609383e-03
4.908468574285507202e-03
5.943619646131992340e-03
4.878155887126922607e-03
-9.583580307662487030e-03
1.597444340586662292e-02
-1.204891968518495560e-02
1.369890477508306503e-02
