2.901000436395406723e-03
-3.355117281898856163e-03
-3.029268002137541771e-03
4.960111342370510101e-03
3.364498494192957878e-03
1.260320539586246014e-03
-1.066320808604359627e-03
4.173554945737123489e-03
2.190608531236648560e-03
1.506061642430722713e-03
8.502114797011017799e-04
5.063763353973627090e-03
3.155621932819485664e-03
1.734793768264353275e-03
1.311544212512671947e-03
2.567503834143280983e-03
6.037077400833368301e-03
8.163014426827430725e-03
7.459679618477821350e-03
-3.700160421431064606e-03
-4.182950127869844437e-03
-1.334405969828367233e-03
1.369434321532025933e-04
1.142365392297506332e-02
1.894754357635974884e-02
1.880178973078727722e-02
9.495407342910766602e-03
-7.740648929029703140e-03
-1.969240792095661163e-02
-1.410273555666208267e-02
5.674157757312059402e-03
3.294380903244018555e-01
2.010121196508407593e-01
-3.732958063483238220e-02
-5.495697259902954102e-02
-4.457766562700271606e-02
-2.531038783490657806e-02
-1.141740754246711731e-02
-7.778310682624578476e-04
3.469760296866297722e-03
3.784070722758769989e-03
3.494588425382971764e-03
3.501368628349155188e-04
-1.297099050134420395e-03
-2.024988410994410515e-03
-6.238065543584525585e-04
4.205717705190181732e-03
-1.045333570800721645e-03
-4.260811838321387768e-04
-2.128210850059986115e-03
1.241454039700329304e-03
6.098660524003207684e-04
7.569068111479282379e-04
8.719942998141050339e-04
-1.163633889518678188e-03
4.107709508389234543e-03
9.491984965279698372e-04
-8.137486875057220459e-04
-6.119196186773478985e-04
7.604226469993591309e-03
2.005316549912095070e-03
-3.784486325457692146e-03
-1.090328441932797432e-04
4.493484273552894592e-03
-6.710832472890615463e-03
