2.485813573002815247e-02
6.098957359790802002e-02
3.883341699838638306e-02
3.005476854741573334e-02
-8.444841951131820679e-03
-5.350881442427635193e-02
-3.567021340131759644e-02
-4.078582860529422760e-03
3.738293796777725220e-02
1.490663643926382065e-02
-6.686196476221084595e-02
-8.345013111829757690e-02
-7.050296664237976074e-02
-1.274827122688293457e-01
-1.673023551702499390e-01
-3.328027725219726562e-01
-5.462752580642700195e-01
-7.187662273645401001e-02
8.087659627199172974e-02
-4.282181337475776672e-02
-4.640226066112518311e-02
-2.725611254572868347e-02
-2.823660615831613541e-03
6.736036390066146851e-03
5.759899970144033432e-03
9.173387661576271057e-03
-5.424113944172859192e-03
-5.175074096769094467e-03
5.139285232871770859e-03
7.100876420736312866e-03
4.831505008041858673e-03
-6.903748144395649433e-04
-3.198527032509446144e-03
