-1.160087063908576965e-03
3.198362537659704685e-05
-1.575530041009187698e-04
-1.017456161207519472e-04
-9.593533468432724476e-04
1.075320483323594090e-06
-7.911658613011240959e-04
2.925966982729732990e-04
4.255698877386748791e-04
8.061450789682567120e-04
2.635140670463442802e-03
2.117137890309095383e-03
3.442708111833781004e-04
3.475330013316124678e-04
-2.246215706691145897e-03
-4.307343158870935440e-03
-2.034858334809541702e-03
4.194873326923698187e-04
3.605729201808571815e-03
1.132538728415966034e-02
6.926823407411575317e-03
2.522226190194487572e-03
-1.481006154790520668e-03
-9.458341519348323345e-04
8.299096487462520599e-03
3.683700412511825562e-02
3.405803442001342773e-02
5.786421149969100952e-02
6.274534016847610474e-02
2.187856845557689667e-02
1.468200981616973877e-02
1.056662481278181076e-02
-1.132878195494413376e-02
-2.122103050351142883e-02
-7.515028119087219238e-02
-1.228958601132035255e-03
-2.011994272470474243e-01
-1.063069626688957214e-01
-8.419188857078552246e-02
-1.602687239646911621e-01
-6.436172872781753540e-02
-1.933673322200775146e-01
-1.787765510380268097e-02
-9.359116107225418091e-02
-5.129151046276092529e-03
-2.956628333777189255e-03
1.558913197368383408e-02
4.118438437581062317e-02
4.687989875674247742e-02
2.929021045565605164e-02
8.852966129779815674e-02
-2.155298367142677307e-02
7.954121381044387817e-02
-5.935218930244445801e-02
1.392430532723665237e-02
-1.035739332437515259e-01
-4.689851310104131699e-03
-3.208133205771446228e-02
2.508379146456718445e-02
1.331404447555541992e-01
1.600268781185150146e-01
2.024977952241897583e-01
2.421647906303405762e-01
1.467322558164596558e-01
1.050117909908294678e-01
-4.794388264417648315e-02
-9.794844686985015869e-02
-1.583268046379089355e-01
-1.407098323106765747e-01
-9.444563090801239014e-02
7.881924510002136230e-02
3.853748366236686707e-02
2.228587120771408081e-01
7.607311010360717773e-02
1.835211515426635742e-01
7.372594624757766724e-02
7.995135337114334106e-02
7.944060862064361572e-02
1.769242621958255768e-02
4.141232371330261230e-02
-3.894184483215212822e-03
-4.822856746613979340e-03
-1.014556642621755600e-02
-2.470757998526096344e-02
-1.722822897136211395e-02
2.217762870714068413e-03
1.544194761663675308e-02
3.227440267801284790e-02
1.177828311920166016e-01
1.102038770914077759e-01
1.668599247932434082e-01
2.600580155849456787e-01
3.122840225696563721e-01
2.948501408100128174e-01
4.269279837608337402e-01
3.170897662639617920e-01
3.828310668468475342e-01
5.337630510330200195e-01
7.852621078491210938e-01
1.967055797576904297e-01
5.515528321266174316e-01
7.995944470167160034e-03
2.183221429586410522e-01
6.116562057286500931e-03
1.004851656034588814e-03
-2.208282938227057457e-03
-2.828140510246157646e-03
-2.473760163411498070e-03
-2.161421347409486771e-03
-2.488368190824985504e-03
-1.160020357929170132e-03
1.212357776239514351e-03
1.000222400762140751e-03
1.182731008157134056e-03
1.091705984435975552e-03
7.550184964202344418e-04
5.290504195727407932e-04
-5.179342697374522686e-04
-9.276265627704560757e-04
-2.400677883997559547e-03
-8.498278330080211163e-04
-4.424883809406310320e-04
-3.469359653536230326e-04
-8.397556957788765430e-04
-1.338123576715588570e-03
4.135705471038818359e+00
-6.786801968701183796e-04
-8.987745386548340321e-04
9.006416657939553261e-04
