3.526015498209744692e-04
1.792440656572580338e-03
2.975990995764732361e-03
3.635643981397151947e-03
3.508088993839919567e-04
2.674778923392295837e-03
4.870703560300171375e-04
-6.079936865717172623e-03
-1.103567890822887421e-02
-1.112029189243912697e-03
1.931639313697814941e-01
9.967368096113204956e-02
-9.374850243330001831e-02
-3.345525264739990234e-01
1.487760841846466064e-01
4.280293583869934082e-01
-5.585377216339111328e-01
1.280871927738189697e-01
-3.208939358592033386e-02
-3.532163202762603760e-01
-2.673096060752868652e-01
8.755902200937271118e-02
3.596042692661285400e-01
6.638879776000976562e-01
-1.413705991581082344e-03
-6.810638904571533203e-01
-5.352044701576232910e-01
-2.647964954376220703e+00
1.349142054095864296e-03
1.094867242500185966e-03
2.850423799827694893e-03
3.282768884673714638e-03
1.698646578006446362e-03
