-3.018088755197823048e-04
2.097158692777156830e-03
6.598033942282199860e-04
2.069835085421800613e-03
1.155854784883558750e-03
-3.797844692599028349e-04
4.627533489838242531e-04
-2.695777714252471924e-01
2.371743619441986084e-01
-9.930635988712310791e-02
-1.058896481990814209e-01
-3.265211582183837891e-01
4.096768200397491455e-01
1.000515818595886230e+00
-1.202397346496582031e+00
-5.429250304587185383e-04
-2.450610160827636719e+00
2.775283455848693848e-01
1.935553300427272916e-04
8.237214060500264168e-04
1.427447074092924595e-03
