-2.029655501246452332e-02
-1.383795961737632751e-02
-3.868418559432029724e-02
-2.772366069257259369e-02
-3.192282095551490784e-02
-2.762418799102306366e-02
-1.510779559612274170e-02
1.249146461486816406e-02
8.744918555021286011e-02
2.042227536439895630e-01
-5.888600945472717285e-01
-7.474422454833984375e-02
2.387874126434326172e-01
9.344159066677093506e-02
4.745108261704444885e-02
6.920889765024185181e-02
5.558321997523307800e-02
2.093886211514472961e-02
9.218310005962848663e-03
2.255955012515187263e-03
-9.029526263475418091e-03
