-1.019653491675853729e-02
-6.169588770717382431e-03
-5.862792953848838806e-03
8.957733400166034698e-03
5.976625718176364899e-03
-5.252382252365350723e-03
-3.707412630319595337e-03
6.238419562578201294e-03
9.441475849598646164e-04
2.297770930454134941e-03
8.677599951624870300e-03
2.205778658390045166e-02
4.125779494643211365e-02
5.664532259106636047e-02
6.756319850683212280e-02
-4.061629995703697205e-02
-2.209307402372360229e-01
3.161949291825294495e-02
-2.599236555397510529e-02
-7.952284067869186401e-03
1.676249876618385315e-02
1.671062782406806946e-02
-1.210519764572381973e-02
-3.714047372341156006e-02
-1.577237993478775024e-02
-7.658233866095542908e-03
-1.945764408446848392e-03
-1.275256648659706116e-02
-4.217787936795502901e-04
-1.852666027843952179e-02
-2.342690248042345047e-03
-1.021594926714897156e-02
-5.763630615547299385e-04
