-1.253776531666517258e-02
3.273016307502985001e-03
-1.754014374455437064e-04
1.203916035592556000e-03
-3.361574141308665276e-03
-4.541173577308654785e-03
2.310330979526042938e-03
7.736875209957361221e-03
3.326994134113192558e-03
2.457947470247745514e-03
1.588752260431647301e-03
7.598664611577987671e-03
6.564646959304809570e-03
4.816103028133511543e-04
5.888860672712326050e-03
8.366749621927738190e-03
-5.154548562131822109e-04
3.563040634617209435e-03
7.582108024507761002e-03
8.454605005681514740e-03
4.467470105737447739e-03
4.512331448495388031e-03
8.909413591027259827e-03
6.975702941417694092e-03
1.389880385249853134e-02
2.220161259174346924e-02
1.428208872675895691e-02
-1.184949930757284164e-02
-4.357902333140373230e-02
-2.860244363546371460e-02
-5.721778143197298050e-03
2.683072686195373535e-01
7.663726806640625000e-01
-6.980169564485549927e-02
-1.000412777066230774e-01
-9.653573483228683472e-02
-5.864939093589782715e-02
-1.415088679641485214e-02
1.291448995471000671e-02
2.486741542816162109e-02
1.687568984925746918e-02
4.886189475655555725e-03
-7.958495058119297028e-03
-9.319802746176719666e-03
-1.119070034474134445e-02
-1.476972177624702454e-02
-1.511722337454557419e-02
-1.413873117417097092e-02
-6.270802114158868790e-03
5.899548064917325974e-03
8.969468995928764343e-03
8.085797540843486786e-03
1.731480704620480537e-03
1.087030395865440369e-02
8.648241870105266571e-03
2.140426309779286385e-03
1.302332617342472076e-02
7.467194460332393646e-03
1.694466220214962959e-03
-3.792579751461744308e-03
-1.162718608975410461e-02
2.478423761203885078e-03
4.582671448588371277e-03
6.130412220954895020e-03
9.207344555761665106e-05
