1.602206826210021973e+00
-1.556806802749633789e+00
1.609058260917663574e+00
-1.702186822891235352e+00
1.073710560798645020e+00
-1.309240698814392090e+00
7.167615294456481934e-01
-6.329722404479980469e-01
6.930866837501525879e-01
-8.745756149291992188e-01
-3.562546567991375923e-03
-9.929950237274169922e-01
1.803196817636489868e-01
-1.442954838275909424e-01
-5.024693608283996582e-01
-9.256042242050170898e-01
-2.567609548568725586e-01
-2.558099627494812012e-01
-2.462322264909744263e-01
2.620478626340627670e-03
4.914353601634502411e-03
