3.462890088558197021e-01
-2.277070432901382446e-01
5.271317362785339355e-01
-1.657188385725021362e-01
4.452909827232360840e-01
-6.209045648574829102e-01
6.243808269500732422e-01
-1.605581194162368774e-01
3.247182667255401611e-01
-3.770146071910858154e-01
5.657910704612731934e-01
-5.322968959808349609e-01
8.501675911247730255e-03
-4.137876629829406738e-01
-3.737496435642242432e-01
-4.458838403224945068e-01
-5.661009997129440308e-02
-2.329704761505126953e-01
-4.602476358413696289e-01
5.207214131951332092e-02
2.994254790246486664e-02
