2.479229588061571121e-03
1.126524643041193485e-03
-1.397722808178514242e-04
2.829892036970704794e-04
2.225038129836320877e-03
5.417246837168931961e-03
5.358049180358648300e-03
-3.539532423019409180e-01
-4.979094862937927246e-02
-7.786909490823745728e-02
3.433071970939636230e-01
2.275319844484329224e-01
-4.643708169460296631e-01
-1.371470838785171509e-01
3.604888319969177246e-01
3.825252056121826172e-01
-1.651008427143096924e-01
4.450724925845861435e-03
4.004658758640289307e-02
-9.133527427911758423e-02
-8.855028450489044189e-02
-2.029145658016204834e-01
-7.804046571254730225e-02
7.162402570247650146e-02
8.585588335990905762e-01
9.568863511085510254e-01
9.309897422790527344e-01
1.133886098861694336e+00
-6.100491620600223541e-03
-3.113762009888887405e-03
-5.261924234218895435e-04
4.109051660634577274e-04
6.816954119130969048e-04
