-1.616452075541019440e-02
-1.697219721972942352e-02
-7.558948826044797897e-03
6.011541467159986496e-03
1.464214827865362167e-02
-3.354801097884774208e-03
-1.876057498157024384e-02
2.819932252168655396e-02
-1.327964216470718384e-01
-2.627979815006256104e-01
3.010521456599235535e-02
9.712146222591400146e-02
9.811637550592422485e-02
5.414260551333427429e-02
3.559863567352294922e-02
2.826135791838169098e-02
1.063250098377466202e-02
2.917032456025481224e-03
-2.667763037607073784e-03
-7.209775038063526154e-03
-4.863827954977750778e-03
