-8.211968233808875084e-04
-2.207852376159280539e-04
1.576386042870581150e-03
3.665510099381208420e-03
6.503398064523935318e-03
-7.266051601618528366e-03
-2.986144274473190308e-03
7.179907406680285931e-04
1.327039953321218491e-02
-4.595924634486436844e-03
-3.637994080781936646e-02
-3.900114074349403381e-02
-3.513515368103981018e-02
-4.277682676911354065e-02
-5.492854118347167969e-02
-3.474477827548980713e-01
-4.113377630710601807e-01
-2.142461761832237244e-02
7.377239875495433807e-03
-1.942166243679821491e-03
-4.898904357105493546e-03
-5.154505837708711624e-03
-4.002767615020275116e-03
-6.082047708332538605e-03
-4.756375215947628021e-03
-6.323488429188728333e-03
-9.869183413684368134e-03
-6.877620471641421318e-04
-4.519389185588806868e-04
-3.487454669084399939e-04
1.200441503897309303e-03
1.254066824913024902e-03
-5.425088107585906982e-03
