-1.183042877528350800e-05
-1.081782625988125801e-03
3.006788028869777918e-04
-1.550792017951607704e-03
3.790151095017790794e-03
1.145988106727600098e+00
-4.731256514787673950e-03
3.090642988681793213e-01
-5.350193753838539124e-02
-2.776095867156982422e-01
-7.606605533510446548e-03
4.186101257801055908e-02
5.055770277976989746e-02
-2.119479626417160034e-01
9.857414662837982178e-02
2.528643012046813965e-01
-1.514724493026733398e-01
3.923846185207366943e-01
-1.912804543972015381e-01
-5.210150480270385742e-01
7.857517898082733154e-02
2.741098105907440186e-01
2.600407302379608154e-01
-2.329912735149264336e-03
-6.088532134890556335e-02
-1.170335523784160614e-02
-3.581141587346792221e-03
-1.035297638736665249e-03
-6.489783409051597118e-04
-1.015378045849502087e-03
3.701187372207641602e+00
4.097164783161133528e-04
9.693253086879849434e-04
