1.419288455508649349e-03
1.114104175940155983e-03
4.085340976715087891e+00
4.086798871867358685e-04
4.093355033546686172e-03
3.984325099736452103e-03
6.928057409822940826e-04
-1.423161127604544163e-03
-2.549778204411268234e-03
6.365073495544493198e-04
3.027085680514574051e-03
-5.230899550952017307e-04
-1.771666342392563820e-03
-2.383772516623139381e-04
1.577891292981803417e-03
4.852750524878501892e-02
1.216008886694908142e-01
1.469909865409135818e-02
3.693231642246246338e-01
5.189965944737195969e-03
-2.167206024751067162e-03
-1.105696186423301697e-01
-1.423160880804061890e-01
-8.337877690792083740e-02
1.850833371281623840e-02
2.647650800645351410e-02
2.102123014628887177e-02
-7.926959544420242310e-02
1.196805238723754883e-01
1.802051067352294922e-01
-6.456104665994644165e-02
-2.774963974952697754e-01
6.630055606365203857e-02
1.770756542682647705e-01
2.740257978439331055e-01
2.388278394937515259e-01
-9.766288101673126221e-02
-1.376106292009353638e-01
-1.190884038805961609e-01
-5.527712777256965637e-02
1.200496591627597809e-02
2.748535871505737305e-01
2.245924621820449829e-01
3.891819417476654053e-01
2.425963133573532104e-01
1.122570410370826721e-01
6.489983201026916504e-02
5.195556208491325378e-02
6.194817274808883667e-02
6.672662496566772461e-02
1.289163082838058472e-01
6.441020872443914413e-03
2.096757671097293496e-04
1.263357116840779781e-04
-1.478506601415574551e-03
-1.258545671589672565e-03
-6.547413649968802929e-04
1.693579833954572678e-04
1.403386355377733707e-03
-3.955624415539205074e-04
-4.827818367630243301e-03
5.192529060877859592e-04
6.415571551769971848e-04
-3.867048872052691877e-05
3.799789410550147295e-04
