4.776213027071207762e-04
-1.847297680797055364e-04
-1.334012340521439910e-04
-5.217111902311444283e-04
3.579976910259574652e-04
9.535867138765752316e-04
3.972704987972974777e-03
2.614396158605813980e-03
9.325960418209433556e-04
1.711955119390040636e-04
5.499667953699827194e-03
1.958213746547698975e-02
1.189939770847558975e-02
2.645194626893498935e-06
-2.012129407376050949e-03
-5.301852710545063019e-03
-4.667045548558235168e-03
-8.914947509765625000e-03
-1.742735505104064941e-02
-2.311662957072257996e-02
-2.396278455853462219e-02
-4.769660066813230515e-03
1.356450957246124744e-03
-2.896459773182868958e-04
4.522225819528102875e-03
3.539625182747840881e-02
2.629043534398078918e-02
1.849797740578651428e-02
5.423489958047866821e-02
9.854924865067005157e-03
1.136420294642448425e-02
6.655993405729532242e-03
4.179030074737966061e-04
-9.700916707515716553e-03
-4.247640818357467651e-02
3.422865702304989100e-04
-1.665979623794555664e-01
-9.004077315330505371e-02
-3.944057226181030273e-02
-1.506151854991912842e-01
-4.816820472478866577e-02
-1.723073571920394897e-01
-2.690067514777183533e-02
-7.909615337848663330e-02
-9.828117676079273224e-03
-5.073191132396459579e-03
1.493014674633741379e-02
3.345733508467674255e-02
3.980357199907302856e-02
2.280059456825256348e-02
7.491536438465118408e-02
-2.570770867168903351e-02
6.129937991499900818e-02
-5.752494186162948608e-02
-2.345916116610169411e-03
-9.943803399801254272e-02
-1.031894702464342117e-02
-2.868805080652236938e-02
2.843911200761795044e-02
1.280769556760787964e-01
1.578782498836517334e-01
2.006858140230178833e-01
2.342192679643630981e-01
1.477275639772415161e-01
1.009543538093566895e-01
-4.236296936869621277e-02
-8.921225368976593018e-02
-1.587695628404617310e-01
-1.238228604197502136e-01
-9.678949415683746338e-02
7.281247526407241821e-02
4.890690371394157410e-02
2.085466831922531128e-01
9.045451879501342773e-02
1.888757050037384033e-01
7.372117042541503906e-02
1.003048866987228394e-01
6.802809238433837891e-02
2.686810865998268127e-02
3.889830037951469421e-02
-1.299325283616781235e-02
-1.693143323063850403e-02
-2.212871983647346497e-02
-3.397690132260322571e-02
-4.029222950339317322e-02
-2.447837963700294495e-02
-4.260024521499872208e-03
4.189359955489635468e-03
1.048930808901786804e-01
8.202093094587326050e-02
1.469516307115554810e-01
2.399682104587554932e-01
2.902012169361114502e-01
2.623681724071502686e-01
4.074389636516571045e-01
2.876159548759460449e-01
3.750628232955932617e-01
5.141906142234802246e-01
8.056795001029968262e-01
1.852604746818542480e-01
5.188834667205810547e-01
2.254803897812962532e-03
1.267048567533493042e-01
9.905152255669236183e-04
-8.545506861992180347e-04
-1.542291487567126751e-03
-3.357020206749439240e-03
-5.001247860491275787e-03
8.945744484663009644e-04
1.933760009706020355e-03
-2.504512667655944824e-03
-3.997064661234617233e-03
-1.617850502952933311e-03
2.363215666264295578e-03
7.540802937000989914e-03
5.309497471898794174e-03
-2.021985361352562904e-03
2.338584745302796364e-04
7.677712710574269295e-04
6.521590985357761383e-04
8.257997687906026840e-04
-1.085294992662966251e-03
-6.801580311730504036e-04
5.093216313980519772e-04
1.377103733830153942e-03
4.619981765747070312e+00
-7.538998033851385117e-05
1.292962930165231228e-03
-4.348578513599932194e-04
