-1.216101576574146748e-03
-2.838965505361557007e-03
-3.825443098321557045e-03
-3.613864770159125328e-03
-2.132995277643203735e-01
1.179094433784484863e+00
2.440751791000366211e-01
-2.070192247629165649e-01
-1.078526228666305542e-01
2.163258492946624756e-01
-4.213230684399604797e-02
-4.642933011054992676e-01
9.011203050613403320e-02
8.070830106735229492e-01
4.996137227863073349e-03
-1.549639940261840820e+00
-1.059390664100646973e+00
-1.531739835627377033e-04
-8.643590263091027737e-04
-3.671141108497977257e-03
-2.780469832941889763e-03
