-1.286766491830348969e-03
1.459181075915694237e-04
-7.051288266666233540e-04
-1.803973573260009289e-03
-1.963560236617922783e-03
1.316344598308205605e-03
-1.619117140769958496e+00
-4.951989650726318359e-01
7.209031376987695694e-03
3.665719330310821533e-01
4.189234077930450439e-01
-9.358328580856323242e-02
-4.694296717643737793e-01
-5.297239869832992554e-02
1.556110531091690063e-01
2.042096108198165894e-01
-8.324740827083587646e-02
-3.723461031913757324e-01
-9.275299310684204102e-02
-4.981145262718200684e-02
3.169032931327819824e-02
-7.045616209506988525e-02
5.573584437370300293e-01
4.636237621307373047e-01
3.953330516815185547e-01
-3.235103096812963486e-03
-1.824706094339489937e-03
-5.197861418128013611e-02
4.833009443245828152e-04
-1.068172510713338852e-03
-1.708080642856657505e-03
9.853986557573080063e-04
2.656928263604640961e-04
