-3.890407271683216095e-03
8.321714703924953938e-04
5.711609963327646255e-03
-7.400638423860073090e-04
-1.843985402956604958e-03
2.492414554581046104e-03
2.395896008238196373e-03
2.951910020783543587e-03
-2.299078973010182381e-03
1.632360392250120640e-03
4.849472315981984138e-04
2.623338019475340843e-03
9.543285123072564602e-04
2.694432623684406281e-03
3.435283666476607323e-03
2.214319072663784027e-03
4.265127237886190414e-03
2.377516590058803558e-03
4.849030170589685440e-03
8.395924232900142670e-04
-2.695539034903049469e-03
-3.298427909612655640e-04
-1.272154506295919418e-03
5.964498035609722137e-03
1.236000470817089081e-02
1.567876711487770081e-02
7.523613050580024719e-03
-6.725903134793043137e-03
-1.700974255800247192e-02
-1.066259760409593582e-02
4.042237997055053711e-03
3.319899141788482666e-01
1.776403784751892090e-01
-3.647951409220695496e-02
-5.403658002614974976e-02
-4.317260533571243286e-02
-2.962031215429306030e-02
-1.461114641278982162e-02
-4.643937572836875916e-03
2.592740347608923912e-03
5.878943484276533127e-03
4.690180998295545578e-03
1.725787180475890636e-03
3.561774501577019691e-03
1.503196981502696872e-04
1.590856700204312801e-03
-2.632550196722149849e-03
1.132999896071851254e-03
9.567470988258719444e-04
5.051064654253423214e-04
1.677480409853160381e-03
2.214596606791019440e-03
2.040863037109375000e-03
2.714551053941249847e-03
1.225696294568479061e-03
2.517775166779756546e-03
-3.244019171688705683e-04
4.547047428786754608e-03
-3.120900131762027740e-03
-2.485057339072227478e-04
6.090388633310794830e-03
-7.860096520744264126e-04
3.517590928822755814e-03
7.616354268975555897e-04
3.420785069465637207e-03
