-1.114625483751296997e-02
-6.728441920131444931e-03
-2.503891009837388992e-03
1.446557696908712387e-03
-9.088152088224887848e-03
-1.019361242651939392e-02
-1.054196432232856750e-02
1.115756295621395111e-02
1.875558868050575256e-02
-1.385106891393661499e-02
-5.148700252175331116e-02
-5.642654374241828918e-02
-4.723544046282768250e-02
-5.129274353384971619e-02
-8.901986479759216309e-02
-5.706257820129394531e-01
-7.029271721839904785e-01
-1.290309987962245941e-02
-7.500028703361749649e-03
-3.510050941258668900e-03
-4.955358803272247314e-03
-4.753198940306901932e-03
-9.080887772142887115e-03
-4.648706410080194473e-03
-9.104805067181587219e-03
-1.431426685303449631e-02
-1.541091036051511765e-02
-8.931442163884639740e-03
-5.207884125411510468e-03
-3.877635113894939423e-03
-1.469246950000524521e-02
-7.492055301554501057e-04
6.803991273045539856e-03
