-8.871014579199254513e-04
3.120413457509130239e-04
-3.472473472356796265e-04
3.427020565140992403e-04
-1.346401550108566880e-04
-4.162008762359619141e+00
-5.244241328909993172e-04
-1.756506389938294888e-03
-1.218696124851703644e-03
-1.163573397207073867e-04
-9.364619036205112934e-04
-4.607533628586679697e-04
4.503844771534204483e-03
6.372023373842239380e-03
4.652622155845165253e-03
-3.329697065055370331e-03
-9.493645280599594116e-03
-3.573175054043531418e-03
2.209845260949805379e-04
7.042500656098127365e-03
7.935428060591220856e-03
3.486078698188066483e-03
-6.648654583841562271e-03
-6.052868813276290894e-02
-7.747424393892288208e-02
-4.443474486470222473e-02
-4.496459066867828369e-01
-1.721076667308807373e-01
-4.728353023529052734e-01
-4.026199579238891602e-01
-4.839685261249542236e-01
-5.204217433929443359e-01
-4.687855243682861328e-01
-5.608440041542053223e-01
-5.138366818428039551e-01
-3.959091305732727051e-01
-4.082657396793365479e-01
-2.619538903236389160e-01
-2.092595249414443970e-01
-1.920674890279769897e-01
-2.372154034674167633e-02
-1.416372228413820267e-02
-6.760099902749061584e-03
6.484313635155558586e-04
-1.290830224752426147e-02
-3.632777184247970581e-02
-4.244625568389892578e-02
-6.616088002920150757e-02
-6.418424099683761597e-02
-6.309615075588226318e-02
-5.703448504209518433e-02
-2.827411983162164688e-03
1.187837496399879456e-02
3.603144362568855286e-02
3.349792584776878357e-02
2.539834193885326385e-02
-5.681705847382545471e-02
-4.293363541364669800e-03
-1.864392310380935669e-01
-7.401563972234725952e-02
-1.889314353466033936e-01
-9.219077974557876587e-02
-5.924909561872482300e-02
2.385654021054506302e-03
-1.228118501603603363e-02
-9.553053975105285645e-02
-1.062008962035179138e-01
-1.700966209173202515e-01
-1.398468464612960815e-01
-9.844408929347991943e-02
-3.422232577577233315e-03
7.991807907819747925e-02
1.364655345678329468e-01
2.205328047275543213e-01
2.197092920541763306e-01
2.075739502906799316e-01
2.062933892011642456e-01
7.825452834367752075e-02
6.376142799854278564e-02
-5.094064399600028992e-02
-4.927938804030418396e-02
-1.391463279724121094e-01
-7.365500926971435547e-02
-1.117342114448547363e-01
-9.960012137889862061e-02
-7.957161962985992432e-02
-1.240820437669754028e-01
-7.784861326217651367e-02
-4.436881840229034424e-02
-4.129388555884361267e-02
-1.064725220203399658e-02
4.430028423666954041e-02
5.901651456952095032e-03
7.292323559522628784e-02
2.804485149681568146e-02
3.800069214776158333e-03
-1.173793151974678040e-02
-8.697065711021423340e-02
-5.589695274829864502e-02
-9.731816127896308899e-03
-2.279648743569850922e-02
-4.707514494657516479e-02
9.345795260742306709e-04
-4.456385970115661621e-03
-1.000577025115489960e-02
-1.114753540605306625e-02
-4.864551592618227005e-03
3.036969865206629038e-04
3.077052999287843704e-03
1.939108711667358875e-03
3.069382859393954277e-03
7.121539092622697353e-04
9.731514379382133484e-03
3.481517080217599869e-03
-1.665832009166479111e-03
-2.960355253890156746e-03
-2.359876642003655434e-03
-4.689847410190850496e-04
3.651019185781478882e-03
2.327986760064959526e-03
6.688116583973169327e-03
1.150036114268004894e-03
7.407321245409548283e-04
-1.730871736072003841e-03
-3.399043809622526169e-03
-3.735505742952227592e-03
-1.318543334491550922e-03
-1.438176957890391350e-03
-1.821381156332790852e-03
