-3.071158716920763254e-04
4.685054227593354881e-05
2.773744054138660431e-02
1.392241567373275757e-01
1.477719545364379883e-01
4.890139773488044739e-02
5.098759531974792480e-01
3.011557757854461670e-01
2.722665108740329742e-02
-1.758437976241111755e-02
3.868382573127746582e-01
-1.174610778689384460e-01
2.606419287621974945e-02
-4.491012915968894958e-02
-1.585848033428192139e-01
-1.744731329381465912e-02
2.745851278305053711e-01
1.680000722408294678e-01
9.279474616050720215e-02
4.255936294794082642e-02
-4.760051524499431252e-05
