7.957158088684082031e-01
-1.202381402254104614e-01
8.122735619544982910e-01
-9.245251119136810303e-02
5.686562061309814453e-01
-4.611366987228393555e-01
7.356997132301330566e-01
-6.876222044229507446e-02
4.352999925613403320e-01
-3.515654504299163818e-01
6.807432770729064941e-01
-5.362242460250854492e-01
1.212247535586357117e-01
-4.657739102840423584e-01
-2.732540369033813477e-01
-5.247807502746582031e-01
1.009053550660610199e-02
-3.116316199302673340e-01
-4.350544512271881104e-01
-2.173286303877830505e-02
2.622964046895503998e-02
