1.562320161610841751e-03
1.441685715690255165e-03
4.024824302177876234e-04
-2.262283960590139031e-04
6.078183068893849850e-04
3.602126671466976404e-04
5.738636828027665615e-04
7.448716787621378899e-04
-1.103194153984077275e-04
-4.611823558807373047e+00
3.724765032529830933e-03
1.300209551118314266e-03
2.578263636678457260e-03
8.376761688850820065e-04
1.471795025281608105e-03
9.127283119596540928e-04
2.514664316549897194e-03
4.900903906673192978e-03
2.167563186958432198e-03
3.472098847851157188e-03
2.490991260856389999e-03
-9.612474241293966770e-04
-4.069355782121419907e-03
-1.462750253267586231e-03
-6.547058001160621643e-04
1.250065979547798634e-03
3.513234260026365519e-04
1.035552850225940347e-04
2.850315300747752190e-03
-4.459298797883093357e-04
-7.539294660091400146e-03
-8.134478703141212463e-03
-7.832912728190422058e-03
2.770908176898956299e-04
8.284173905849456787e-02
7.086049765348434448e-02
3.538548247888684273e-03
-8.560678688809275627e-04
-2.976242452859878540e-03
-4.888303112238645554e-03
-1.252085622400045395e-02
-2.326886355876922607e-02
-7.835555076599121094e-02
-3.557559801265597343e-03
-8.180271089076995850e-02
-1.959417201578617096e-02
-1.706977561116218567e-02
1.093049794435501099e-01
1.014687046408653259e-01
2.132545858621597290e-01
1.803890019655227661e-01
2.073087543249130249e-01
1.555654704570770264e-01
8.708812296390533447e-02
-1.545723178423941135e-03
-1.226534098386764526e-01
-1.568300873041152954e-01
-2.179769873619079590e-01
-1.320138722658157349e-01
-4.634121432900428772e-02
4.061483964323997498e-02
7.084444910287857056e-02
9.558504819869995117e-02
8.743477053940296173e-03
3.028150461614131927e-02
-1.802228540182113647e-01
-8.967360109090805054e-02
-2.146545797586441040e-01
-7.891944795846939087e-02
-1.193439438939094543e-01
-1.049950812011957169e-02
-1.274616830050945282e-02
1.550908852368593216e-02
2.280381694436073303e-02
-4.333611577749252319e-02
-1.822186633944511414e-02
-9.097269177436828613e-02
-3.342305123805999756e-02
-1.167922317981719971e-01
-4.706290736794471741e-02
-1.368142366409301758e-01
-6.563782691955566406e-02
-1.505727171897888184e-01
-1.289742439985275269e-01
-1.398075520992279053e-01
-2.065594941377639771e-01
-1.724933385848999023e-01
-2.236036956310272217e-01
-2.579542100429534912e-01
-1.748623996973037720e-01
-2.226943671703338623e-01
-1.619561314582824707e-01
-1.742032617330551147e-01
-8.543582260608673096e-02
-2.108170539140701294e-01
-1.286323964595794678e-01
-9.962033480405807495e-02
-6.133037060499191284e-02
-2.328936755657196045e-02
-1.641774550080299377e-02
-3.835546225309371948e-02
-1.498045586049556732e-02
-1.519901864230632782e-02
-1.190400868654251099e-02
-2.697189571335911751e-03
3.131672739982604980e-03
1.688495394773781300e-03
-5.033656270825304091e-05
1.102774767787195742e-04
3.582507779356092215e-04
3.949765959987416863e-05
5.782539374195039272e-04
2.809697063639760017e-03
9.938743896782398224e-03
1.289085485041141510e-02
8.858699351549148560e-03
4.047546070069074631e-03
7.602664845762774348e-05
-5.094213411211967468e-04
-5.825181724503636360e-04
2.571144432295113802e-04
-3.350161132402718067e-04
-9.442406590096652508e-04
-6.952793803066015244e-03
-6.210613064467906952e-03
-6.072316318750381470e-04
3.286351449787616730e-03
2.618483267724514008e-03
1.552915084175765514e-03
