-1.570546999573707581e-03
2.808863064274191856e-03
2.744567580521106720e-03
1.633634907193481922e-03
-3.460341133177280426e-03
-4.592164885252714157e-03
-5.378618370741605759e-03
-2.257027430459856987e-03
6.590047851204872131e-04
-7.778488215990364552e-04
4.648980102501809597e-04
5.685941432602703571e-04
-8.284649811685085297e-04
1.477340469136834145e-03
2.048143884167075157e-03
4.629831528291106224e-04
-1.030357438139617443e-03
1.246050378540530801e-04
1.552293542772531509e-03
-3.201968967914581299e-03
-1.251921895891427994e-02
-1.565992087125778198e-02
-6.512632127851247787e-03
2.451501553878188133e-03
1.946849399246275425e-03
-1.678976113907992840e-04
1.043634489178657532e-02
2.041707746684551239e-02
2.017341926693916321e-02
-4.397149023134261370e-04
-5.837453994899988174e-03
-6.381182931363582611e-03
-1.691489247605204582e-03
2.601813711225986481e-02
1.130512505769729614e-01
1.266024708747863770e-01
1.268279105424880981e-01
7.093387097120285034e-02
1.272974163293838501e-01
2.651030942797660828e-02
-5.880255717784166336e-03
-2.303647249937057495e-02
-1.096575036644935608e-01
-1.239658594131469727e-01
-1.924724280834197998e-01
-1.399127095937728882e-01
-2.073798328638076782e-01
-9.124523401260375977e-02
-1.163749322295188904e-01
-4.971095826476812363e-03
1.765431463718414307e-02
7.422735542058944702e-02
5.959833785891532898e-02
3.233093768358230591e-02
-4.495545104146003723e-02
-8.739531785249710083e-02
-1.493910402059555054e-01
-7.359499484300613403e-02
-1.035668030381202698e-01
4.201804101467132568e-02
6.728096306324005127e-02
1.229145973920822144e-01
1.288095712661743164e-01
4.122678190469741821e-02
-9.282671846449375153e-03
7.970125973224639893e-02
5.801696702837944031e-02
2.143478840589523315e-01
1.360912472009658813e-01
2.270909100770950317e-01
9.013239294290542603e-02
6.468419730663299561e-02
-3.681353107094764709e-02
-7.851616293191909790e-02
-1.189969778060913086e-01
-8.664862066507339478e-02
-1.183178946375846863e-01
-4.126682877540588379e-02
-1.015768945217132568e-01
-2.262029983103275299e-02
-1.229985151439905167e-02
-1.664843643084168434e-03
5.892660096287727356e-02
4.657667013816535473e-04
9.749212116003036499e-02
4.144074767827987671e-02
1.118624806404113770e-01
1.300003677606582642e-01
2.790977954864501953e-01
2.151148617267608643e-01
3.524731695652008057e-01
4.656533598899841309e-01
3.518888652324676514e-01
6.094809174537658691e-01
4.193488359451293945e-01
5.374990105628967285e-01
3.776365220546722412e-01
5.014483332633972168e-01
3.067763745784759521e-01
3.702018558979034424e-01
2.124116122722625732e-01
1.953407973051071167e-01
1.474402993917465210e-01
9.250462055206298828e-02
1.871463097631931305e-02
-4.009514814242720604e-04
6.139389588497579098e-04
2.698152791708707809e-03
3.609014442190527916e-03
6.115197204053401947e-03
7.837570272386074066e-03
4.201775882393121719e-03
6.298545747995376587e-03
-3.828223096206784248e-03
-1.948614139109849930e-03
-1.085386844351887703e-03
-6.575223524123430252e-04
1.785641215974465013e-04
2.380537189310416579e-04
-7.525114779127761722e-05
4.143324622418731451e-04
8.027342264540493488e-04
5.411202430725097656e+00
-7.047814433462917805e-04
-9.840044658631086349e-04
-2.192606218159198761e-03
-6.765869329683482647e-04
5.985228344798088074e-04
4.918210906907916069e-04
