-6.771686603315174580e-04
2.516592503525316715e-04
2.945447049569338560e-04
2.089941517624538392e-05
-1.546462178230285645e-01
1.176811337471008301e+00
2.736606001853942871e-01
-2.043701857328414917e-01
-1.113076880574226379e-01
2.094725370407104492e-01
-4.392699897289276123e-02
-4.584864974021911621e-01
9.221047908067703247e-02
7.704828381538391113e-01
-6.849623285233974457e-03
-1.510947585105895996e+00
-1.053010821342468262e+00
4.265609197318553925e-03
2.205882687121629715e-03
-1.417710736859589815e-04
-3.897836722899228334e-04
