1.516108633950352669e-03
-5.576731637120246887e-04
-2.375983633100986481e-03
-3.144283294677734375e-01
9.855628758668899536e-02
2.985767424106597900e-01
-2.961126267910003662e-01
-2.071146667003631592e-01
-1.190949529409408569e-01
2.613866627216339111e-01
-2.761930599808692932e-02
-3.737184703350067139e-01
-5.899412930011749268e-02
5.123231410980224609e-01
-1.569721265695989132e-03
-5.932235121726989746e-01
-4.323285818099975586e-02
4.775019828230142593e-03
8.439284283667802811e-04
-2.314810037612915039e+00
1.031346502713859081e-03
