-1.483612140873447061e-04
9.024377504829317331e-05
9.516809368506073952e-04
7.479491177946329117e-04
6.715641939081251621e-04
6.268469151109457016e-04
9.685076074674725533e-04
-7.710874197073280811e-04
-2.862108638510107994e-03
-4.572634585201740265e-03
-3.369304351508617401e-03
-6.229374092072248459e-03
-2.207200741395354271e-03
-3.199137281626462936e-03
5.490706535056233406e-04
1.508495211601257324e-02
9.077114611864089966e-02
1.140881776809692383e-01
-1.225006487220525742e-02
-2.103771120309829712e-01
-2.377415299415588379e-01
-2.785986363887786865e-01
-5.724433809518814087e-02
8.555907756090164185e-02
1.845807582139968872e-01
2.795270085334777832e-01
-1.579132303595542908e-02
-6.247768551111221313e-02
-1.766868978738784790e-01
-1.932464540004730225e-01
-8.254983276128768921e-02
-8.860784769058227539e-02
-8.897856622934341431e-02
1.158911213278770447e-01
-2.162353992462158203e-01
-1.290556639432907104e-01
9.590346366167068481e-03
1.775414794683456421e-01
2.841565608978271484e-01
1.958360224962234497e-01
6.301370263099670410e-02
-5.848200619220733643e-02
-1.374014168977737427e-01
-1.111775711178779602e-01
-1.129328757524490356e-01
-1.244712695479393005e-01
-6.092956662178039551e-02
-4.447263851761817932e-02
5.236213328316807747e-04
-1.949682980775833130e-01
-6.376067548990249634e-02
-1.890058964490890503e-01
-5.739847570657730103e-02
-3.997959662228822708e-03
-5.573519039899110794e-03
-1.467348192818462849e-03
-1.054721651598811150e-03
-7.189348689280450344e-04
-1.926700642798095942e-04
-6.381560564041137695e-01
-4.561613779515028000e-03
-9.540992905385792255e-04
-3.685022592544555664e+00
-1.066509634256362915e-03
-1.504615764133632183e-03
