5.402698661782778800e-06
-3.292598121333867311e-04
3.016907023265957832e-03
-3.481430467218160629e-04
5.136658437550067902e-04
-3.896660171449184418e-03
-4.833790939301252365e-03
4.643555641174316406e+00
1.457680598832666874e-03
1.799119403585791588e-03
3.854930109810084105e-04
1.553485053591430187e-04
-1.120112370699644089e-03
-3.330683568492531776e-03
1.605296041816473007e-03
7.117822300642728806e-03
6.816026289016008377e-03
3.020169388037174940e-04
-4.757959395647048950e-03
-7.150414399802684784e-03
-1.502042869105935097e-03
-1.287208870053291321e-03
-3.034643828868865967e-03
-5.030384287238121033e-03
-3.517639590427279472e-03
8.374895551241934299e-04
7.617115974426269531e-02
3.566585183143615723e-01
1.145238056778907776e-01
6.294736862182617188e-01
3.013134002685546875e-01
3.187804222106933594e-01
5.192701816558837891e-01
2.684209346771240234e-01
5.141238570213317871e-01
1.717900633811950684e-01
3.442239165306091309e-01
1.325454711914062500e-01
1.943354010581970215e-01
6.105614081025123596e-02
1.006836444139480591e-02
-3.236966207623481750e-02
-1.229580417275428772e-01
-7.246261835098266602e-02
-1.717909425497055054e-01
-8.031740435399115086e-04
-8.326400816440582275e-02
1.261576563119888306e-01
9.205707907676696777e-02
2.391480058431625366e-01
1.894865334033966064e-01
2.355927526950836182e-01
2.008534818887710571e-01
9.638588875532150269e-02
4.689875617623329163e-02
-6.511145830154418945e-02
-6.172989308834075928e-02
-6.965623050928115845e-02
-9.577874094247817993e-03
8.589680492877960205e-02
1.494740098714828491e-01
2.039596438407897949e-01
1.525223255157470703e-01
4.891746863722801208e-02
-2.180089987814426422e-02
-7.811065763235092163e-02
1.187248155474662781e-02
1.347119957208633423e-01
9.875336289405822754e-02
1.269165575504302979e-01
1.056269183754920959e-01
3.354288265109062195e-02
7.171498611569404602e-03
-3.792225569486618042e-02
-4.127044230699539185e-02
-8.078426122665405273e-02
-5.761285871267318726e-02
-1.495029777288436890e-01
-8.571775257587432861e-02
-1.536979824304580688e-01
-1.273623406887054443e-01
-1.202247440814971924e-01
-1.171005815267562866e-01
-1.099702790379524231e-01
5.157405044883489609e-03
3.863521665334701538e-02
6.858233362436294556e-02
3.641731664538383484e-02
1.290854662656784058e-01
1.551193743944168091e-01
9.520909935235977173e-02
1.655557304620742798e-01
1.505179703235626221e-01
2.210986763238906860e-01
7.551625370979309082e-02
1.955267190933227539e-01
5.615306273102760315e-02
1.717368662357330322e-01
8.085500448942184448e-03
2.448024041950702667e-02
9.272550814785063267e-04
-8.265334181487560272e-03
-9.883631020784378052e-03
-9.554733522236347198e-03
-5.683568306267261505e-03
-1.423943787813186646e-03
-2.971256151795387268e-03
-4.180385265499353409e-03
-8.725910447537899017e-06
4.046454094350337982e-03
2.974336268380284309e-03
1.149055664427578449e-03
6.272665690630674362e-03
7.959855720400810242e-03
9.577279910445213318e-03
1.016847090795636177e-03
-5.965355318039655685e-03
1.294767367653548717e-03
2.958264201879501343e-03
-5.709364195354282856e-04
6.005722680129110813e-04
1.201557810418307781e-03
-1.547332794871181250e-04
-7.634216453880071640e-04
-1.200710423290729523e-03
-1.665710937231779099e-03
-3.456910373643040657e-03
-4.157787654548883438e-03
1.257768482901155949e-03
