-5.973734855651855469e-01
-2.657912373542785645e-01
-5.234632492065429688e-01
-8.122583031654357910e-01
1.527647823095321655e-01
-9.991065263748168945e-01
-2.377641797065734863e-01
2.183827459812164307e-01
3.685504198074340820e-02
-1.722085475921630859e-01
4.563212394714355469e-02
-2.712445706129074097e-02
3.205080628395080566e-01
-2.646145820617675781e-01
-4.482370987534523010e-02
-2.103261798620223999e-01
9.111376851797103882e-02
-6.896413862705230713e-02
-5.746173262596130371e-01
4.125454276800155640e-02
3.157679364085197449e-02
