9.108798694796860218e-04
-3.062600080738775432e-05
4.669091431424021721e-04
-3.910912666469812393e-03
-9.157489985227584839e-03
5.467459093779325485e-03
9.478929452598094940e-03
-2.394181117415428162e-02
-2.080979496240615845e-01
2.545866370201110840e-02
5.394899845123291016e-01
3.962914943695068359e-01
5.397038534283638000e-02
1.676648408174514771e-01
3.465938195586204529e-02
7.960843294858932495e-02
6.182271614670753479e-02
6.068264320492744446e-02
7.566051930189132690e-02
9.957203269004821777e-02
6.618729233741760254e-02
