9.650839567184448242e-01
-1.548427700996398926e+00
1.640630006790161133e+00
-1.780890345573425293e+00
1.290522575378417969e+00
-1.537571907043457031e+00
1.024987339973449707e+00
-4.878462553024291992e-01
1.071191310882568359e+00
-5.773575901985168457e-01
4.169157445430755615e-01
-7.676917910575866699e-01
5.907660126686096191e-01
4.536527767777442932e-02
-1.424144357442855835e-01
-7.830705642700195312e-01
-1.425752788782119751e-02
-1.791843771934509277e-01
-1.554587036371231079e-01
9.360861964523792267e-03
1.312957517802715302e-02
