-4.622414708137512207e-03
-9.844216518104076385e-03
-1.099510863423347473e-02
-2.308331616222858429e-02
-2.738805860280990601e-02
-5.467469617724418640e-02
-1.035644039511680603e-01
-9.249731153249740601e-02
-2.144415974617004395e-01
6.541585326194763184e-01
-2.418511807918548584e-01
-3.043673634529113770e-01
1.903657428920269012e-02
7.509069889783859253e-02
3.397940471768379211e-02
3.863719105720520020e-02
1.177609339356422424e-02
-1.678010635077953339e-02
4.974419716745615005e-03
3.937552683055400848e-03
4.850041586905717850e-03
