-5.445903632789850235e-03
2.785781864076852798e-03
5.303665995597839355e-03
-9.796492522582411766e-04
-1.100496761500835419e-02
-6.405991036444902420e-03
-4.595210775732994080e-03
3.055106149986386299e-03
9.019333869218826294e-03
-1.005745865404605865e-02
-3.266079351305961609e-02
-3.522570058703422546e-02
-3.259640187025070190e-02
-3.345610573887825012e-02
-3.665489703416824341e-02
-2.932337820529937744e-01
-3.118322491645812988e-01
-7.008354645222425461e-03
2.212991385022178292e-04
-2.335072204004973173e-04
-1.570919179357588291e-03
-1.283410354517400265e-03
-3.137415507808327675e-03
-1.087766140699386597e-03
9.638550109229981899e-04
-3.445530310273170471e-03
-3.511039773002266884e-03
4.799244459718465805e-03
3.544355509802699089e-03
-6.431930814869701862e-04
-2.836631378158926964e-03
5.772462114691734314e-03
-4.117258824408054352e-03
