-2.521481513977050781e+00
2.508909225463867188e+00
1.999067068099975586e+00
2.211112260818481445e+00
2.048369169235229492e+00
1.849898695945739746e+00
1.456372261047363281e+00
1.474170327186584473e+00
4.351483881473541260e-01
5.549776554107666016e-01
1.249874308705329895e-01
4.576240479946136475e-02
-1.263092830777168274e-02
-4.181606695055961609e-02
-8.937975019216537476e-02
1.352499471977353096e-03
-2.907369136810302734e-01
-7.550597190856933594e-02
9.186711907386779785e-02
-1.478520482778549194e-01
-1.358245462179183960e-01
-2.445206195116043091e-01
1.529177464544773102e-02
1.899787485599517822e-01
1.808916777372360229e-01
1.627665311098098755e-01
-5.687394738197326660e-02
1.856092512607574463e-01
2.472782135009765625e-01
-1.062450632452964783e-01
1.290897279977798462e-01
-3.966410458087921143e-02
-2.852097339928150177e-02
