1.576247960329055786e-01
-1.736126095056533813e-01
1.319798380136489868e-01
-2.788014709949493408e-01
6.451105326414108276e-02
-6.451246142387390137e-02
-2.627649009227752686e-01
-9.187425673007965088e-02
-3.422980308532714844e-01
5.231671407818794250e-02
-9.804818779230117798e-02
-3.993573412299156189e-02
-6.668987870216369629e-02
2.634942829608917236e-01
-4.091848433017730713e-02
3.398711383342742920e-01
-2.727840840816497803e-01
-1.220426149666309357e-02
-1.174748223274946213e-02
-2.023680321872234344e-02
-1.234320271760225296e-02
