-2.785205142572522163e-03
-3.372095525264739990e-03
-2.823097864165902138e-03
-2.205432159826159477e-03
-2.075014170259237289e-03
-1.423273701220750809e-03
-1.443012268282473087e-03
1.756409257650375366e-01
6.814723461866378784e-02
2.484297305345535278e-01
1.650565415620803833e-01
1.005293130874633789e-01
-9.443412721157073975e-02
-1.492192447185516357e-01
-1.093951910734176636e-01
4.031600058078765869e-01
1.410755049437284470e-02
-4.204466044902801514e-01
-4.117734730243682861e-01
2.635593116283416748e-01
8.494707942008972168e-02
-1.258915662765502930e-01
-2.027103602886199951e-01
-4.175461828708648682e-01
-7.916275858879089355e-01
-2.282798141241073608e-01
-6.764907836914062500e-01
-5.775098204612731934e-01
-3.949053061660379171e-04
-1.961176749318838120e-03
-2.582037122920155525e-03
-2.889209892600774765e-03
-2.258549444377422333e-03
