1.053032581694424152e-03
-1.551088760606944561e-03
-9.111745166592299938e-04
-9.300083620473742485e-04
1.277752890018746257e-04
-3.466683149337768555e+00
-3.249050641898065805e-04
-5.421546520665287971e-04
1.330423692706972361e-04
-6.923522596480324864e-05
1.134852354880422354e-04
-1.182151958346366882e-03
7.842719205655157566e-04
2.410873537883162498e-03
1.550418324768543243e-03
1.369307632558047771e-03
1.171846408396959305e-03
1.284077065065503120e-03
9.156975429505109787e-04
8.086462039500474930e-04
2.758816350251436234e-03
2.286679111421108246e-03
-6.484010256826877594e-03
-1.536304689943790436e-02
-2.091812528669834137e-02
-2.928163670003414154e-02
-3.318995237350463867e-01
-1.428457200527191162e-01
-4.303344488143920898e-01
-3.150173425674438477e-01
-4.259293973445892334e-01
-5.005415081977844238e-01
-4.142081737518310547e-01
-5.382343530654907227e-01
-5.306762456893920898e-01
-3.767799735069274902e-01
-4.251307845115661621e-01
-3.070428967475891113e-01
-2.157196998596191406e-01
-2.168149948120117188e-01
-7.115510851144790649e-02
-3.706412762403488159e-02
-2.659990265965461731e-02
-2.649100124835968018e-02
-3.177921101450920105e-02
-6.614321470260620117e-02
-8.137755841016769409e-02
-1.072612330317497253e-01
-1.052057892084121704e-01
-1.060786694288253784e-01
-1.004226058721542358e-01
-3.062087856233119965e-02
-1.130335964262485504e-02
1.950058154761791229e-02
3.666177764534950256e-02
1.563103124499320984e-02
-3.650533780455589294e-02
4.613453056663274765e-03
-2.003778070211410522e-01
-5.366192385554313660e-02
-1.992692500352859497e-01
-9.211012721061706543e-02
-5.101757496595382690e-02
7.135585416108369827e-03
1.547627151012420654e-03
-8.204465359449386597e-02
-1.133823469281196594e-01
-1.741593927145004272e-01
-1.400299221277236938e-01
-1.103145778179168701e-01
1.934795291163027287e-03
1.007071286439895630e-01
1.317403018474578857e-01
2.502660155296325684e-01
2.284283488988876343e-01
2.160227745771408081e-01
2.355039417743682861e-01
4.190514609217643738e-02
3.411940112709999084e-02
-8.889821171760559082e-02
-9.885257482528686523e-02
-1.837515830993652344e-01
-1.228694543242454529e-01
-1.733627766370773315e-01
-1.402852237224578857e-01
-1.139212623238563538e-01
-1.707570552825927734e-01
-9.622176736593246460e-02
-4.921382665634155273e-02
-3.623558580875396729e-02
-1.187125314027070999e-02
1.515884846448898315e-01
4.264706745743751526e-03
1.402563005685806274e-01
7.779247313737869263e-02
2.950350753962993622e-02
-1.200055424124002457e-02
-4.858648404479026794e-02
-4.843274503946304321e-02
-1.435528509318828583e-02
-1.027455832809209824e-02
-1.676258258521556854e-02
-6.196874193847179413e-03
-5.024140700697898865e-03
-3.755879355594515800e-03
-2.206661272794008255e-03
-3.365162760019302368e-03
-2.548707416281104088e-03
2.147874794900417328e-03
3.940890543162822723e-03
5.427082534879446030e-03
8.835487067699432373e-03
5.563794635236263275e-03
1.313513028435409069e-03
-4.354053526185452938e-04
-1.771425711922347546e-03
-1.031162799336016178e-03
1.427808543667197227e-03
3.289547516033053398e-03
1.897843903861939907e-03
2.349159913137555122e-03
2.860361011698842049e-03
-2.317625767318531871e-04
1.136659484473057091e-04
-8.544942829757928848e-04
-1.137680956162512302e-03
-5.530750495381653309e-04
-6.135029252618551254e-04
1.119465334340929985e-03
