3.378763503860682249e-04
-2.565887698438018560e-04
2.311245072633028030e-03
1.228181645274162292e-03
1.031453488394618034e-03
6.062713218852877617e-04
-2.174145698547363281e+00
-3.091553971171379089e-02
7.325822487473487854e-03
5.066617727279663086e-01
4.948556125164031982e-01
-5.112149287015199661e-03
-4.740283787250518799e-01
-7.412040978670120239e-02
1.526293307542800903e-01
2.068270295858383179e-01
-8.524748682975769043e-02
-3.803151249885559082e-01
-7.883684337139129639e-02
3.378177294507622719e-03
5.101030319929122925e-02
-6.994371116161346436e-02
4.638275802135467529e-01
3.675504028797149658e-01
3.634336590766906738e-01
2.975173294544219971e-03
5.342582706362009048e-03
1.610827050171792507e-03
1.359419897198677063e-03
1.106503070332109928e-03
8.304752991534769535e-04
9.287054999731481075e-04
1.748804468661546707e-03
