1.516916323453187943e-03
-8.393527823500335217e-04
-2.688965993002057076e-03
-1.863291370682418346e-03
-1.718966756016016006e-03
-2.452130196616053581e-03
-7.252663373947143555e-03
-6.506976205855607986e-03
-1.332264277152717113e-03
8.112807408906519413e-04
-1.229318857192993164e+00
-1.811839342117309570e-01
-7.504805456846952438e-03
-7.571693044155836105e-03
-4.604234825819730759e-03
-1.179978833533823490e-03
1.223264611326158047e-03
-1.907668629428371787e-04
-1.583102974109351635e-03
-3.271929221227765083e-03
-2.614628756418824196e-03
-3.493877826258540154e-03
-3.987750038504600525e-03
-2.461641095578670502e-03
1.486048917286098003e-03
-1.190672279335558414e-03
-2.329606562852859497e-03
-9.164836257696151733e-02
-9.639360941946506500e-03
-4.800106957554817200e-02
-1.789866387844085693e-02
-1.764646545052528381e-02
2.565008215606212616e-02
2.109283953905105591e-02
5.577169940806925297e-04
1.148570850491523743e-01
4.507943987846374512e-02
1.036644056439399719e-01
2.147673517465591431e-01
1.729819923639297485e-01
1.435102373361587524e-01
3.117183148860931396e-01
1.747159063816070557e-01
1.995818018913269043e-01
1.591874957084655762e-01
1.786019951105117798e-01
2.416533790528774261e-02
9.940727800130844116e-02
-2.267994917929172516e-02
-3.530959039926528931e-02
-2.691013552248477936e-02
-1.177605018019676208e-01
-8.202262967824935913e-02
-1.547149121761322021e-01
-1.362001895904541016e-01
-1.259170770645141602e-01
-1.348803341388702393e-01
-2.250143513083457947e-02
7.971160113811492920e-03
1.744448691606521606e-01
1.383862197399139404e-01
1.490285843610763550e-01
4.102372750639915466e-02
-7.278306782245635986e-02
-8.994481712579727173e-02
-2.374278455972671509e-01
-9.793174266815185547e-02
-1.433994770050048828e-01
-1.227942034602165222e-01
-5.047763884067535400e-02
2.678313106298446655e-02
-4.654439631849527359e-03
1.213599462062120438e-02
-1.037329658865928650e-01
-1.238168925046920776e-01
-2.146101891994476318e-01
-1.214818581938743591e-01
-1.490222960710525513e-01
-3.379322960972785950e-02
-6.214620918035507202e-02
-3.549984842538833618e-02
-5.903629586100578308e-02
-1.798908561468124390e-01
-1.873980611562728882e-01
-2.774844765663146973e-01
-3.056185841560363770e-01
-3.490306138992309570e-01
-4.445550143718719482e-01
-2.794743180274963379e-01
-4.699404239654541016e-01
-2.325696051120758057e-01
-4.894101619720458984e-01
-4.897880181670188904e-02
-3.319955766201019287e-01
-9.311813116073608398e-02
-2.096956036984920502e-02
-5.642171204090118408e-02
-2.499596960842609406e-02
-1.271444372832775116e-03
1.608139835298061371e-02
6.097067613154649734e-03
-1.165858411695808172e-04
-2.145122271031141281e-03
-1.498817950487136841e-01
-7.851747423410415649e-02
-4.747246857732534409e-03
-3.363062739372253418e-01
-2.412338275462388992e-03
-1.433772444725036621e-01
-2.823611795902252197e-01
5.949699698248878121e-05
-6.260375976562500000e-01
-6.698564626276493073e-03
-6.521663162857294083e-03
-1.173596028820611537e-04
-2.229531049728393555e+00
-4.923725646222010255e-05
-4.142413847148418427e-03
-3.294693888165056705e-04
-2.293061256408691406e+00
-2.458494855090975761e-04
-6.667505949735641479e-04
-7.450827397406101227e-04
-2.071418799459934235e-03
-3.964125062339007854e-04
1.613069674931466579e-03
1.685986062511801720e-03
3.388181794434785843e-03
3.958195913583040237e-03
