-6.592599675059318542e-04
-3.399884095415472984e-03
2.847862895578145981e-03
-1.168563403189182281e-02
-2.807802287861704826e-03
7.067790720611810684e-03
2.453983062878251076e-03
1.356297056190669537e-03
5.019203759729862213e-03
-2.307842951267957687e-03
5.791178904473781586e-03
3.977003041654825211e-03
4.819105844944715500e-03
7.083312142640352249e-03
7.596859359182417393e-04
-1.035265042446553707e-03
1.698099076747894287e-03
-1.044625043869018555e-02
6.729750894010066986e-04
4.398953635245561600e-03
3.724703332409262657e-03
3.281151177361607552e-03
9.662338532507419586e-03
2.942814026027917862e-03
4.014758393168449402e-03
4.166286438703536987e-03
1.007992867380380630e-02
6.094581913203001022e-03
5.074891261756420135e-03
-1.240860903635621071e-03
3.203633055090904236e-02
1.921346224844455719e-02
4.909204784780740738e-03
6.127003580331802368e-03
8.271782658994197845e-03
4.236405715346336365e-03
3.313643625006079674e-03
6.726759951561689377e-03
3.895207773894071579e-03
7.625596597790718079e-03
4.916833247989416122e-03
7.995481602847576141e-03
3.227046458050608635e-03
1.008214149624109268e-02
3.995709121227264404e-03
1.071824412792921066e-02
1.068346016108989716e-02
1.875781826674938202e-02
1.018873136490583420e-02
1.158519554883241653e-02
6.945797707885503769e-03
1.660205307416617870e-03
8.102890104055404663e-03
8.650054223835468292e-03
1.464424713049083948e-04
3.765121847391128540e-02
1.263388898223638535e-02
9.580533951520919800e-03
4.396762233227491379e-03
4.101500380784273148e-03
4.879333078861236572e-03
2.382661588490009308e-02
1.189243420958518982e-02
2.104893326759338379e-03
6.753324065357446671e-03
1.089209597557783127e-02
-1.003871019929647446e-02
-6.800340022891759872e-03
5.410836078226566315e-03
6.203482393175363541e-03
5.942162591964006424e-03
2.665431238710880280e-04
7.276416290551424026e-03
6.605554837733507156e-03
1.417260849848389626e-03
6.355423014611005783e-03
3.915125038474798203e-03
7.046434096992015839e-03
8.860409259796142578e-03
9.461083449423313141e-03
1.046895049512386322e-02
1.045340299606323242e-02
5.375662818551063538e-03
-1.613374100998044014e-03
-6.417918484658002853e-04
-8.345155045390129089e-03
9.974355809390544891e-03
-7.780729327350854874e-03
-1.891280640847980976e-03
1.414249092340469360e-02
7.953445427119731903e-03
1.164748799055814743e-02
6.826255121268332005e-04
1.047593168914318085e-02
-1.424566097557544708e-02
2.667442022357136011e-04
7.379389833658933640e-03
2.874086378142237663e-03
2.919573336839675903e-03
8.696226403117179871e-03
2.789998688967898488e-05
8.466602303087711334e-03
7.076434325426816940e-03
4.886397160589694977e-03
2.626681467518210411e-03
-5.849794484674930573e-03
4.794903565198183060e-03
1.065210159868001938e-02
4.899912513792514801e-03
-7.121795322746038437e-03
-5.733493715524673462e-03
2.957732183858752251e-03
1.168754976242780685e-02
-2.372043393552303314e-02
8.015722036361694336e-03
-1.941499114036560059e-02
-1.315509085543453693e-03
1.006313227117061615e-02
4.786213394254446030e-03
-4.910869523882865906e-03
6.067395210266113281e-03
-5.946351680904626846e-03
-3.859878284856677055e-03
1.931270956993103027e-02
-5.395822809077799320e-04
7.812142372131347656e-03
7.366984151303768158e-03
3.541975747793912888e-03
7.529712165705859661e-04
1.700788177549839020e-02
9.193265810608863831e-03
-3.817692631855607033e-03
2.542569127399474382e-04
-1.366970781236886978e-02
-8.862684480845928192e-03
-2.113715047016739845e-03
-1.616716384887695312e-02
1.194946002215147018e-02
-2.377367578446865082e-03
5.066542420536279678e-03
4.202625248581171036e-03
3.749218012671917677e-04
-2.783344872295856476e-02
-1.404588017612695694e-02
2.293555997312068939e-02
-7.769108051434159279e-04
2.146161533892154694e-02
1.070725824683904648e-02
-3.479400416836142540e-03
-2.449898049235343933e-03
5.842085927724838257e-03
2.787285484373569489e-03
-3.191260620951652527e-02
-1.207649707794189453e-02
-3.182071304763667285e-05
-3.856387361884117126e-02
1.111003849655389786e-02
-2.159677073359489441e-02
-5.239208787679672241e-02
-2.690948545932769775e-02
-3.215455263853073120e-02
-8.486201404593884945e-04
-8.168183267116546631e-03
-1.484548766165971756e-02
-2.371288649737834930e-02
-2.184251137077808380e-02
7.574468036182224751e-04
-2.303937636315822601e-02
-3.054867498576641083e-02
-1.072142552584409714e-02
-2.805607579648494720e-02
-3.410621359944343567e-02
3.644517855718731880e-03
-3.290343284606933594e-02
-2.884117700159549713e-02
-2.033988275798037648e-04
-1.923531293869018555e-02
2.689989097416400909e-02
-2.635763585567474365e-02
-2.648068964481353760e-02
5.435925349593162537e-02
-2.096693217754364014e-02
-5.257480219006538391e-02
-1.651577185839414597e-03
-2.364930510520935059e-02
-6.465815752744674683e-02
7.213703938759863377e-04
-2.323658019304275513e-02
-5.895916372537612915e-03
7.405707985162734985e-02
-6.601928174495697021e-02
-3.704953566193580627e-02
5.164342373609542847e-02
-5.515878647565841675e-02
-4.893620312213897705e-02
8.445689827203750610e-02
-7.896071672439575195e-02
5.708041414618492126e-02
5.960517376661300659e-02
-6.227739900350570679e-02
-2.575640752911567688e-02
4.070068895816802979e-02
3.631821647286415100e-02
2.797552198171615601e-02
7.041960954666137695e-02
7.836206257343292236e-02
1.985103450715541840e-02
1.903432607650756836e-02
-5.930605158209800720e-02
-7.167060859501361847e-03
-5.744030699133872986e-03
-6.932918727397918701e-02
-3.868109360337257385e-02
8.279864676296710968e-03
-9.204418398439884186e-03
3.623729944229125977e-02
-2.514657378196716309e-02
1.823403313755989075e-02
-1.213634168379940093e-04
-1.623975671827793121e-02
-5.840811133384704590e-02
-5.896099656820297241e-02
3.985241055488586426e-02
-4.592464491724967957e-02
1.614993624389171600e-02
-2.076186239719390869e-02
2.721519768238067627e-02
8.522788062691688538e-03
1.829866692423820496e-02
5.241683684289455414e-03
1.661742851138114929e-02
-8.135095238685607910e-03
-2.766983583569526672e-02
-1.703480258584022522e-02
-5.927083548158407211e-03
1.669200696051120758e-02
-1.487992238253355026e-02
-3.376916982233524323e-03
-8.763663470745086670e-03
-1.271440088748931885e-02
2.455554436892271042e-03
-2.924328669905662537e-03
-2.349250717088580132e-03
-3.185893967747688293e-02
-2.744207857176661491e-03
-3.334132954478263855e-02
-1.865848083980381489e-03
1.383531745523214340e-02
4.965618718415498734e-03
-1.584646850824356079e-02
-9.383858181536197662e-03
8.800916839390993118e-04
-2.346457913517951965e-02
-9.745660237967967987e-03
-1.121850311756134033e-02
-5.209984374232590199e-04
-1.253477879799902439e-03
-1.256435271352529526e-02
-7.942598313093185425e-03
-1.379356347024440765e-02
8.057501167058944702e-03
-8.850425365380942822e-04
3.100880130659788847e-04
2.905987203121185303e-02
-4.107872489839792252e-03
-6.890493910759687424e-03
-1.653582975268363953e-02
-6.322518922388553619e-03
-1.147284731268882751e-02
-4.864218179136514664e-03
5.024855490773916245e-03
3.863369347527623177e-03
2.219130517914891243e-03
5.571990273892879486e-03
-3.880968550220131874e-03
1.652513165026903152e-03
8.884810842573642731e-03
2.694130642339587212e-03
6.031407508999109268e-03
1.179234869778156281e-02
6.081604398787021637e-03
2.568220719695091248e-03
-4.154666326940059662e-03
-1.505938358604907990e-03
-7.733496204309631139e-06
8.227408863604068756e-03
1.497963326983153820e-03
-1.081032119691371918e-02
2.986375475302338600e-04
-3.032798180356621742e-03
-7.237748708575963974e-03
1.916430704295635223e-02
4.674667958170175552e-03
4.043852910399436951e-03
1.004868093878030777e-02
1.242734491825103760e-02
1.722947135567665100e-02
-5.348833277821540833e-03
1.248135813511908054e-03
-7.151256315410137177e-03
1.237265067175030708e-03
7.004665676504373550e-03
-1.517012598924338818e-03
-1.333131105639040470e-03
-1.192834228277206421e-03
-4.825073294341564178e-03
9.922997560352087021e-04
-9.140633628703653812e-04
2.106798492604866624e-04
-4.886910784989595413e-03
-4.596364684402942657e-03
3.835322859231382608e-04
2.976286690682172775e-03
5.510186776518821716e-03
-5.500223953276872635e-03
3.765742294490337372e-03
1.214553369209170341e-03
-2.560677239671349525e-03
1.294746645726263523e-03
-6.948463153094053268e-03
-1.235528010874986649e-02
-2.358460333198308945e-03
-5.281631019897758961e-04
8.095285738818347454e-04
-1.513590221293270588e-03
-1.412534900009632111e-02
-2.000211272388696671e-03
-5.883448291569948196e-03
2.629001624882221222e-03
-4.807630088180303574e-03
-7.752373814582824707e-03
2.231017919257283211e-03
-5.574765149503946304e-03
-4.109259229153394699e-03
-4.802638199180364609e-03
-1.053186226636171341e-02
-4.265200812369585037e-03
-6.969027221202850342e-03
-3.387043252587318420e-02
-1.123084686696529388e-02
-4.886877723038196564e-03
-6.038085557520389557e-03
-1.738850260153412819e-03
-1.235520839691162109e-02
-9.978278540074825287e-03
-7.745306938886642456e-03
-3.288155188784003258e-03
-3.408100921660661697e-03
-3.915910609066486359e-03
-7.750252261757850647e-03
-3.581851348280906677e-02
-1.017403695732355118e-02
-6.409108638763427734e-02
-1.138902269303798676e-02
3.616520762443542480e-02
-2.526615280658006668e-03
-1.899367943406105042e-02
-1.850749738514423370e-02
-6.134444382041692734e-03
-1.025321241468191147e-02
9.883074089884757996e-03
-7.569711306132376194e-04
7.700784597545862198e-03
-9.730566293001174927e-03
-2.280131541192531586e-02
-9.101578034460544586e-03
-6.513899657875299454e-03
-1.841211807914078236e-03
-3.467448987066745758e-03
-2.003372088074684143e-02
-5.259503144770860672e-03
-3.530437126755714417e-03
-8.212894201278686523e-03
-5.279315635561943054e-03
3.042555227875709534e-02
-3.321137512102723122e-03
-1.945368945598602295e-02
-6.163444835692644119e-03
-5.947811529040336609e-03
-9.330095723271369934e-03
-7.544979453086853027e-03
-4.690109286457300186e-03
1.415714068571105599e-04
-4.274791106581687927e-03
-9.112267754971981049e-03
-8.077845559455454350e-04
8.179638534784317017e-04
-1.075138570740818977e-03
-9.144067764282226562e-03
-3.876538714393973351e-03
-3.498891368508338928e-03
-2.240888029336929321e-02
-8.467749692499637604e-03
-6.895704194903373718e-03
6.850216537714004517e-03
5.197472404688596725e-03
-4.050006624311208725e-03
-1.084368210285902023e-03
-7.357984781265258789e-03
-1.180671388283371925e-03
3.594410372897982597e-04
