-1.007045037113130093e-03
6.939668674021959305e-03
-6.766273872926831245e-04
-1.409909571520984173e-03
-3.849206259474158287e-03
-8.193559013307094574e-03
-1.336597953923046589e-03
3.317621070891618729e-03
5.657770670950412750e-04
-3.484023618511855602e-04
-9.884894825518131256e-03
-2.027085749432444572e-03
-2.728770021349191666e-03
-1.459877123124897480e-03
3.124673385173082352e-03
4.028061230201274157e-04
1.577178202569484711e-02
1.745157758705317974e-03
1.549491938203573227e-02
-5.352884065359830856e-03
-1.097612781450152397e-03
-1.357826287858188152e-03
-5.422093905508518219e-03
7.364504504948854446e-03
-1.840370823629200459e-03
1.285397098399698734e-03
-2.298571169376373291e-02
-3.273187438026070595e-03
1.217802637256681919e-03
7.088648155331611633e-03
-1.115105021744966507e-02
6.291453260928392410e-03
3.118236083537340164e-03
-1.348505156784085557e-05
-2.256009029224514961e-03
3.991947043687105179e-03
8.669780218042433262e-04
1.236210111528635025e-03
4.511083941906690598e-03
1.615298679098486900e-03
1.093748491257429123e-03
-1.458104513585567474e-02
-6.440970115363597870e-03
-2.083227783441543579e-02
7.794320117682218552e-03
1.472328230738639832e-02
2.570818644016981125e-03
2.347958507016301155e-03
-5.962767172604799271e-03
-1.371868792921304703e-02
1.184783395729027689e-04
1.034959219396114349e-02
3.507892135530710220e-03
-2.127026952803134918e-02
3.871359396725893021e-03
7.142897229641675949e-03
-8.981109713204205036e-04
-4.656218923628330231e-03
9.961239062249660492e-03
2.363259671255946159e-03
8.846425451338291168e-03
1.668163575232028961e-02
-3.563384059816598892e-03
1.123597030527889729e-03
3.922793082892894745e-03
-1.088082883507013321e-02
1.150983199477195740e-02
3.314891131594777107e-03
-1.560597214847803116e-03
6.133093498647212982e-03
1.087744347751140594e-02
1.756937010213732719e-03
5.989365279674530029e-03
-1.301057357341051102e-02
-5.050644977018237114e-04
8.024805225431919098e-03
5.727780051529407501e-03
1.311268657445907593e-03
1.044659758917987347e-03
5.135914776474237442e-03
6.844094023108482361e-03
1.502671092748641968e-02
1.341015659272670746e-02
-2.659057267010211945e-02
-3.287945641204714775e-03
-1.077165640890598297e-02
-4.514971282333135605e-03
8.034754544496536255e-03
2.350051188841462135e-03
-2.601316431537270546e-03
-1.286142040044069290e-02
-1.162143331021070480e-02
4.214969929307699203e-03
-5.461204797029495239e-03
6.135196425020694733e-03
1.393593940883874893e-02
6.478478200733661652e-03
3.853735979646444321e-03
5.744222924113273621e-02
5.096791574032977223e-05
6.295021157711744308e-03
2.815994201228022575e-03
-5.801674444228410721e-03
7.553376723080873489e-03
-2.158020809292793274e-02
1.980104483664035797e-03
-1.017984468489885330e-02
1.607055775821208954e-03
9.450585581362247467e-03
3.095191344618797302e-02
1.164944097399711609e-02
-2.704306738451123238e-03
9.088549762964248657e-03
-1.037148758769035339e-02
-8.054213598370552063e-03
-3.332544350996613503e-03
1.189646311104297638e-02
1.684360788203775883e-03
3.394960612058639526e-02
1.770165516063570976e-03
-1.030019298195838928e-02
1.508285012096166611e-02
1.392184011638164520e-02
-1.957111433148384094e-02
8.419469930231571198e-03
-1.180064491927623749e-02
1.339311059564352036e-02
-4.436621908098459244e-03
7.182885892689228058e-03
-5.961784627288579941e-03
4.421999678015708923e-03
1.513104652985930443e-03
-2.812311751767992973e-03
4.665771964937448502e-03
-7.008005864918231964e-03
7.281158119440078735e-03
1.012646220624446869e-02
1.116869039833545685e-02
8.296282961964607239e-03
1.880569197237491608e-02
1.669749617576599121e-02
6.314717233180999756e-03
2.905351284425705671e-04
1.815909333527088165e-02
1.963612437248229980e-02
1.433932781219482422e-02
1.172073371708393097e-02
1.702986285090446472e-02
-4.183675628155469894e-03
1.267291791737079620e-02
2.592384442687034607e-02
2.814542036503553391e-03
-2.408139407634735107e-02
7.021422963589429855e-03
-3.932693973183631897e-02
-3.825530409812927246e-03
-6.521164905279874802e-03
1.608839631080627441e-02
-8.758864132687449455e-04
1.993070589378476143e-03
-1.532697584480047226e-02
3.644239529967308044e-02
-4.316644117352552712e-05
7.205832749605178833e-03
2.293848432600498199e-02
3.847754746675491333e-02
-7.946060039103031158e-03
1.282350253313779831e-02
4.785236436873674393e-03
3.793779760599136353e-02
1.825400069355964661e-02
-9.305042214691638947e-03
-2.051015011966228485e-02
-2.974524162709712982e-02
4.270039498805999756e-03
2.421812713146209717e-02
-1.411137171089649200e-02
4.325509816408157349e-02
-1.058825291693210602e-02
1.916013285517692566e-02
-3.502414003014564514e-02
7.897569797933101654e-03
-3.571036458015441895e-02
2.727057784795761108e-02
9.823428839445114136e-02
-3.552943095564842224e-02
2.080978080630302429e-02
-9.900365024805068970e-03
4.451857507228851318e-02
-6.748636811971664429e-02
8.027635514736175537e-02
1.363239996135234833e-02
9.895253181457519531e-02
5.699418019503355026e-03
-3.409366682171821594e-02
-3.749182447791099548e-02
-6.391454488039016724e-02
1.719037815928459167e-02
-2.899421378970146179e-02
-3.030996397137641907e-02
2.681644819676876068e-02
1.798501983284950256e-02
-5.278588831424713135e-02
-1.897215843200683594e-02
3.831022605299949646e-02
8.447648584842681885e-02
5.366261582821607590e-03
5.639787018299102783e-02
-2.312233112752437592e-02
4.776410013437271118e-02
4.437009245157241821e-02
4.724343493580818176e-02
3.850787505507469177e-02
-9.716631844639778137e-03
6.722965091466903687e-02
6.546565145254135132e-02
-2.405000291764736176e-02
1.801331713795661926e-02
1.994600519537925720e-02
4.744256846606731415e-03
3.918523341417312622e-02
6.714710034430027008e-03
-3.752411529421806335e-02
9.753140620887279510e-03
3.050727583467960358e-02
8.900523185729980469e-03
-3.923667129129171371e-03
-3.035010397434234619e-02
6.547034718096256256e-03
-1.749343983829021454e-02
-1.705719716846942902e-02
2.518259733915328979e-02
4.296327754855155945e-02
7.898662006482481956e-04
2.405380457639694214e-02
1.533527020364999771e-02
-1.452796719968318939e-02
1.263900008052587509e-02
7.681291317567229271e-04
3.183082863688468933e-02
3.708604350686073303e-02
-3.927266690880060196e-03
2.075265906751155853e-02
2.221472328528761864e-03
-6.651261355727910995e-03
1.773119554854929447e-03
-1.363543979823589325e-02
-4.340641666203737259e-03
9.521233849227428436e-03
2.447289973497390747e-02
3.485780954360961914e-02
2.491983957588672638e-02
-6.796829402446746826e-03
-1.413426548242568970e-02
-1.022867485880851746e-02
-1.767573319375514984e-02
-1.756970211863517761e-02
-6.953189149498939514e-04
-2.677149884402751923e-02
-1.981798000633716583e-02
2.638544514775276184e-02
2.853265265002846718e-03
1.959327608346939087e-02
1.514927484095096588e-02
-4.721401259303092957e-03
8.304387331008911133e-03
-7.748944684863090515e-03
-1.865272410213947296e-02
1.052487455308437347e-02
7.002640049904584885e-03
3.231697482988238335e-03
-2.424695063382387161e-03
-1.970292301848530769e-03
4.969461355358362198e-03
1.883877627551555634e-02
-6.251294631510972977e-03
-2.393578737974166870e-02
1.509644370526075363e-02
1.837928593158721924e-02
-1.291017234325408936e-02
4.827953816857188940e-04
-2.326175197958946228e-02
3.385892603546380997e-03
1.583226956427097321e-02
4.117436241358518600e-03
8.935467340052127838e-03
1.184137444943189621e-02
1.704848837107419968e-03
-5.798067897558212280e-03
-1.762043684720993042e-03
1.894660107791423798e-02
7.919930852949619293e-03
9.699614602141082287e-04
-1.000310387462377548e-02
5.393651779741048813e-03
6.061733234673738480e-03
1.180385891348123550e-02
4.572817590087652206e-03
9.882356971502304077e-04
-9.400184266269207001e-03
1.330606173723936081e-02
-2.733407309278845787e-03
1.308771315962076187e-03
8.975104428827762604e-03
9.640325792133808136e-03
5.797444842755794525e-03
8.588629774749279022e-03
-9.321583434939384460e-03
5.179423373192548752e-03
-6.963104009628295898e-03
-1.169789955019950867e-02
1.344910543411970139e-02
-5.878353025764226913e-03
-9.978039190173149109e-03
-2.386282663792371750e-03
-1.128481794148683548e-02
7.109853439033031464e-03
8.252925239503383636e-03
6.684403866529464722e-03
3.917057067155838013e-03
-4.557457566261291504e-02
-1.634079380892217159e-03
-1.028676051646471024e-02
-9.572684648446738720e-04
-1.600429415702819824e-03
4.391692578792572021e-03
1.038699690252542496e-02
-1.048764586448669434e-02
5.816811230033636093e-03
1.130268559791147709e-03
5.924761760979890823e-03
6.072421092540025711e-03
-4.463602788746356964e-03
3.894692286849021912e-03
-7.816481404006481171e-03
-6.525428034365177155e-03
8.478179224766790867e-04
2.598853223025798798e-02
-6.398420780897140503e-03
-5.668646190315485001e-03
3.439755178987979889e-03
2.006587572395801544e-03
1.267893821932375431e-03
-2.746259793639183044e-03
-7.856770534999668598e-04
-1.243405789136886597e-02
-6.303793285042047501e-03
4.822539165616035461e-03
-6.258173380047082901e-03
-1.016341056674718857e-02
3.999981097877025604e-03
4.345043096691370010e-03
8.958192192949354649e-04
4.214656073600053787e-03
1.627145247766748071e-04
-5.390191450715065002e-03
-1.226369058713316917e-03
-2.083970233798027039e-03
-7.090297993272542953e-03
-1.183799817226827145e-03
5.098625086247920990e-03
-1.241703517735004425e-03
8.863504044711589813e-03
1.305724435951560736e-04
-4.524192307144403458e-03
3.842250211164355278e-03
7.509457063861191273e-04
-5.386769771575927734e-03
3.318964270874857903e-03
8.444500155746936798e-03
8.699839003384113312e-03
-1.803894760087132454e-03
2.343013184145092964e-03
1.909267739392817020e-03
-1.269053108990192413e-02
-1.028164639137685299e-03
2.457734197378158569e-03
-4.398809745907783508e-03
2.332520205527544022e-03
-3.349047852680087090e-03
4.064920358359813690e-03
9.765815775608643889e-05
2.817199565470218658e-04
-6.162758450955152512e-03
-3.539449535310268402e-04
2.927223779261112213e-02
-1.621876843273639679e-02
-2.042148727923631668e-03
1.268001832067966461e-02
-6.032566353678703308e-02
1.581430784426629543e-03
-1.560421776957809925e-03
-1.722776098176836967e-03
-1.916693523526191711e-02
-2.362823579460382462e-03
1.462583779357373714e-03
1.472011499572545290e-04
4.586732946336269379e-03
1.658761175349354744e-03
-1.890898495912551880e-02
-1.963950227946043015e-03
