-3.175932579324580729e-05
3.773600838030688465e-05
6.653060700045898557e-05
-9.729155863169580698e-05
-1.194445139844901860e-04
2.263111309730447829e-05
2.738352923188358545e-04
-1.825471699703484774e-04
4.379361926112323999e-04
7.483982335543259978e-05
3.124297072645276785e-04
8.076005542534403503e-06
3.855316899716854095e-04
2.133556554326787591e-04
4.087064880877733231e-04
1.835412112995982170e-04
5.000019446015357971e-04
2.951492788270115852e-04
6.299826200120151043e-04
1.169566166936419904e-04
7.894672307884320617e-05
6.756140501238405704e-04
2.171052910853177309e-04
2.670495305210351944e-04
9.155162842944264412e-05
3.928348305635154247e-04
1.893664739327505231e-04
2.535250096116214991e-04
1.831213012337684631e-04
9.231138392351567745e-05
2.313284494448453188e-04
1.368421944789588451e-04
3.148752730339765549e-04
2.737340109888464212e-04
-4.300733053241856396e-05
3.211123985238373280e-04
3.575385489966720343e-04
4.632547788787633181e-04
2.057976962532848120e-04
3.959453606512397528e-04
4.536377382464706898e-04
3.759564606298226863e-07
-8.878411608748137951e-05
-2.834906081261578947e-05
2.669277637323830277e-05
2.686097519472241402e-03
2.724107180256396532e-04
2.361059450777247548e-04
1.598352973815053701e-04
-1.218370889546349645e-04
1.966851705219596624e-04
6.074480712413787842e-03
3.739351814147084951e-04
9.550937829772010446e-05
-2.014629171753767878e-05
9.343526326119899750e-03
8.152932423399761319e-05
7.665838893444743007e-06
7.510125171393156052e-03
2.973286318592727184e-04
6.013568956404924393e-03
3.224061429500579834e-02
-1.903605880215764046e-05
7.788273069309070706e-05
-2.265000075567513704e-04
-2.104907762259244919e-04
2.452466078102588654e-02
1.248719036084366962e-05
-1.642478127905633301e-05
-2.346985420444980264e-04
2.425629459321498871e-02
-1.215619704453274608e-04
2.693348331376910210e-03
1.803416234906762838e-04
6.366381421685218811e-05
8.341147564351558685e-03
7.635614834725856781e-03
5.492296768352389336e-04
3.187295806128531694e-04
3.701092209666967392e-03
2.283433638513088226e-02
2.867870405316352844e-02
5.991084128618240356e-02
2.989784698002040386e-04
6.392967188730835915e-04
3.980505789513699710e-05
1.119266264140605927e-02
6.226389110088348389e-02
2.406556304777041078e-04
2.596095763146877289e-02
6.063824403099715710e-04
3.695793566294014454e-04
4.632986336946487427e-02
6.392422365024685860e-04
9.910111548379063606e-04
6.752911955118179321e-02
2.872372418642044067e-02
1.403444819152355194e-02
1.192821264266967773e-01
7.143243419704958797e-05
4.150486737489700317e-02
1.738981343805789948e-02
8.098144084215164185e-03
7.127439230680465698e-02
1.371787366224452853e-04
5.519077554345130920e-02
1.568829454481601715e-02
1.699604280292987823e-02
4.975291714072227478e-02
9.407791495323181152e-02
7.413409650325775146e-02
6.144309882074594498e-03
9.447691589593887329e-02
7.785412482917308807e-03
3.470364585518836975e-02
1.295710727572441101e-02
8.765276521444320679e-02
3.032244555652141571e-02
1.128769442439079285e-01
4.457382857799530029e-02
5.920198746025562286e-03
9.290824085474014282e-02
8.281429111957550049e-02
3.662045113742351532e-03
8.863063156604766846e-02
5.942962598055601120e-03
8.874665200710296631e-02
3.138130530714988708e-02
1.052546724677085876e-01
3.181668743491172791e-02
6.604581326246261597e-02
5.704379826784133911e-02
2.256894297897815704e-02
6.996969133615493774e-02
1.898325607180595398e-02
5.576728656888008118e-02
4.931177198886871338e-02
6.346251070499420166e-02
5.460401624441146851e-02
7.222676277160644531e-02
5.466218665242195129e-02
6.508812308311462402e-02
4.200919717550277710e-02
3.983685001730918884e-02
7.502254098653793335e-02
5.338866263628005981e-02
2.739530615508556366e-02
7.690055668354034424e-02
1.527508837170898914e-03
4.465951025485992432e-02
7.251443713903427124e-02
1.873151771724224091e-02
2.257821150124073029e-03
4.394039511680603027e-02
3.112293779850006104e-03
2.253085933625698090e-02
1.506621763110160828e-02
3.358839824795722961e-02
7.395541761070489883e-04
1.902104727923870087e-02
4.076133191119879484e-04
5.696980655193328857e-02
5.604448233498260379e-05
1.045934768626466393e-04
1.643854752182960510e-02
2.589794434607028961e-02
1.241340796696022153e-04
2.047517709434032440e-02
3.636483234004117548e-05
2.576355636119842529e-02
1.135537095251493156e-04
1.634378168091643602e-05
-4.213478241581469774e-04
-1.384062692523002625e-02
-6.467585626523941755e-05
1.196526829153299332e-02
-3.573950380086898804e-02
3.277887776494026184e-02
-1.205473579466342926e-02
4.144491162151098251e-03
-2.622761391103267670e-02
-7.896385068306699395e-05
-1.081216055899858475e-02
-2.578542080300394446e-05
6.917919218540191650e-02
-2.005135267972946167e-02
-9.602093632565811276e-05
-2.272655256092548370e-02
1.664848066866397858e-02
-3.842120990157127380e-02
3.512575104832649231e-02
-1.754244323819875717e-03
3.098122216761112213e-02
-6.278200075030326843e-03
-1.893710903823375702e-02
-3.301348304376006126e-03
-2.548764459788799286e-02
1.673654280602931976e-02
-1.096541964216157794e-04
-9.862643491942435503e-05
-1.535707997391000390e-04
-2.272276178700849414e-04
-3.300725657027214766e-04
-2.541546709835529327e-04
-2.947773900814354420e-04
1.338058523833751678e-02
-2.592702629044651985e-03
1.927351346239447594e-03
-2.689908258616924286e-02
2.206686884164810181e-02
-1.506563421571627259e-04
-2.885511457861866802e-05
8.688645437359809875e-03
-2.161709778010845184e-02
2.477297373116016388e-02
4.395128693431615829e-03
-1.925640180706977844e-02
-5.886713552172295749e-05
3.261175588704645634e-04
-2.102314494550228119e-02
2.557003311812877655e-02
3.204398322850465775e-03
-5.284995958209037781e-02
6.793827749788761139e-03
-7.036010356387123466e-05
-1.535518276796210557e-05
1.692349032964557409e-04
-1.820675469934940338e-02
-1.695590617600828409e-05
1.484146105212857947e-05
1.604928402230143547e-04
1.423073117621243000e-04
5.108287557959556580e-02
-1.215726602822542191e-02
1.620911993086338043e-02
2.417254820466041565e-02
1.294267276534810662e-04
1.189251244068145752e-02
2.011289325309917331e-04
4.694563895463943481e-02
6.737960129976272583e-02
2.547944313846528530e-04
3.606781736016273499e-02
3.581851720809936523e-02
1.587310805916786194e-03
3.290347382426261902e-02
7.000668440014123917e-03
1.373841147869825363e-02
4.503025859594345093e-02
6.041242927312850952e-02
6.507147103548049927e-02
7.087764143943786621e-02
2.445665188133716583e-02
2.786032855510711670e-02
2.989820949733257294e-02
2.395043708384037018e-02
2.581546269357204437e-02
3.697580844163894653e-02
1.552446652203798294e-02
3.138732537627220154e-02
1.164622157812118530e-01
9.057748131453990936e-03
1.029830351471900940e-01
5.682459846138954163e-02
2.587995864450931549e-02
6.202590093016624451e-02
6.365656107664108276e-02
1.065315771847963333e-02
7.996642589569091797e-02
2.921900339424610138e-02
7.448767870664596558e-02
5.097936838865280151e-02
3.964408487081527710e-02
6.100752949714660645e-02
9.190204739570617676e-02
5.695067718625068665e-02
6.623254623264074326e-03
9.191782772541046143e-02
1.004339009523391724e-01
6.380150094628334045e-03
5.481759831309318542e-02
9.042252786457538605e-03
3.404073044657707214e-02
9.759470820426940918e-02
2.326194569468498230e-02
6.264323741197586060e-02
6.495456397533416748e-02
4.935923591256141663e-02
1.457824744284152985e-02
2.499587461352348328e-02
8.889791369438171387e-02
5.802502483129501343e-02
4.772176593542098999e-02
1.185526046901941299e-02
5.266525596380233765e-02
4.208324849605560303e-02
5.279368534684181213e-02
4.936824738979339600e-02
3.259049355983734131e-02
8.396267076022922993e-04
6.554710119962692261e-02
1.619871892035007477e-02
3.069301880896091461e-02
4.584997892379760742e-02
6.124109029769897461e-02
1.887587271630764008e-02
3.980789333581924438e-02
6.419390410883352160e-05
5.480419099330902100e-02
2.136792521923780441e-03
1.121508539654314518e-04
8.155751228332519531e-02
2.730204432737082243e-04
3.953354316763579845e-04
2.553970180451869965e-02
2.539074048399925232e-04
3.738459572196006775e-02
2.474318072199821472e-02
2.721813693642616272e-02
3.934244625270366669e-03
3.942805342376232147e-04
3.000785224139690399e-02
-1.078108016372425482e-05
9.263487532734870911e-03
2.999195203301496804e-05
4.173616878688335419e-03
3.307173028588294983e-02
-2.833536564139649272e-05
3.433359786868095398e-02
2.666776999831199646e-04
3.226348781026899815e-04
1.012381399050354958e-03
8.782381337368860841e-05
1.538331125630065799e-04
3.983024507761001587e-04
1.167781447293236852e-04
1.860569609561935067e-04
4.136443883180618286e-02
-1.554208574816584587e-04
-2.131160727003589272e-04
-1.355690910713747144e-04
-3.543819184415042400e-05
2.386393171036615968e-04
-1.646121236262843013e-04
9.557119483361020684e-05
2.531880745664238930e-04
2.147438499378040433e-04
1.058435440063476562e-02
1.993266341742128134e-04
1.599794923095032573e-04
-7.306223415071144700e-05
2.851658791769295931e-04
-5.636958303512074053e-05
-1.070248181349597871e-04
-1.602423872100189328e-04
4.003220819868147373e-04
4.253236329532228410e-05
-6.367381865857169032e-05
1.566052669659256935e-04
4.043235385324805975e-04
2.789026766549795866e-04
4.613682685885578394e-04
2.570227079559117556e-04
2.669266832526773214e-04
3.214174066670238972e-04
1.847148232627660036e-04
3.754507342819124460e-04
3.843898011837154627e-04
1.523213431937620044e-04
3.175090387230738997e-05
1.993613841477781534e-04
1.914123131427913904e-04
-1.330597442574799061e-04
1.614606007933616638e-04
-8.769286068854853511e-06
-5.219492959440685809e-05
8.232245454564690590e-04
3.665061958599835634e-04
-3.410074714338406920e-05
4.288568161427974701e-04
9.687725832918658853e-05
5.450241733342409134e-04
4.593651101458817720e-04
3.735820937436074018e-04
-1.210867194458842278e-04
6.278146174736320972e-04
1.764382905093953013e-04
5.604503676295280457e-04
2.098416298395022750e-04
1.235882169567048550e-03
5.297731258906424046e-04
1.515046460554003716e-04
2.836877247318625450e-04
-2.551431243773549795e-04
4.850524710491299629e-04
2.674609422683715820e-04
1.245163730345666409e-04
-8.499727118760347366e-05
-1.313463781116297469e-05
-2.120254503097385168e-04
6.264228431973606348e-05
