-2.963183214887976646e-04
-1.989713782677426934e-04
-2.006229042308405042e-04
-2.380776277277618647e-04
-2.227126969955861568e-04
-3.133762220386415720e-04
-2.994302194565534592e-04
-3.236678021494299173e-04
-3.486273053567856550e-04
-3.058559377677738667e-04
-3.833107766695320606e-04
-4.498834314290434122e-04
-4.056194738950580359e-04
-4.312565724831074476e-04
-5.487415473908185959e-04
-4.920798819512128830e-04
-5.335571477189660072e-04
-5.526825552806258202e-04
-5.834861076436936855e-04
-6.501854513771831989e-04
-6.295331986621022224e-04
-6.051089148968458176e-04
-5.585917388089001179e-04
-6.806930177845060825e-04
-6.179700721986591816e-04
-6.898731226101517677e-04
-7.309234351851046085e-04
-8.052196353673934937e-04
-7.605652208440005779e-04
-7.870543631725013256e-04
-7.256773533299565315e-04
-7.475101738236844540e-04
-8.131726062856614590e-04
-8.970645722001791000e-04
-8.725071675144135952e-04
-8.508741739206016064e-04
-8.594252285547554493e-04
-8.618281572125852108e-04
-8.841333910822868347e-04
-8.257640874944627285e-04
-8.908140007406473160e-04
-8.848533034324645996e-04
-8.601945010013878345e-04
-8.864348055794835091e-04
-7.949159480631351471e-04
-8.785039535723626614e-04
-7.827152730897068977e-04
-8.330370183102786541e-04
-7.592096808366477489e-04
-7.234950317069888115e-04
-7.377199945040047169e-04
-6.625393871217966080e-04
-7.585607236251235008e-04
-6.501139723695814610e-04
-5.399879883043467999e-04
-5.489945760928094387e-04
-6.065795896574854851e-04
-4.821018374059349298e-04
-4.196627705823630095e-04
-4.061304207425564528e-04
-3.452333039604127407e-04
-2.885746071115136147e-04
-3.406649630051106215e-04
-2.137684205081313848e-04
-1.779755402822047472e-04
-3.743507113540545106e-05
6.000701432640198618e-06
1.005627418635413051e-04
2.175366680603474379e-04
2.383731334703043103e-04
2.901279658544808626e-04
4.428154788911342621e-04
4.406888037919998169e-04
6.218857597559690475e-04
8.450044551864266396e-04
7.855325820855796337e-04
7.533522439189255238e-04
1.004479127004742622e-03
1.030592015013098717e-03
1.139281783252954483e-03
1.299851341173052788e-03
1.362332142889499664e-03
1.534831593744456768e-03
1.621740288101136684e-03
1.705240225419402122e-03
1.857054885476827621e-03
2.007089322432875633e-03
1.970356097444891930e-03
2.164511010050773621e-03
2.199064008891582489e-03
2.390806330367922783e-03
2.486863639205694199e-03
2.597020473331212997e-03
2.592391567304730415e-03
2.714773872867226601e-03
2.845234703272581100e-03
2.838976914063096046e-03
2.877674531191587448e-03
2.948243636637926102e-03
3.049395978450775146e-03
3.163260174915194511e-03
3.040754934772849083e-03
3.162210341542959213e-03
3.284243866801261902e-03
3.150158561766147614e-03
3.171913325786590576e-03
3.328060731291770935e-03
3.327159211039543152e-03
3.327067475765943527e-03
3.328288206830620766e-03
3.324346849694848061e-03
3.433697624132037163e-03
3.376176580786705017e-03
3.317328169941902161e-03
3.319576615467667580e-03
3.332485910505056381e-03
3.222108352929353714e-03
3.255946794524788857e-03
3.224099287763237953e-03
3.171013435348868370e-03
3.121897112578153610e-03
3.121987683698534966e-03
3.201675834134221077e-03
3.189980518072843552e-03
3.112161066383123398e-03
3.098592162132263184e-03
3.085227217525243759e-03
3.207719419151544571e-03
3.080592490732669830e-03
3.178013022989034653e-03
3.140079323202371597e-03
3.310364438220858574e-03
3.351594321429729462e-03
3.544963430613279343e-03
3.514207899570465088e-03
3.658637637272477150e-03
3.773106960579752922e-03
3.805469954386353493e-03
4.116575233638286591e-03
4.254745319485664368e-03
4.478512797504663467e-03
4.846760071814060211e-03
5.166757386177778244e-03
5.398236215114593506e-03
5.746626760810613632e-03
6.013623438775539398e-03
6.694979965686798096e-03
6.800174247473478317e-03
7.407181430608034134e-03
7.765910588204860687e-03
8.086061105132102966e-03
8.305879309773445129e-03
8.597542531788349152e-03
9.160103276371955872e-03
9.068042039871215820e-03
9.245985187590122223e-03
9.279816411435604095e-03
9.186185896396636963e-03
9.351839311420917511e-03
9.242484346032142639e-03
8.635926060378551483e-03
8.417807519435882568e-03
7.754700258374214172e-03
7.518826052546501160e-03
7.078717462718486786e-03
5.891489330679178238e-03
5.085105076432228088e-03
4.067257978022098541e-03
3.169120056554675102e-03
2.296494087204337120e-03
1.606561592780053616e-03
6.432232912629842758e-04
3.576394810806959867e-04
-1.534531475044786930e-04
-3.076841312577016652e-05
2.955510863102972507e-04
1.348365476587787271e-04
3.840652294456958771e-03
6.421815138310194016e-03
6.980706006288528442e-03
9.335094131529331207e-03
1.238877046853303909e-02
1.825208589434623718e-02
1.430028025060892105e-02
7.435588631778955460e-03
-4.779585171490907669e-03
-5.435845348984003067e-03
-1.480467524379491806e-02
-1.499816402792930603e-02
5.590057466179132462e-03
2.689081616699695587e-02
3.544116020202636719e-02
3.809672221541404724e-02
4.886887222528457642e-02
1.942849531769752502e-02
7.789351791143417358e-02
1.401430368423461914e-01
6.044027209281921387e-02
4.993485659360885620e-02
-5.713303014636039734e-02
-1.049989014863967896e-01
3.367846459150314331e-02
2.016006037592887878e-02
-1.925609074532985687e-02
7.962781935930252075e-02
1.695499941706657410e-02
-1.234312504529953003e-01
-2.928193099796772003e-02
-5.885741487145423889e-02
9.936100803315639496e-03
1.004190277308225632e-02
2.753386832773685455e-02
2.047303505241870880e-02
9.717097505927085876e-03
8.988729678094387054e-03
-3.193702083081007004e-03
8.831791579723358154e-03
1.313298195600509644e-02
7.975036278367042542e-03
6.939468905329704285e-03
1.146595925092697144e-02
1.267111301422119141e-02
1.315182633697986603e-02
1.306770928204059601e-02
1.079336646944284439e-02
1.066978368908166885e-02
8.525708690285682678e-03
7.841069251298904419e-03
6.485431455075740814e-03
5.554699338972568512e-03
5.153572652488946915e-03
4.654707387089729309e-03
3.887980012223124504e-03
3.237391822040081024e-03
2.501453505828976631e-03
2.124497434124350548e-03
1.283940044231712818e-03
8.792281150817871094e-04
1.989945158129557967e-04
-1.930362777784466743e-04
-8.063669665716588497e-04
-1.214745920151472092e-03
-1.656643347814679146e-03
-1.686810282990336418e-03
-1.897239941172301769e-03
-2.023338573053479195e-03
-1.884185126982629299e-03
-2.179078059270977974e-03
-2.108660060912370682e-03
-1.783071085810661316e-03
-1.737613813020288944e-03
-1.581941847689449787e-03
-1.369373756460845470e-03
-1.209618872962892056e-03
-1.039227354340255260e-03
-6.512251566164195538e-04
-6.551776896230876446e-04
-4.726800252683460712e-04
-2.126781037077307701e-04
1.241521840711357072e-05
-4.031467597087612376e-06
3.593798319343477488e-04
3.462175955064594746e-04
5.457203951664268970e-04
6.245451513677835464e-04
7.025911472737789154e-04
7.837181910872459412e-04
9.060819284059107304e-04
9.333374910056591034e-04
8.422132814303040504e-04
9.801739361137151718e-04
1.115378807298839092e-03
9.029186330735683441e-04
9.158499888144433498e-04
8.857987122610211372e-04
9.564611827954649925e-04
8.463722770102322102e-04
6.745386635884642601e-04
6.881244480609893799e-04
5.067567108199000359e-04
4.944435786455869675e-04
6.546507938764989376e-04
5.261404439806938171e-04
5.739059997722506523e-04
3.887354105245321989e-04
2.557960979174822569e-04
2.950176422018557787e-04
1.814151328289881349e-04
2.595262776594609022e-04
2.445379213895648718e-04
1.124813206843100488e-04
2.380956902925390750e-05
1.126185889006592333e-04
3.089752863161265850e-05
-3.917670983355492353e-05
-1.417060993844643235e-04
-1.692611840553581715e-04
-1.015107554849237204e-04
-1.863799698185175657e-04
-2.279329346492886543e-04
-2.606578345876187086e-04
-1.260442950297147036e-04
-1.697585539659485221e-04
-2.194908447563648224e-04
-1.660295238252729177e-04
-1.097696149372495711e-04
-2.502386632841080427e-04
-1.983946858672425151e-04
-2.282104542246088386e-04
-1.819104072637856007e-04
-1.882155629573389888e-04
-1.370846002828329802e-04
-1.972250029211863875e-04
-1.589597959537059069e-04
-1.414302096236497164e-04
-4.753985922434367239e-05
-7.678721090087492485e-07
-4.578288644552230835e-05
2.620643863338045776e-05
-4.294977406971156597e-05
1.690156022959854454e-05
8.948363392846658826e-05
-8.149170753313228488e-06
1.375528663629665971e-04
9.993284766096621752e-05
1.379942113999277353e-04
1.036429821397177875e-04
1.883186923805624247e-04
1.499271747888997197e-04
1.538493525004014373e-04
2.178784779971465468e-04
1.722725864965468645e-04
2.012850745813921094e-04
1.746838242979720235e-04
1.659610861679539084e-04
2.405391569482162595e-04
1.673203660175204277e-04
1.962984970305114985e-04
2.635840792208909988e-04
1.957181375473737717e-04
2.043574786512181163e-04
1.623150892555713654e-04
2.394453476881608367e-04
3.096259024459868670e-04
2.124330494552850723e-04
2.041001280304044485e-04
2.351719303987920284e-04
2.275482402183115482e-04
2.906646695919334888e-04
2.697886666283011436e-04
2.446936559863388538e-04
2.555160317569971085e-04
2.509936748538166285e-04
2.157330600311979651e-04
2.466592413838952780e-04
2.743235090747475624e-04
2.031681651715189219e-04
2.451636246405541897e-04
1.880557683762162924e-04
2.288778487127274275e-04
2.501978015061467886e-04
2.542385482229292393e-04
2.290975098730996251e-04
1.795360731193795800e-04
1.856668386608362198e-04
2.352290321141481400e-04
1.812737318687140942e-04
1.187173911603167653e-04
1.816200965549796820e-04
1.391959522152319551e-04
1.909719721879810095e-04
1.068795172614045441e-04
1.914469175972044468e-04
1.488746638642624021e-04
1.292607194045558572e-04
1.072526720236055553e-04
7.710345380473881960e-05
1.068534693331457675e-04
1.853177673183381557e-04
1.026127865770831704e-04
5.307053652359172702e-05
5.730716657126322389e-05
7.284832099685445428e-05
6.254458276089280844e-05
6.373930955305695534e-05
1.243769947905093431e-04
4.566373900161124766e-05
1.424648071406409144e-04
7.785634807078167796e-05
9.272271563531830907e-05
2.402203426754567772e-05
1.931206497829407454e-05
1.112416975956875831e-05
1.082302478607743979e-04
1.417737894371384755e-05
5.345358658814802766e-05
8.188704669009894133e-05
2.771757135633379221e-05
1.520945443189702928e-05
3.436481711105443537e-05
6.230310100363567472e-05
