-4.879620391875505447e-04
-6.848369957879185677e-04
-5.735788145102560520e-04
-6.003751768730580807e-04
-8.751662680879235268e-04
-9.480828302912414074e-04
-1.174051081761717796e-03
-1.069792895577847958e-03
-9.202024084515869617e-04
-6.719077937304973602e-04
-5.728145479224622250e-04
-3.044050536118447781e-04
-7.758344523608684540e-03
-1.342860341537743807e-04
-3.370718040969222784e-04
-3.622357326094061136e-04
-3.962542396038770676e-04
-4.584599519148468971e-04
-1.668290421366691589e-02
-3.544545033946633339e-04
-1.423152862116694450e-04
-2.787514531519263983e-04
-2.971676876768469810e-04
-1.441154308849945664e-04
-4.028798502986319363e-05
-3.412793204188346863e-02
3.345432633068412542e-04
3.899877774529159069e-04
4.290110373403877020e-04
3.702954272739589214e-04
2.125363535014912486e-04
-3.638913109898567200e-02
-1.534432522021234035e-04
-3.113124403171241283e-04
-3.529747482389211655e-04
-4.204855940770357847e-04
-3.732438490260392427e-04
-3.401930630207061768e-02
-2.311503194505348802e-04
-1.497981866123154759e-04
-1.793655194342136383e-02
-3.335092042107135057e-04
-4.613288620021194220e-04
-2.137497626245021820e-02
-4.447468090802431107e-04
-1.824509538710117340e-02
-2.661245816852897406e-04
-1.224708830704912543e-04
6.131349073257297277e-05
-7.586567103862762451e-02
4.142003599554300308e-04
1.781400351319462061e-04
1.634630280022975057e-05
-2.092648064717650414e-04
-3.060992807149887085e-02
-2.226379513740539551e-02
-2.140720171155408025e-04
-9.515228157397359610e-05
-2.005848546104971319e-05
-5.261252447962760925e-02
-4.678840559790842235e-05
-1.397968007950112224e-04
-9.384224191308021545e-03
-4.040255770087242126e-02
-1.314887485932558775e-04
-2.012504046433605254e-05
2.037970552919432521e-04
-4.342662915587425232e-02
8.828863792587071657e-05
3.273398397141136229e-05
-3.924800455570220947e-02
-2.291700616478919983e-02
-4.340983578003942966e-04
-3.237035591155290604e-03
-6.088194786570966244e-04
-5.297338962554931641e-02
-6.257951026782393456e-04
-4.926296416670084000e-03
-4.328909562900662422e-04
-7.436700910329818726e-02
-9.136218577623367310e-03
-5.361245130188763142e-04
-1.405522692948579788e-03
-2.150353416800498962e-02
-2.040560543537139893e-02
-2.910823677666485310e-04
-3.975801542401313782e-02
-3.258225275203585625e-03
-1.668866164982318878e-02
-4.039971157908439636e-02
-8.985077147372066975e-04
-4.737715062219649553e-04
-3.934396663680672646e-04
-4.058634117245674133e-02
-5.111371353268623352e-02
-2.220606838818639517e-04
-6.097327059251256287e-05
8.320375491166487336e-05
-9.868616610765457153e-02
4.155648639425635338e-04
4.092215676791965961e-04
4.220833361614495516e-04
-4.031835123896598816e-02
-4.132376611232757568e-02
6.766602018615230918e-05
-1.226251915795728564e-04
-4.535483941435813904e-02
-2.106115967035293579e-02
1.708760537439957261e-04
3.229976573493331671e-04
-6.197806820273399353e-02
3.791481431107968092e-04
-6.055551022291183472e-02
-9.451597725274041295e-05
-4.371349641587585211e-04
-6.068700458854436874e-04
-4.127723805140703917e-04
-7.552678883075714111e-02
-2.959294710308313370e-03
-1.614532805979251862e-02
-7.490405812859535217e-03
-8.198043331503868103e-03
-1.332109328359365463e-03
-4.524926468729972839e-02
-1.133007183670997620e-02
-7.901185017544776201e-05
-4.490693658590316772e-02
-4.308334609959274530e-04
-1.079363189637660980e-02
6.810185368522070348e-06
1.666847092565149069e-04
-6.044600158929824829e-02
2.544685848988592625e-04
-9.609752334654331207e-03
2.962075996038038284e-05
5.523720756173133850e-05
6.565919466083869338e-05
-3.058072924613952637e-02
-1.245075836777687073e-02
1.841598277678713202e-04
-9.758625179529190063e-03
-1.412992482073605061e-03
-2.790028927847743034e-03
-1.619545742869377136e-03
-7.410412945318967104e-05
1.181752450065687299e-04
1.966465497389435768e-04
-2.663293294608592987e-02
5.398252396844327450e-04
7.288212073035538197e-04
8.771643624641001225e-04
9.329338208772242069e-04
8.398370118811726570e-04
-1.790689886547625065e-03
8.219165611080825329e-04
6.849142373539507389e-04
6.502866744995117188e-04
5.744302179664373398e-04
5.910977488383650780e-04
7.914952584542334080e-04
8.528172038495540619e-04
7.869410328567028046e-04
8.158260025084018707e-04
9.094870183616876602e-04
1.071970444172620773e-03
1.121615176089107990e-03
1.360644120723009109e-03
1.556817092932760715e-03
1.578848110511898994e-03
1.655642408877611160e-03
-8.585160598158836365e-03
1.454646349884569645e-03
8.541510440409183502e-03
1.168350107036530972e-03
1.127143390476703644e-03
1.135008060373365879e-03
1.237330958247184753e-03
1.235197065398097038e-03
1.300403266213834286e-03
1.161101856268942356e-03
1.042142510414123535e-03
8.977004908956587315e-04
8.703948697075247765e-04
7.184050627984106541e-04
8.190968655981123447e-04
1.174511970020830631e-03
1.051390077918767929e-03
1.041914336383342743e-03
1.181175350211560726e-03
1.504292129538953304e-03
1.656304229982197285e-03
1.579927513375878334e-03
1.414801226928830147e-03
5.796342156827449799e-04
-1.086494230548851192e-04
-4.439797194208949804e-04
-7.606337894685566425e-04
-8.049986208789050579e-04
4.455886082723736763e-04
1.755787292495369911e-03
2.976966323330998421e-03
2.277024323120713234e-03
2.690135152079164982e-04
-2.692851412575691938e-04
-2.999605785589665174e-04
1.384550560032948852e-04
7.544235268142074347e-05
9.793265780899673700e-05
5.749199772253632545e-05
4.315906553529202938e-04
1.002094126306474209e-03
1.654827734455466270e-03
1.691362471319735050e-03
1.130024553276598454e-03
8.745690574869513512e-04
5.569635541178286076e-04
6.221931544132530689e-04
7.670781342312693596e-04
1.044522970914840698e-03
1.246769330464303493e-03
1.334503758698701859e-03
1.186468405649065971e-03
1.231605885550379753e-03
1.334523549303412437e-03
1.369018573313951492e-03
1.489795744419097900e-03
1.378203276544809341e-03
1.312411040998995304e-03
1.098584197461605072e-02
-4.894745536148548126e-03
1.419153762981295586e-03
1.475272118113934994e-03
1.357139553874731064e-03
1.244065584614872932e-03
1.009288709610700607e-03
9.509764495305716991e-04
8.170910296030342579e-04
7.978336070664227009e-04
7.179768872447311878e-04
6.566131487488746643e-04
5.521631101146340370e-04
5.311656859703361988e-04
5.821945960633456707e-04
5.401971866376698017e-04
4.712863883469253778e-04
3.969246463384479284e-04
3.192830190528184175e-04
2.887861046474426985e-04
3.727972798515111208e-04
1.266331039369106293e-02
-3.263449296355247498e-02
-1.419158093631267548e-02
4.542696115095168352e-04
2.011172618949785829e-04
-1.190867391414940357e-03
-1.723942259559407830e-04
7.812799594830721617e-05
3.319497627671808004e-04
4.119059012737125158e-04
-6.562829017639160156e-02
3.785361477639526129e-04
-3.436915110796689987e-03
1.388254022458568215e-04
-6.477557326434180140e-05
-9.128297824645414948e-05
1.394527207594364882e-04
-8.138815313577651978e-02
1.776558347046375275e-04
2.264122713313554414e-06
-8.011450059711933136e-03
-2.513505052775144577e-03
-1.863180100917816162e-02
-3.503663465380668640e-02
1.731909287627786398e-04
-6.450229138135910034e-02
2.157737981178797781e-05
-4.608916060533374548e-04
-7.208003080449998379e-04
-5.153239145874977112e-02
-1.371403783559799194e-02
-2.577443083282560110e-04
-6.618767976760864258e-02
-2.627564966678619385e-02
4.874328733421862125e-04
7.144967094063758850e-04
9.091098909266293049e-04
-7.713653147220611572e-02
-4.595838859677314758e-02
4.961657105013728142e-04
2.745404199231415987e-04
-2.606612443923950195e-02
7.632239430677145720e-06
-9.433522075414657593e-02
2.186987549066543579e-04
-1.692524738609790802e-02
-3.077930398285388947e-02
-9.587630629539489746e-03
-2.233896957477554679e-04
-5.165386945009231567e-02
-2.745588310062885284e-02
-2.393856830894947052e-02
-3.719180077314376831e-02
-2.457461669109761715e-04
-3.961660712957382202e-02
-3.713085607159882784e-04
-3.324580937623977661e-02
-1.879438199102878571e-02
-7.186079892562702298e-05
-9.684787690639495850e-02
1.729532959870994091e-04
1.957131607923656702e-04
-2.706784382462501526e-02
4.107399145141243935e-04
-8.371796458959579468e-02
3.864245954900979996e-04
-6.128697190433740616e-03
-6.428714841604232788e-02
-2.807031560223549604e-04
-1.602659031050279737e-04
2.829050026775803417e-05
1.877945323940366507e-04
-1.157757714390754700e-01
4.098567296750843525e-04
1.961581729119643569e-04
2.488391473889350891e-04
-3.587692975997924805e-02
-2.059226483106613159e-02
-3.376914560794830322e-02
7.548833673354238272e-05
8.048744348343461752e-05
-5.713839828968048096e-02
-1.546841522213071585e-04
-3.124951012432575226e-02
-4.445141239557415247e-04
-1.012290827929973602e-02
-2.558152377605438232e-02
-3.235343610867857933e-04
-5.562492460012435913e-02
-1.803134218789637089e-04
-1.374564453726634383e-04
-1.129749725805595517e-04
-2.995138615369796753e-02
6.312489404081134126e-06
-5.729823186993598938e-02
1.122053799917921424e-05
-1.098594293580390513e-04
-1.478720735758543015e-02
-1.614625216461718082e-04
-1.314517576247453690e-04
-5.743512511253356934e-02
-1.481225535826524720e-05
-9.202501132676843554e-06
-1.870793494163081050e-04
-6.007937341928482056e-02
-4.556577769108116627e-04
-6.161604542285203934e-04
-4.726718179881572723e-04
-3.653638123068958521e-04
-3.593051806092262268e-02
-3.305491060018539429e-02
1.184447319246828556e-04
-5.159779539098963141e-05
-2.497238456271588802e-04
-2.375566400587558746e-04
-3.558042808435857296e-04
-5.945844203233718872e-02
-3.153302241116762161e-04
-3.175666206516325474e-04
-5.595692782662808895e-04
-2.571401186287403107e-02
-5.890242173336446285e-04
-5.164108006283640862e-04
-5.697148153558373451e-04
-4.315093392506241798e-04
-5.855811177752912045e-04
-4.224132280796766281e-04
-3.367071226239204407e-02
-2.943520375993102789e-04
-4.236000240780413151e-04
-3.461516462266445160e-04
-5.599397700279951096e-04
-6.020250730216503143e-04
-3.315912326797842979e-04
-7.427241187542676926e-03
-5.871663452126085758e-04
-5.814899341203272343e-04
-6.743730627931654453e-04
-2.567632123827934265e-02
-7.348229992203414440e-04
-7.282519363798201084e-04
-5.291657289490103722e-04
-5.659604212269186974e-04
-7.324767648242413998e-04
-4.864565853495150805e-04
-5.814514588564634323e-04
-4.211961058899760246e-04
-3.011285443790256977e-04
-2.994380192831158638e-04
-9.881068253889679909e-04
-1.263188081793487072e-03
-1.308037783019244671e-03
