1.283668243559077382e-04
-2.732075750827789307e-03
-2.517632907256484032e-03
-3.411737037822604179e-03
1.489378511905670166e-03
6.548317032866179943e-04
-3.845495171844959259e-03
-1.199935562908649445e-03
-2.511080587282776833e-03
9.752131067216396332e-03
-8.053787052631378174e-03
-1.282643643207848072e-03
-4.273411352187395096e-03
-2.658685203641653061e-03
-4.030149430036544800e-03
-6.901010870933532715e-03
-8.360332809388637543e-03
-1.122152153402566910e-02
-2.786132739856839180e-03
-2.360388636589050293e-03
-2.867152914404869080e-03
-3.621264360845088959e-03
-1.503220945596694946e-02
-7.190267555415630341e-03
-4.114911425858736038e-03
-6.834035739302635193e-03
-7.938233320601284504e-04
-3.903122851625084877e-03
-3.235589014366269112e-03
-6.708027794957160950e-03
-4.454840440303087234e-03
-6.557882297784090042e-03
-1.494519412517547607e-03
-2.296119462698698044e-03
-2.061912091448903084e-03
-8.980376645922660828e-03
-1.141960965469479561e-03
-2.928076870739459991e-02
-6.709659937769174576e-03
-5.871964152902364731e-03
-5.738649051636457443e-03
-4.443079698830842972e-03
-7.761931046843528748e-03
-3.664183663204312325e-03
-9.576399810612201691e-03
-1.244019530713558197e-02
-5.645799916237592697e-03
-7.521851919591426849e-03
-8.947762660682201385e-03
-1.309475023299455643e-02
-5.488386843353509903e-03
-8.359405212104320526e-03
-1.261890493333339691e-02
-1.112730242311954498e-02
-3.665709868073463440e-03
-4.131970461457967758e-03
-3.039911389350891113e-03
-5.380542948842048645e-03
-1.337724085897207260e-02
-8.324434980750083923e-03
-9.004632942378520966e-03
-1.565166004002094269e-02
-8.862428367137908936e-03
-1.351904589682817459e-02
2.172203501686453819e-03
-6.032487843185663223e-03
-5.874072201550006866e-03
1.771433046087622643e-03
-3.659153124317526817e-03
-1.494588330388069153e-03
-6.927031092345714569e-03
-9.672510437667369843e-03
2.889994997531175613e-03
-4.235514625906944275e-02
-7.427282631397247314e-03
-1.885890960693359375e-02
-3.423275658860802650e-03
2.460839599370956421e-02
-1.750678755342960358e-02
8.241062983870506287e-03
2.994088688865303993e-03
-6.691380869597196579e-03
-7.557942066341638565e-03
-1.352133578620851040e-03
-8.420005440711975098e-03
-5.295187584124505520e-04
-5.804967600852251053e-03
-2.454498782753944397e-03
8.567022159695625305e-03
6.554629180755000561e-06
5.319551099091768265e-03
-3.538326825946569443e-03
2.472165506333112717e-03
-1.011755224317312241e-02
1.037064474076032639e-02
-1.061787083745002747e-02
-4.125030245631933212e-03
-8.832137100398540497e-04
8.039862732402980328e-04
-2.281887689605355263e-03
4.228394478559494019e-03
1.820191682782024145e-04
-8.896165527403354645e-03
2.733838977292180061e-03
-1.061932416632771492e-03
3.487031674012541771e-03
2.098150318488478661e-03
1.723963581025600433e-02
5.088761448860168457e-02
1.677486859261989594e-02
1.314873527735471725e-02
-1.419931463897228241e-02
5.554805975407361984e-03
3.674211679026484489e-03
7.364167366176843643e-03
2.501397766172885895e-02
5.449374206364154816e-03
-3.634455613791942596e-03
-1.745720952749252319e-02
2.016355283558368683e-03
1.918286271393299103e-02
-8.704169653356075287e-03
1.303498400375247002e-03
1.571751199662685394e-03
1.083480753004550934e-02
4.793989472091197968e-03
1.638376712799072266e-02
1.003427803516387939e-02
-1.540531124919652939e-02
-1.289837993681430817e-03
1.104723010212182999e-02
1.255218032747507095e-02
-1.949476264417171478e-02
1.226627919822931290e-02
5.435468629002571106e-03
-2.137818187475204468e-02
-1.153120491653680801e-02
-9.766099974513053894e-03
-1.275108195841312408e-02
-1.233470253646373749e-02
9.933939203619956970e-03
-1.535481214523315430e-02
1.555625349283218384e-03
5.023548007011413574e-02
-2.122503332793712616e-02
-1.309645548462867737e-02
-9.277718141674995422e-03
8.779164403676986694e-03
-1.189403817988932133e-03
2.665005438029766083e-02
-1.029788888990879059e-02
1.876961207017302513e-03
-3.049630031455308199e-04
-7.739780703559517860e-04
-1.440128404647111893e-02
-1.056521432474255562e-04
-3.926017135381698608e-02
-2.076261863112449646e-02
-3.105001291260123253e-03
3.590855374932289124e-02
1.882483437657356262e-02
1.428510993719100952e-02
4.524153470993041992e-02
1.222726237028837204e-02
-2.243807166814804077e-02
1.678000949323177338e-02
3.113286942243576050e-02
-1.577298156917095184e-02
1.995425485074520111e-02
2.028451766818761826e-03
3.806037083268165588e-02
-1.989615522325038910e-02
-3.089763410389423370e-02
1.059837825596332550e-02
2.927584201097488403e-02
-5.602009594440460205e-03
5.142023414373397827e-02
2.022745087742805481e-02
2.741391211748123169e-02
-2.706118300557136536e-02
6.503725890070199966e-03
6.029082462191581726e-03
-1.841542078182101250e-03
5.594904348254203796e-02
2.434981428086757660e-02
-1.206116564571857452e-02
-5.069187283515930176e-02
4.190844669938087463e-02
3.601259738206863403e-02
-6.258818786591291428e-03
5.591155216097831726e-02
1.015423052012920380e-02
3.921099379658699036e-02
-2.927149087190628052e-02
-6.416628509759902954e-02
-2.550078183412551880e-02
-3.614980354905128479e-02
4.011697694659233093e-02
8.744484744966030121e-03
-3.733835369348526001e-02
-8.285564184188842773e-02
-2.445098012685775757e-02
-5.908709391951560974e-02
-2.879231423139572144e-02
5.227489024400711060e-02
-4.290469363331794739e-02
-1.061634197831153870e-01
6.445733457803726196e-02
-8.660591393709182739e-02
-3.166965907439589500e-03
-4.709782078862190247e-03
-7.597040385007858276e-03
-2.198978327214717865e-02
1.275764405727386475e-02
2.621524222195148468e-02
-1.680951192975044250e-02
-2.843609638512134552e-02
5.827156826853752136e-02
-2.360842749476432800e-02
-2.791441977024078369e-02
4.048387636430561543e-04
-5.872847139835357666e-02
3.189067542552947998e-02
2.261650934815406799e-02
-2.476095221936702728e-02
6.866828538477420807e-03
-1.912152278237044811e-03
-4.817891865968704224e-02
-3.416395187377929688e-02
2.920395135879516602e-02
1.885526999831199646e-02
4.351548850536346436e-02
-2.865162491798400879e-02
3.220164915546774864e-03
-2.272119373083114624e-02
-7.446954492479562759e-03
1.804335415363311768e-02
1.940021663904190063e-02
2.582658268511295319e-02
-1.853277347981929779e-02
1.632054772926494479e-04
-2.562842890620231628e-02
-2.539582550525665283e-02
6.672762800008058548e-03
1.035508420318365097e-02
-1.458880677819252014e-02
-1.011534128338098526e-02
-1.709831319749355316e-02
-2.690254338085651398e-02
3.316744044423103333e-02
-7.954428903758525848e-03
1.548240147531032562e-02
8.004796691238880157e-03
-3.342910204082727432e-04
2.709498628973960876e-03
5.415320396423339844e-03
9.446260519325733185e-03
8.698606863617897034e-03
-1.030420884490013123e-02
-1.312585733830928802e-02
-1.335602439939975739e-02
-1.982521824538707733e-02
-1.250276993960142136e-02
-4.231583792716264725e-03
1.384598482400178909e-02
-2.591035142540931702e-02
5.139448679983615875e-03
-1.458316808566451073e-03
-3.924342163372784853e-04
-3.238625824451446533e-02
1.103919115848839283e-03
-6.408702582120895386e-03
5.599875934422016144e-03
-1.016680430620908737e-02
-5.344681907445192337e-03
-1.352167315781116486e-02
-1.760081015527248383e-02
-4.714464303106069565e-03
-6.233972311019897461e-02
-1.236537843942642212e-02
-7.457001134753227234e-03
2.163472026586532593e-02
-3.566213417798280716e-03
-1.875826343894004822e-02
-3.200592705979943275e-03
1.909354003146290779e-03
-4.144224338233470917e-03
2.550438803154975176e-04
3.984836861491203308e-03
2.002013381570577621e-03
-1.428709272295236588e-02
-4.129066132009029388e-03
-9.560716338455677032e-03
8.736557327210903168e-03
-4.011289216578006744e-03
-9.674406610429286957e-03
-1.080565340816974640e-02
-1.365735079161822796e-03
-1.015463378280401230e-02
-5.552868824452161789e-03
1.447124406695365906e-02
-4.455706104636192322e-03
-3.413291415199637413e-03
8.892912417650222778e-03
-1.425430458039045334e-02
-1.748527586460113525e-02
-7.414159364998340607e-03
6.375200580805540085e-03
1.295184809714555740e-02
-6.722964346408843994e-03
-6.416615564376115799e-03
5.221945233643054962e-03
7.452004123479127884e-03
-3.505140542984008789e-02
5.835431627929210663e-03
-3.879021853208541870e-03
-5.449208896607160568e-03
-6.399922538548707962e-03
-1.032364275306463242e-02
-1.052815746515989304e-02
-4.147661104798316956e-02
-1.865328848361968994e-02
2.605342492461204529e-02
-7.825814187526702881e-03
-8.619346655905246735e-03
-3.484000044409185648e-04
-1.118080038577318192e-02
-7.447752170264720917e-03
-1.362735871225595474e-02
-9.491653181612491608e-03
-1.260509155690670013e-02
-1.581207849085330963e-03
8.358906023204326630e-03
-1.117669790983200073e-02
-7.867918349802494049e-03
-6.969211623072624207e-03
-9.805830195546150208e-03
-9.661898366175591946e-04
-2.487447578459978104e-03
-1.114808395504951477e-02
-1.212584041059017181e-02
-6.462357006967067719e-03
9.647178230807185173e-04
-1.388633530586957932e-02
-1.145662181079387665e-02
-9.214311838150024414e-03
-7.882462814450263977e-03
-1.153373997658491135e-02
-9.751149453222751617e-03
-7.395284716039896011e-03
-8.669801056385040283e-03
-2.180595509707927704e-02
-1.377533376216888428e-02
-1.623263210058212280e-02
-6.473530083894729614e-03
-5.581256467849016190e-03
-4.889991134405136108e-03
-5.248452536761760712e-03
-3.986146301031112671e-03
-5.168334115296602249e-03
-5.330865737050771713e-03
-5.818523466587066650e-03
-4.677355755120515823e-03
1.010864321142435074e-02
-2.698530908674001694e-03
-3.882306162267923355e-03
-4.733363166451454163e-03
-1.025836542248725891e-02
-5.900460761040449142e-03
-7.291051093488931656e-03
1.031060586683452129e-03
-4.845338314771652222e-02
-1.096800435334444046e-02
-1.074663177132606506e-02
-7.983601652085781097e-03
-5.043897312134504318e-03
-7.764750625938177109e-03
-6.141981109976768494e-03
-1.061568222939968109e-02
-6.237741094082593918e-03
-6.293226033449172974e-03
-4.932232666760683060e-03
-6.511921063065528870e-03
-3.942388575524091721e-03
-6.917762570083141327e-03
-4.241351503878831863e-03
-4.028495401144027710e-03
-9.091282263398170471e-03
-1.148201804608106613e-02
-9.529781527817249298e-04
-6.936233025044202805e-03
-2.510454272851347923e-03
-6.308166775852441788e-03
-4.407564643770456314e-03
-5.750214215368032455e-03
-3.843583399429917336e-03
-4.055301193147897720e-03
1.137823145836591721e-02
-3.141858614981174469e-03
-3.125000977888703346e-03
4.495121538639068604e-03
