-6.561027257703244686e-04
-7.713934755884110928e-04
-1.136943930760025978e-03
-1.227641478180885315e-03
-1.078831264749169350e-03
-1.681625843048095703e-03
-1.521369093097746372e-03
-1.681218971498310566e-03
-1.781731378287076950e-03
-1.935319276526570320e-03
-2.924399683251976967e-03
-2.174449386075139046e-03
-2.425603102892637253e-03
-2.667921595275402069e-03
-2.396269701421260834e-03
-2.940210513770580292e-03
-3.139066509902477264e-03
-2.940739272162318230e-03
-3.442660206928849220e-03
-3.495706943795084953e-03
-3.339919028803706169e-03
-3.505087923258543015e-03
-3.912708722054958344e-03
-4.194553475826978683e-03
-4.246769007295370102e-03
-4.426175262778997421e-03
-4.280666355043649673e-03
-4.655865021049976349e-03
-4.538187757134437561e-03
-4.549061413854360580e-03
-4.734268877655267715e-03
-5.091156810522079468e-03
-5.143760703504085541e-03
-5.922606214880943298e-03
-5.627682898193597794e-03
-5.572019610553979874e-03
-5.353369284421205521e-03
-5.299805663526058197e-03
-5.553484894335269928e-03
-5.441740620881319046e-03
-5.419095978140830994e-03
-5.378232337534427643e-03
-5.366466473788022995e-03
-5.653042346239089966e-03
-5.207150708884000778e-03
-5.251048598438501358e-03
-5.275075323879718781e-03
-5.164723377674818039e-03
-5.457530729472637177e-03
-5.404732190072536469e-03
-4.770761355757713318e-03
-5.283713340759277344e-03
-5.263506434857845306e-03
-5.264524836093187332e-03
-4.878490231931209564e-03
-4.773044958710670471e-03
-5.025043617933988571e-03
-4.873827565461397171e-03
-4.702840466052293777e-03
-4.916118923574686050e-03
-4.989812616258859634e-03
-5.184324923902750015e-03
-4.706984851509332657e-03
-5.068463273346424103e-03
-5.168685223907232285e-03
-5.125819239765405655e-03
-4.818990826606750488e-03
-4.789067897945642471e-03
-4.630460869520902634e-03
-4.784544929862022400e-03
-4.787765443325042725e-03
-4.738885443657636642e-03
-4.768482409417629242e-03
-4.496228415518999100e-03
-4.556638654321432114e-03
-5.492522381246089935e-03
-4.854410886764526367e-03
-4.763310309499502182e-03
-4.321859683841466904e-03
-4.726976156234741211e-03
-4.882626701146364212e-03
-5.005610641092061996e-03
-4.911436699330806732e-03
-4.912504926323890686e-03
-4.401595797389745712e-03
-4.537092987447977066e-03
-4.557978361845016479e-03
-4.605615511536598206e-03
-4.292216151952743530e-03
-4.927162081003189087e-03
-4.610748030245304108e-03
-5.327401217073202133e-03
-4.854078870266675949e-03
-5.301854573190212250e-03
-5.195291712880134583e-03
-5.348482634872198105e-03
-3.773543983697891235e-03
-5.532752722501754761e-03
-5.723855458199977875e-03
-5.381359718739986420e-03
-7.035404443740844727e-03
-6.240807473659515381e-03
-5.852845031768083572e-03
-6.281337235122919083e-03
-7.131782360374927521e-03
-6.008950993418693542e-03
-6.408625282347202301e-03
-6.258343346416950226e-03
-6.865099538117647171e-03
-5.930172745138406754e-03
-5.721812136471271515e-03
-6.054037716239690781e-03
-5.099258851259946823e-03
-4.307668656110763550e-03
-4.241073504090309143e-03
-3.183653345331549644e-03
-3.372456878423690796e-03
-2.992501016706228256e-03
-2.648632274940609932e-03
-2.266673371195793152e-03
-2.310923999175429344e-03
-1.640729838982224464e-03
-1.709648757241666317e-03
-1.622718176804482937e-03
-1.739543164148926735e-03
-6.288422737270593643e-04
-1.101177884265780449e-03
-1.355609623715281487e-03
-2.014244440943002701e-03
-2.418434014543890953e-03
-1.509084482677280903e-03
-1.495674951002001762e-03
-2.156732603907585144e-03
-2.512345789000391960e-03
-7.950160070322453976e-04
-1.056034234352409840e-03
-7.194923819042742252e-04
4.609101160895079374e-04
-5.046886508353054523e-04
-4.004098300356417894e-04
3.570879343897104263e-03
3.209752496331930161e-03
2.552481833845376968e-03
5.780035164207220078e-03
7.845313288271427155e-03
4.127653781324625015e-03
7.312434259802103043e-03
9.554860182106494904e-03
9.138520807027816772e-03
1.049934513866901398e-02
1.125470176339149475e-02
5.659883841872215271e-03
1.088856812566518784e-02
7.014714181423187256e-03
1.355098839849233627e-02
1.198676135390996933e-02
1.364772580564022064e-02
1.080555655062198639e-02
1.069612614810466766e-02
1.472431607544422150e-02
1.607809774577617645e-02
1.109955832362174988e-02
1.501064002513885498e-02
2.305921167135238647e-02
1.378223765641450882e-02
2.031857147812843323e-02
1.894123479723930359e-02
1.452949736267328262e-02
-6.739518605172634125e-03
1.175088342279195786e-02
7.567038759589195251e-03
4.576052539050579071e-03
1.269081048667430878e-02
1.285188272595405579e-02
-5.641842260956764221e-03
-1.649843156337738037e-02
-2.744862250983715057e-02
1.514255627989768982e-02
-4.062091931700706482e-03
-1.589385443367063999e-03
-2.441235119476914406e-03
-1.870482973754405975e-02
-1.549950800836086273e-02
1.153363380581140518e-02
4.912471864372491837e-03
-1.239376887679100037e-02
-1.658575050532817841e-02
6.890084594488143921e-02
6.227836757898330688e-02
-4.677725955843925476e-02
-1.876351609826087952e-02
-7.440213114023208618e-02
3.490736009553074837e-03
1.826949603855609894e-02
-2.966697141528129578e-02
-2.866938477382063866e-03
-8.747312240302562714e-03
5.617396160960197449e-02
-1.462409459054470062e-02
6.700336933135986328e-02
-2.454449050128459930e-02
-1.368735916912555695e-02
2.298004180192947388e-02
3.960128501057624817e-02
-1.900010555982589722e-02
2.998813614249229431e-02
-4.430666193366050720e-02
1.479812525212764740e-02
-3.715363889932632446e-02
1.437901705503463745e-02
-1.240636315196752548e-02
-6.171226128935813904e-02
-6.284386664628982544e-02
-4.691582173109054565e-02
3.452286496758460999e-02
-2.384433522820472717e-02
-9.555542841553688049e-03
2.958076447248458862e-02
3.300861641764640808e-02
3.292915225028991699e-02
4.511120263487100601e-03
2.647420577704906464e-02
8.808828890323638916e-03
3.891279920935630798e-02
2.133118920028209686e-02
2.903059124946594238e-02
9.091608226299285889e-03
7.351044099777936935e-03
1.450688391923904419e-02
1.081493590027093887e-02
-4.297315143048763275e-03
1.431623240932822227e-03
-8.191460743546485901e-03
-6.810399238020181656e-03
-9.502792730927467346e-03
-9.215806610882282257e-03
-6.057835184037685394e-03
-4.698662960436195135e-04
2.563691698014736176e-03
2.556266728788614273e-03
3.554593073204159737e-03
-2.989501692354679108e-03
6.626387592405080795e-03
2.718637464568018913e-03
5.965808872133493423e-03
6.279646418988704681e-03
6.524561904370784760e-03
3.659260692074894905e-03
4.859860055148601532e-03
3.365267068147659302e-03
3.906092373654246330e-03
3.437456907704472542e-03
1.075898297131061554e-03
2.319564577192068100e-03
1.854589027061592788e-05
1.458433456718921661e-03
4.147906438447535038e-04
1.219463534653186798e-03
2.803372917696833611e-03
7.291867950698360801e-05
6.890199147164821625e-04
5.201743915677070618e-04
5.689341924153268337e-04
-5.728629184886813164e-05
1.964122988283634186e-03
1.059370231814682484e-03
1.960606779903173447e-03
1.486277440562844276e-03
1.950342440977692604e-03
2.123737242072820663e-03
8.538838010281324387e-04
1.344092539511620998e-03
-1.675967825576663017e-03
9.602769860066473484e-04
2.069310052320361137e-03
2.376444172114133835e-03
2.349054440855979919e-03
2.638504374772310257e-03
2.354152500629425049e-03
3.916028887033462524e-03
3.561981953680515289e-03
4.437214229255914688e-03
4.977512173354625702e-03
4.986814688891172409e-03
6.503628101199865341e-03
5.843256600201129913e-03
7.222886197268962860e-03
7.682638708502054214e-03
8.652159012854099274e-03
8.196013979613780975e-03
1.010318379849195480e-02
1.188632566481828690e-02
1.220857724547386169e-02
1.097053196281194687e-02
1.111923437565565109e-02
1.199041120707988739e-02
1.159567944705486298e-02
1.084340270608663559e-02
1.189889851957559586e-02
1.132256537675857544e-02
1.156473625451326370e-02
1.125402003526687622e-02
1.158996205776929855e-02
1.176370959728956223e-02
1.177828758955001831e-02
1.205529645085334778e-02
1.140544842928647995e-02
1.197298150509595871e-02
1.190765481442213058e-02
1.207254733890295029e-02
1.163471769541501999e-02
1.174019277095794678e-02
1.184597611427307129e-02
1.210475899279117584e-02
1.185003854334354401e-02
1.203093770891427994e-02
1.124601904302835464e-02
1.156532112509012222e-02
1.157686486840248108e-02
1.192521583288908005e-02
1.182267814874649048e-02
1.146917138248682022e-02
1.149722095578908920e-02
1.162208896130323410e-02
1.112419459968805313e-02
1.159973163157701492e-02
1.086341869086027145e-02
1.138357724994421005e-02
1.091784331947565079e-02
1.099241338670253754e-02
1.083248853683471680e-02
1.073519513010978699e-02
1.059924997389316559e-02
1.036940515041351318e-02
1.053182780742645264e-02
1.165227685123682022e-02
1.067565288394689560e-02
1.041755080223083496e-02
1.039743144065141678e-02
9.951517917215824127e-03
1.042377855628728867e-02
9.850921109318733215e-03
1.022446434944868088e-02
1.016498729586601257e-02
9.586980566382408142e-03
9.810712188482284546e-03
9.850290603935718536e-03
9.665087796747684479e-03
9.626803919672966003e-03
9.659145027399063110e-03
9.714891202747821808e-03
9.252458810806274414e-03
9.336777962744235992e-03
9.146138094365596771e-03
9.148624725639820099e-03
9.009124711155891418e-03
9.372903965413570404e-03
9.191555902361869812e-03
8.642656728625297546e-03
8.737294003367424011e-03
8.595331571996212006e-03
8.612162433564662933e-03
8.203875273466110229e-03
8.091126568615436554e-03
8.048691786825656891e-03
8.383218199014663696e-03
7.907318882644176483e-03
7.584523875266313553e-03
7.535441778600215912e-03
7.129611447453498840e-03
6.955656688660383224e-03
6.824299227446317673e-03
6.698093842715024948e-03
6.426070351153612137e-03
6.140307523310184479e-03
6.064335349947214127e-03
5.860827397555112839e-03
5.669392179697751999e-03
6.049663759768009186e-03
5.223234649747610092e-03
5.199036095291376114e-03
4.863400477916002274e-03
4.684270359575748444e-03
4.384451545774936676e-03
4.254884552210569382e-03
4.143942613154649734e-03
3.825374180451035500e-03
3.506014822050929070e-03
3.530962625518441200e-03
3.329996019601821899e-03
3.256615018472075462e-03
2.910868963226675987e-03
2.687928499653935432e-03
2.404208760708570480e-03
2.051055198535323143e-03
2.113533904775977135e-03
1.862111734226346016e-03
1.790657523088157177e-03
1.739895204082131386e-03
1.553195645101368427e-03
1.458688871935009956e-03
