6.005473900586366653e-03
-2.837793435901403427e-03
-1.002485732897184789e-04
-3.254436654970049858e-03
3.148279793094843626e-04
-6.355586461722850800e-03
-5.904085992369800806e-05
-3.870964981615543365e-03
-1.272718771360814571e-03
1.618760288693010807e-03
1.220053527504205704e-03
9.784501045942306519e-03
-7.414744701236486435e-03
-6.233059684745967388e-04
8.301385969389230013e-05
-1.869985600933432579e-03
-8.221033029258251190e-03
-4.817165900021791458e-04
4.022477660328149796e-04
-5.033209454268217087e-03
1.704847090877592564e-03
-1.276545459404587746e-03
2.496073488146066666e-03
8.300186134874820709e-03
2.210829174146056175e-03
5.493612494319677353e-03
4.176136571913957596e-03
3.390434384346008301e-02
-8.890044875442981720e-03
-1.967162825167179108e-03
2.050712704658508301e-03
1.060720533132553101e-02
-1.425412483513355255e-02
-5.539710167795419693e-03
1.862482458818703890e-04
5.767272086814045906e-04
2.630144357681274414e-03
-9.493811987340450287e-03
-9.746773866936564445e-04
-2.582881227135658264e-02
-6.070974748581647873e-03
-1.052830182015895844e-02
-1.899407617747783661e-02
-1.073184190317988396e-03
-2.352573210373520851e-03
-4.172640910837799311e-04
1.667767879553139210e-03
-3.704757895320653915e-03
-5.551963695324957371e-04
-7.223235908895730972e-03
-1.058797165751457214e-02
-2.302686916664242744e-03
-2.970608475152403116e-04
-1.724528498016297817e-03
1.341296476311981678e-03
9.516410529613494873e-03
1.754649542272090912e-02
1.006291713565587997e-03
-2.065934240818023682e-03
5.744032561779022217e-03
-1.540622767060995102e-02
-4.252141807228326797e-03
-1.082751341164112091e-02
-1.150116208009421825e-03
-1.075372844934463501e-02
7.250328781083226204e-04
1.033466891385614872e-03
4.099588841199874878e-03
3.548317588865756989e-03
1.492872135713696480e-03
-7.331971079111099243e-03
-3.644496900960803032e-03
-1.124931615777313709e-03
-6.318019237369298935e-03
-2.022069093072786927e-04
-6.088024936616420746e-03
1.255793031305074692e-03
1.272946968674659729e-02
3.649018472060561180e-04
-1.844799029640853405e-03
8.555325679481029510e-03
-1.148602968896739185e-04
-1.601977855898439884e-03
-2.003174275159835815e-03
-4.697083029896020889e-03
-5.144047085195779800e-03
2.126216329634189606e-02
-2.188400598242878914e-03
3.328722203150391579e-03
-7.772924378514289856e-03
3.949747420847415924e-03
-1.283419039100408554e-02
-9.411645121872425079e-03
-9.892085567116737366e-03
-2.166189998388290405e-02
8.370608702534809709e-05
-1.841842313297092915e-03
8.402273524552583694e-04
-2.148217894136905670e-02
1.460352819412946701e-02
-2.244866080582141876e-02
-1.464742980897426605e-02
8.396343328058719635e-03
-1.361534465104341507e-02
-1.536706369370222092e-02
-9.771694894880056381e-04
-1.837102510035037994e-02
-9.444857016205787659e-03
4.413240589201450348e-03
-4.526612348854541779e-03
-7.101130671799182892e-03
-2.147514745593070984e-02
3.466947702690958977e-03
4.332989454269409180e-03
1.377225015312433243e-02
-5.224526859819889069e-03
2.370461588725447655e-03
-1.343180518597364426e-02
-2.194970287382602692e-02
1.919998228549957275e-02
6.117935758084058762e-03
-1.011443557217717171e-03
1.842862344346940517e-03
4.503314383327960968e-03
-2.698598196730017662e-03
-2.440954325720667839e-03
9.549273177981376648e-03
9.934833273291587830e-03
-3.361179959028959274e-03
1.821065321564674377e-02
1.093632169067859650e-02
-2.368729561567306519e-02
3.367105731740593910e-03
5.500991828739643097e-03
3.026801161468029022e-03
1.272014621645212173e-02
-8.791963569819927216e-03
-2.165937609970569611e-02
-3.451289841905236244e-03
6.396307609975337982e-03
2.663732739165425301e-03
1.630825549364089966e-02
3.311043605208396912e-03
1.828782260417938232e-02
-1.623098971322178841e-03
1.608579419553279877e-02
9.247313253581523895e-03
8.232470718212425709e-04
5.623256321996450424e-03
1.384084485471248627e-02
-7.837062701582908630e-03
1.252148486673831940e-02
5.479061603546142578e-02
1.347407512366771698e-02
1.161518692970275879e-02
-1.287523936480283737e-02
1.235590083524584770e-03
1.596618071198463440e-02
4.920010454952716827e-03
1.649980619549751282e-02
-1.377512607723474503e-02
-1.679355651140213013e-02
-6.495387293398380280e-03
6.512394640594720840e-03
1.289471052587032318e-02
3.108756057918071747e-02
2.249003574252128601e-02
-2.188712731003761292e-02
3.037684969604015350e-02
-8.907475508749485016e-03
-2.674639970064163208e-02
-1.306754071265459061e-03
-5.344963818788528442e-02
-2.153228409588336945e-02
-2.264363691210746765e-02
-3.060045093297958374e-02
-2.008962631225585938e-02
1.118903048336505890e-02
-4.200021550059318542e-02
-2.489716373383998871e-02
-1.521653123199939728e-02
3.540145978331565857e-02
-1.274187956005334854e-02
-2.915202081203460693e-02
-3.103142045438289642e-02
-2.911306172609329224e-02
-1.261127367615699768e-02
4.734630696475505829e-03
-9.536209399811923504e-04
1.196371316909790039e-01
5.288240686058998108e-02
6.079096812754869461e-03
-2.690885029733181000e-02
3.793909400701522827e-02
4.292877763509750366e-02
3.401668369770050049e-02
-1.317104995250701904e-01
4.651584196835756302e-03
-7.097340375185012817e-02
-7.848022133111953735e-02
-1.486494693381246179e-05
-1.724363421089947224e-03
-3.131377696990966797e-02
5.569722130894660950e-02
-8.753174543380737305e-02
-7.699266821146011353e-02
4.474017769098281860e-02
-9.669687598943710327e-03
3.093376569449901581e-02
-1.923334202729165554e-03
-3.564098477363586426e-02
-1.928761973977088928e-02
5.632340535521507263e-02
-1.013210415840148926e-02
7.072641048580408096e-03
9.618923068046569824e-03
-1.447874121367931366e-03
2.627205848693847656e-02
-2.719403803348541260e-02
5.158545915037393570e-03
-3.071176446974277496e-02
-8.393249474465847015e-03
1.689819502644240856e-03
-1.154465973377227783e-02
-3.096494078636169434e-02
-1.093694823794066906e-03
-2.746008522808551788e-02
1.671169698238372803e-02
-1.205615513026714325e-02
2.218342944979667664e-02
1.010358706116676331e-02
-1.151103712618350983e-02
3.387256339192390442e-02
1.488300785422325134e-02
-1.606698706746101379e-02
-1.518078427761793137e-02
-2.461366122588515282e-03
-1.088802516460418701e-02
-3.871652763336896896e-03
1.205940358340740204e-02
-8.548298850655555725e-03
-2.129720896482467651e-02
7.212916389107704163e-03
1.744293607771396637e-02
-2.705101156607270241e-03
-3.227672073990106583e-03
1.357543934136629105e-02
1.855070702731609344e-03
6.067668437026441097e-04
1.219977531582117081e-02
-7.097784895449876785e-03
4.114736802875995636e-03
-5.647538229823112488e-03
-1.620436459779739380e-02
2.387488260865211487e-02
1.395019795745611191e-02
2.648312598466873169e-02
-7.421005051583051682e-03
1.605381444096565247e-02
-3.718363121151924133e-03
-6.647977046668529510e-03
-4.811037797480821609e-03
-8.876773645170032978e-04
5.264647770673036575e-03
3.900102092302404344e-05
3.537762910127639771e-03
-4.123017191886901855e-03
-5.705170333385467529e-03
2.714777830988168716e-03
-1.082090847194194794e-02
5.272940732538700104e-03
-1.706163212656974792e-02
-1.230333466082811356e-03
4.030779935419559479e-03
-1.176946703344583511e-02
-4.486943944357335567e-04
2.158259740099310875e-03
5.146840121597051620e-03
-4.961293656378984451e-03
3.668326826300472021e-04
1.776899560354650021e-03
-2.137417159974575043e-02
8.190734311938285828e-03
3.887593001127243042e-02
-2.291684795636683702e-04
1.089418074116110802e-03
-5.862178746610879898e-03
-1.327073294669389725e-02
-1.099405437707901001e-02
-1.418153941631317139e-02
1.972738187760114670e-03
8.549473714083433151e-04
1.699403743259608746e-03
2.434408292174339294e-03
-1.405213121324777603e-02
-2.709175692871212959e-03
-1.368910260498523712e-02
5.079547408968210220e-03
2.346664667129516602e-02
-1.801495440304279327e-03
1.942921057343482971e-02
-1.595177571289241314e-03
4.671306814998388290e-03
4.936125129461288452e-03
-1.621541101485490799e-03
-1.280037965625524521e-02
1.336078858003020287e-03
-9.519684128463268280e-03
-6.315344013273715973e-03
4.847342148423194885e-03
-8.105710148811340332e-03
2.992898225784301758e-04
-8.977743797004222870e-03
4.672844428569078445e-03
-5.253900308161973953e-03
2.169864950701594353e-03
6.682300474494695663e-03
-6.517120171338319778e-03
-1.269308151677250862e-03
-6.540940143167972565e-03
-1.560718473047018051e-02
1.343804644420742989e-03
4.464300349354743958e-03
-1.505185198038816452e-02
-9.340972639620304108e-03
-9.396585635840892792e-03
-1.532889995723962784e-02
-5.615095724351704121e-04
-2.530840225517749786e-03
-7.843882776796817780e-03
-2.580068074166774750e-03
-3.123349975794553757e-03
-9.812929667532444000e-03
-6.756815128028392792e-03
1.126527972519397736e-02
-9.311188012361526489e-03
-6.108438130468130112e-03
-2.830457175150513649e-03
-9.369958424940705299e-04
-1.695342175662517548e-02
-2.434138394892215729e-02
-1.001571072265505791e-03
-9.432688355445861816e-03
-2.727273385971784592e-03
-1.990452408790588379e-03
-1.054772734642028809e-02
-1.362615171819925308e-02
2.409277856349945068e-02
-2.760221017524600029e-03
-4.771929699927568436e-03
-1.095657609403133392e-02
1.005080249160528183e-02
-1.206643180921673775e-03
-3.911121934652328491e-02
1.259847776964306831e-03
2.051329985260963440e-02
4.288658965378999710e-03
2.049706317484378815e-02
-2.053403295576572418e-03
-2.457028720527887344e-03
1.971979858353734016e-03
-1.654874649830162525e-03
-2.469231141731142998e-03
-9.643884259276092052e-04
-8.058451116085052490e-03
-5.095130763947963715e-03
3.458141582086682320e-03
1.737178070470690727e-03
-3.517429577186703682e-03
8.299008943140506744e-03
-7.157582789659500122e-03
-1.805364299798384309e-04
-2.116929739713668823e-02
-4.649417474865913391e-03
7.212645141407847404e-04
1.265727635473012924e-02
3.999364562332630157e-03
2.468573627993464470e-03
6.957949517527595162e-05
1.061580423265695572e-02
-4.546123091131448746e-03
3.729942021891474724e-03
-5.245339497923851013e-02
-6.996221840381622314e-03
9.230267605744302273e-04
-4.958673380315303802e-03
1.233143731951713562e-02
5.623514880426228046e-04
1.150711067020893097e-02
-1.850802655098959804e-04
-2.469958504661917686e-03
9.439126588404178619e-04
2.006656490266323090e-03
-8.635270060040056705e-04
-1.218096935190260410e-03
1.414497848600149155e-02
-2.801305614411830902e-03
-4.718551412224769592e-03
1.245800638571381569e-03
2.944594714790582657e-03
-4.514088388532400131e-03
