2.807055534503888339e-05
-4.305529364501126111e-05
4.371802206151187420e-04
-3.922764153685420752e-04
-6.079674494685605168e-05
2.236043364973738790e-04
-1.037421025102958083e-04
1.987549476325511932e-04
-5.776566831627860665e-05
-3.173708682879805565e-04
-7.008473767200484872e-05
-3.029568470083177090e-04
1.541713427286595106e-04
1.931407950905850157e-06
-4.148621519561856985e-04
-2.880550455302000046e-04
-1.438064209651201963e-04
-2.181103336624801159e-04
9.519443847239017487e-05
3.523887717165052891e-04
-4.857320745941251516e-04
-4.272692021913826466e-04
1.657617685850709677e-04
-1.258028205484151840e-04
1.616271620150655508e-04
-1.935422769747674465e-04
-1.117349456762894988e-04
-4.036145110148936510e-04
-2.178730815649032593e-02
-6.633862358285114169e-05
-1.894613524200394750e-04
2.521756687201559544e-04
-5.607009006780572236e-05
-9.281565144192427397e-05
-7.757314597256481647e-05
1.497616322012618184e-04
-8.646405331091955304e-05
-4.438841642695479095e-06
-1.397290761815384030e-04
1.026071277010487393e-05
-6.378896068781614304e-05
5.913673521718010306e-05
1.654718798818066716e-04
2.733243672992102802e-05
-1.176010191556997597e-04
1.317512396781239659e-05
-2.402774698566645384e-04
-1.959708470167242922e-06
-3.828037297353148460e-04
-2.715902155614458025e-06
2.135649847332388163e-04
-2.863508707378059626e-04
1.470722636440768838e-04
-4.191464104223996401e-04
-1.019558039843104780e-04
-4.001837223768234253e-04
-5.365587421692907810e-04
-4.606848582625389099e-03
7.587264462927123532e-06
-4.763709148392081261e-04
-2.405926352366805077e-04
-7.886488921940326691e-03
7.354534318437799811e-05
1.450897689210250974e-04
-1.296479313168674707e-04
-3.008953899552579969e-05
-3.028300707228481770e-04
-1.156492635345784947e-05
-4.934058524668216705e-04
-1.776503957808017731e-02
-3.090217651333659887e-04
-2.000807086005806923e-03
-3.923493204638361931e-04
-4.687282853410579264e-05
-3.541129827499389648e-02
-2.480567200109362602e-04
-8.018537773750722408e-04
-2.269637188874185085e-04
-3.107392601668834686e-02
-4.442992794793099165e-04
-4.667457193136215210e-03
-8.417311124503612518e-03
-3.468634188175201416e-02
-3.976829175371676683e-04
-3.330222330987453461e-03
-4.113035683985799551e-04
-6.971902400255203247e-02
-3.435209626331925392e-03
-1.792759075760841370e-02
-5.093377083539962769e-03
-3.232865035533905029e-02
-4.739626892842352390e-04
-3.114781714975833893e-02
-3.506971895694732666e-02
-1.467835344374179840e-02
-6.518152356147766113e-02
-4.144974052906036377e-02
-5.712605640292167664e-02
-2.132183499634265900e-02
-1.029966101050376892e-01
-4.025866836309432983e-02
-7.983775809407234192e-03
-5.316820740699768066e-02
-1.446329057216644287e-02
-7.707061618566513062e-02
-6.198978051543235779e-03
-6.691507995128631592e-02
-4.183414205908775330e-02
-7.302532345056533813e-02
-1.323536690324544907e-02
-9.449488669633865356e-02
-2.983894571661949158e-02
-6.589355319738388062e-02
-2.420665509998798370e-02
-8.123070746660232544e-02
-3.211070969700813293e-02
-6.834846735000610352e-02
-8.841478079557418823e-02
-1.100037526339292526e-02
-1.007834672927856445e-01
-3.347276896238327026e-02
-5.707720667123794556e-02
-8.664384484291076660e-02
-1.850201748311519623e-02
-7.279912382364273071e-02
-7.164711505174636841e-02
-1.838121376931667328e-02
-5.607532337307929993e-02
-6.101160496473312378e-02
-8.724283427000045776e-02
-3.119881078600883484e-02
-2.369535714387893677e-02
-9.617188572883605957e-02
-2.715049684047698975e-02
-3.875501453876495361e-02
-8.691041171550750732e-02
-2.581471949815750122e-02
-6.859594583511352539e-02
-2.900696173310279846e-02
-3.992046043276786804e-02
-1.552244368940591812e-02
-5.653676390647888184e-02
-1.444985158741474152e-02
-8.594994992017745972e-02
-7.742305286228656769e-03
-5.673240870237350464e-02
-1.487155351787805557e-02
-7.325908541679382324e-02
-2.945013344287872314e-02
-1.824441179633140564e-02
-3.789861127734184265e-02
-4.832769744098186493e-03
-3.240953385829925537e-02
-2.880307147279381752e-04
-3.169858455657958984e-02
-1.738236518576741219e-03
-3.374940901994705200e-02
-1.809920743107795715e-02
-3.686764976009726524e-04
-4.052859172224998474e-02
-1.870580163085833192e-04
-8.766912651481106877e-05
-1.313342060893774033e-02
-3.269982407800853252e-04
-3.912076354026794434e-04
1.113937702029943466e-02
-1.183614585897885263e-04
8.434028131887316704e-06
-2.583124442026019096e-04
-6.965837907046079636e-03
6.245248019695281982e-03
2.831399433489423245e-05
1.855817208706866950e-05
-1.025972451316192746e-04
2.136366492777597159e-05
-1.580009819008409977e-03
-1.301979791605845094e-04
-4.987798820366151631e-05
-1.046366742230020463e-04
1.039752314682118595e-04
-2.210689242929220200e-03
4.661042112275026739e-05
1.914435531944036484e-03
3.136837403872050345e-05
1.225861051352694631e-04
-1.618285978111089207e-06
1.064844254869967699e-04
-3.419551299884915352e-03
1.388079952448606491e-02
-2.010228810831904411e-03
8.049598545767366886e-05
5.111068487167358398e-03
-4.906541107629891485e-06
9.419411799171939492e-05
1.645699376240372658e-04
-2.601256128400564194e-03
8.412984199821949005e-03
7.369807281065732241e-05
5.193323886487632990e-05
4.762683820445090532e-04
4.486216348595917225e-04
7.303260499611496925e-04
-2.091084979474544525e-02
5.324796959757804871e-02
-5.509774759411811829e-02
1.062686927616596222e-02
2.213527914136648178e-04
1.420303160557523370e-04
6.621039006859064102e-03
-1.591924950480461121e-02
9.208633855450898409e-05
1.548060390632599592e-04
8.927983435569331050e-05
7.969170837895944715e-05
9.677146590547636151e-05
7.326833292609080672e-05
-4.212352912873029709e-03
1.645357770030386746e-05
9.808689355850219727e-05
1.004660734906792641e-04
2.120604179799556732e-02
-1.904196542454883456e-04
9.149891411652788520e-05
-1.144092623144388199e-02
5.519712067325599492e-05
1.034109760075807571e-02
8.864951087161898613e-05
5.628009239444509149e-05
-6.609833508264273405e-05
-7.064278703182935715e-03
-3.553780697984620929e-05
-1.579304662300273776e-04
-2.801970695145428181e-04
-4.736779257655143738e-03
-1.935723557835444808e-04
-7.625026162713766098e-03
-8.791372238192707300e-05
-1.973226753761991858e-04
-1.907484984258189797e-04
-2.052654698491096497e-02
-2.540598390623927116e-03
-2.754393778741359711e-02
-1.849066838622093201e-02
-2.224553609266877174e-04
-7.180756330490112305e-02
-1.699148269835859537e-04
-1.450679963454604149e-03
-3.249134495854377747e-02
-1.582744531333446503e-02
-1.005888078361749649e-02
-3.384386375546455383e-02
-3.293236717581748962e-03
-5.183651298284530640e-02
-3.595140203833580017e-02
-2.934041246771812439e-02
-1.003469619899988174e-02
-5.905785411596298218e-02
-2.111806720495223999e-02
-3.145610913634300232e-02
-6.308320164680480957e-02
-6.596597284078598022e-02
-1.976985298097133636e-02
-6.916177272796630859e-02
-5.016310140490531921e-02
-5.051732808351516724e-02
-6.092539057135581970e-02
-5.178906768560409546e-02
-6.625644117593765259e-02
-3.786546364426612854e-02
-6.186602264642715454e-02
-4.343005269765853882e-02
-2.759248390793800354e-02
-7.472767680883407593e-02
-4.098341986536979675e-02
-4.334202408790588379e-02
-2.527300640940666199e-02
-1.027649790048599243e-01
-3.689416497945785522e-02
-6.036303937435150146e-02
-7.121685892343521118e-02
-4.116422683000564575e-02
-3.574896603822708130e-02
-2.182948216795921326e-02
-5.758325755596160889e-02
-6.750662624835968018e-02
-5.860172212123870850e-02
-3.488435968756675720e-02
-8.942652493715286255e-02
-5.220568180084228516e-02
-5.758774280548095703e-02
-2.848271653056144714e-02
-2.356478758156299591e-02
-5.779532715678215027e-02
-8.962605148553848267e-03
-1.161323264241218567e-01
-1.509318826720118523e-03
-2.293398790061473846e-02
-7.423673570156097412e-02
-4.522615298628807068e-02
-3.754318878054618835e-02
-7.636286318302154541e-02
-5.026237573474645615e-03
-6.467356532812118530e-02
-3.870406001806259155e-02
-5.675397440791130066e-02
-1.153637748211622238e-02
-5.010227859020233154e-02
-3.692058101296424866e-02
-2.568528614938259125e-02
-2.737721055746078491e-02
-1.190714631229639053e-02
-5.734702199697494507e-02
-3.574933725758455694e-05
-7.044699788093566895e-02
-3.278279909864068031e-04
-4.498027265071868896e-03
-2.152251824736595154e-02
-6.751231558155268431e-05
-3.724947944283485413e-02
-1.072690449655056000e-02
-4.908968694508075714e-04
-4.320410639047622681e-02
-2.296839375048875809e-04
-7.983104139566421509e-02
1.995634374907240272e-05
-1.392621779814362526e-04
-2.756644040346145630e-03
-2.896633814089000225e-04
-2.204343763878569007e-04
-1.001102756708860397e-02
-4.602980986237525940e-02
1.071541191777214408e-04
-3.699587614391930401e-05
-1.887589169200509787e-04
-1.211206399602815509e-04
1.002387398330029100e-05
-1.007141108857467771e-04
-8.602988906204700470e-03
9.516316640656441450e-05
-2.153953071683645248e-03
-2.114204980898648500e-04
-1.883525983430445194e-04
-2.555366954766213894e-04
8.940752741182222962e-05
-1.022124852170236409e-04
-8.272942068288102746e-05
1.161191612482070923e-04
-3.375110682100057602e-04
-3.162104694638401270e-04
-3.349654434714466333e-04
-1.792673356248997152e-05
-6.201399955898523331e-04
-1.337385183433070779e-04
-3.742936823982745409e-04
-2.059363323496654630e-04
-2.502411953173577785e-04
-5.293584763421677053e-05
6.217740155989304185e-05
7.014477159827947617e-05
6.838354602223262191e-05
-2.359509962843731046e-04
-8.247012010542675853e-05
1.139162122854031622e-04
-7.851357804611325264e-05
-1.976466592168435454e-04
-9.211360156768932939e-05
-1.194566721096634865e-05
-7.680036651436239481e-05
1.488828729634406045e-05
7.061010546749457717e-05
-1.255624956684187055e-04
-3.835090610664337873e-04
-6.930187373654916883e-05
-3.147840470774099231e-05
-9.163207869278267026e-05
1.757214922690764070e-04
-1.450273884984198958e-05
2.413524634903296828e-04
2.963731240015476942e-04
1.391034602420404553e-04
1.317374408245086670e-04
3.627187106758356094e-04
-7.194779755081981421e-05
-1.284079044125974178e-04
-5.021585384383797646e-04
4.244938900228589773e-04
-2.821476755343610421e-06
-2.314734301762655377e-04
-3.033932625839952379e-05
-4.843394563067704439e-04
-4.556966450763866305e-05
-2.279213658766821027e-04
2.725779195316135883e-04
2.544297312851995230e-04
-1.479437632951885462e-04
4.121630263398401439e-05
7.791016832925379276e-05
4.326159250922501087e-04
-1.192350964629440568e-06
-1.910932041937485337e-04
2.596011327113956213e-04
