-6.200781353982165456e-05
-8.242133480962365866e-05
-1.106723502743989229e-04
-9.568546374794095755e-05
-1.184314387501217425e-04
-7.084796379785984755e-05
-1.309560611844062805e-04
-1.652763021411374211e-04
-1.601382391527295113e-04
-1.590765750734135509e-04
-1.294542889809235930e-04
-1.359913003398105502e-04
-1.857646275311708450e-04
-1.594769128132611513e-04
-1.665753225097432733e-04
-1.775506825651973486e-04
-2.166904741898179054e-04
-1.651502680033445358e-04
-2.136493421858176589e-04
-1.906359975691884756e-04
-1.994517078856006265e-04
-2.000712411245331168e-04
-2.437251969240605831e-04
-2.016969956457614899e-04
-2.297784812981262803e-04
-2.665413194335997105e-04
-2.820044755935668945e-04
-2.728195686358958483e-04
-2.717912429943680763e-04
-2.775572647806257010e-04
-2.842467220034450293e-04
-2.819810761138796806e-04
-3.152144199702888727e-04
-3.062244795728474855e-04
-3.250025620218366385e-04
-3.010476357303559780e-04
-3.470936790108680725e-04
-3.647458506748080254e-04
-3.687164280563592911e-04
-3.563089994713664055e-04
-3.886239428538829088e-04
-3.478088183328509331e-04
-3.530483227223157883e-04
-3.526734944898635149e-04
-3.680778318084776402e-04
-4.032210272271186113e-04
-4.048955161124467850e-04
-3.560209588613361120e-04
-3.926829958800226450e-04
-4.328480281401425600e-04
-4.186994920019060373e-04
-4.033886361867189407e-04
-3.963504277635365725e-04
-3.959743480663746595e-04
-4.014518053736537695e-04
-4.242856521159410477e-04
-4.040450148750096560e-04
-4.036878235638141632e-04
-4.027203540317714214e-04
-3.558470343705266714e-04
-4.538059583865106106e-04
-4.247694159857928753e-04
-3.440470027271658182e-04
-3.711910685524344444e-04
-3.574120055418461561e-04
-3.787319874390959740e-04
-3.642075753305107355e-04
-3.712221805471926928e-04
-3.358969115652143955e-04
-3.596921451389789581e-04
-3.637875779531896114e-04
-3.788138856180012226e-04
-3.048221697099506855e-04
-2.908048918470740318e-04
-3.042314201593399048e-04
-3.353161446284502745e-04
-2.805791737046092749e-04
-3.096130385529249907e-04
-2.072840870823711157e-04
-2.654311538208276033e-04
-2.641853643581271172e-04
-2.853893674910068512e-04
-2.068661997327581048e-04
-2.250702527817338705e-04
-1.634733489481732249e-04
-1.380799076287075877e-04
-1.636079105082899332e-04
-1.715984690235927701e-04
-1.662686408963054419e-04
-1.564794220030307770e-04
-1.627365563763305545e-04
-1.540537632536143064e-04
-1.146990834968164563e-04
-1.157532169600017369e-04
-8.527262252755463123e-05
-1.064933676389046013e-04
-1.239124831045046449e-04
-1.310265797656029463e-04
-1.054900712915696204e-04
-1.595682406332343817e-04
-1.095877451007254422e-04
-1.945250842254608870e-04
-2.135471149813383818e-04
-2.217599976575002074e-04
-2.145388716598972678e-04
-1.939070643857121468e-04
-2.644790511112660170e-04
-2.730011765379458666e-04
-3.118111344520002604e-04
-4.203494463581591845e-04
-4.039052000734955072e-04
-4.700024146586656570e-04
-4.679780395235866308e-04
-5.358296330086886883e-04
-5.946689052507281303e-04
-5.450969329103827477e-04
-5.963539006188511848e-04
-7.003801292739808559e-04
-7.515086908824741840e-04
-7.656083325855433941e-04
-8.483716519549489021e-04
-8.018985390663146973e-04
-8.971849456429481506e-04
-8.971067727543413639e-04
-9.243183303624391556e-04
-9.617267642170190811e-04
-9.508003713563084602e-04
-9.747659205459058285e-04
-1.013134955428540707e-03
-1.059342292137444019e-03
-9.760986431501805782e-04
-9.783955756574869156e-04
-9.550549439154565334e-04
-9.053985704667866230e-04
-8.759032934904098511e-04
-7.602277328260242939e-04
-7.791963289491832256e-04
-7.245531887747347355e-04
-4.698435368482023478e-04
-5.536391399800777435e-04
-3.150804259348660707e-04
-2.421629760647192597e-04
-1.781903847586363554e-04
-6.218723865458741784e-05
3.699850640259683132e-05
2.750504645518958569e-04
4.430703993421047926e-04
5.530148628167808056e-04
5.956473178230226040e-04
7.448896649293601513e-04
8.602027082815766335e-04
9.386342135258018970e-04
8.694154676049947739e-04
9.507593931630253792e-04
8.248079684562981129e-04
7.803186890669167042e-04
6.853613886050879955e-04
3.284307313151657581e-04
7.985770935192704201e-05
-6.917189239175058901e-06
-4.078582860529422760e-04
-7.229540497064590454e-04
-9.500370360910892487e-04
-1.356401247903704643e-03
-1.449888339266180992e-03
-1.655880594626069069e-03
-2.008078619837760925e-03
-2.159885130822658539e-03
-1.931883161887526512e-03
-2.114953473210334778e-03
-1.786659006029367447e-03
-1.002460950985550880e-03
-4.915246972814202309e-04
2.239183668280020356e-04
1.006579957902431488e-03
2.053592354059219360e-03
2.332577481865882874e-03
2.266767900437116623e-03
1.848422572948038578e-03
9.710431913845241070e-04
2.368087443755939603e-04
-1.056292676366865635e-03
-4.107946995645761490e-03
-5.552228074520826340e-03
-6.604477297514677048e-03
-7.456519175320863724e-03
-4.608845338225364685e-03
1.079039997421205044e-03
6.363897118717432022e-03
1.110268011689186096e-02
-5.104680894874036312e-04
3.831094829365611076e-03
-1.054705120623111725e-02
1.498425146564841270e-03
-4.039789200760424137e-04
2.936414070427417755e-02
-2.744504250586032867e-02
1.672607101500034332e-02
5.223309248685836792e-02
-2.054748311638832092e-02
4.765322059392929077e-02
-7.677474524825811386e-03
2.588892914354801178e-02
-8.836395293474197388e-02
3.419765084981918335e-02
-2.956994622945785522e-02
-1.959725841879844666e-02
-2.691167034208774567e-02
-2.766130492091178894e-02
-2.142682112753391266e-02
-2.606510557234287262e-02
-1.607962138950824738e-02
-1.877959072589874268e-02
-1.038738992065191269e-02
-5.668842699378728867e-03
-5.483409389853477478e-03
-4.949140362441539764e-03
-5.710043478757143021e-03
-6.840499117970466614e-03
-7.340172771364450455e-03
-8.432676084339618683e-03
-8.431738242506980896e-03
-7.828596048057079315e-03
-7.528662681579589844e-03
-6.336976308375597000e-03
-5.494263954460620880e-03
-3.859639866277575493e-03
-3.182763699442148209e-03
-2.225605770945549011e-03
-1.235222676768898964e-03
-7.523244712501764297e-04
-4.204768338240683079e-04
-3.861084114760160446e-04
-6.082847539801150560e-05
-1.215277661685831845e-04
-1.689372438704594970e-04
-6.503848708234727383e-04
-7.315989350900053978e-04
-9.418595582246780396e-04
-1.268601859919726849e-03
-1.512321992777287960e-03
-1.682712929323315620e-03
-1.681805122643709183e-03
-1.945338328368961811e-03
-2.049365546554327011e-03
-2.082666615024209023e-03
-2.048574155196547508e-03
-2.099330769851803780e-03
-1.884072436951100826e-03
-1.919670379720628262e-03
-1.881490345112979412e-03
-1.753933262079954147e-03
-1.683761598542332649e-03
-1.322880038060247898e-03
-1.322607276961207390e-03
-1.174523378722369671e-03
-1.080981804989278316e-03
-9.326625731773674488e-04
-8.090742048807442188e-04
-7.598512456752359867e-04
-5.554005620069801807e-04
-4.298039712011814117e-04
-3.032343520317226648e-04
-2.637668512761592865e-04
-2.020623651333153248e-04
1.440381311113014817e-05
-3.692856262205168605e-05
1.962229544005822390e-05
7.866788655519485474e-05
8.046042057685554028e-05
6.913112156325951219e-05
7.957895286381244659e-05
1.514530740678310394e-04
1.029693448799662292e-04
1.285517937503755093e-04
5.190145748201757669e-05
9.547921217745169997e-05
7.856075171730481088e-06
6.446720362873747945e-05
3.086427022935822606e-05
-8.309178519994020462e-05
-4.375791468191891909e-05
-8.224244083976373076e-05
-7.723091403022408485e-05
-1.189937829622067511e-04
-2.279705222463235259e-04
-2.872350451070815325e-04
-2.030509203905239701e-04
-2.188018115703016520e-04
-2.515552623663097620e-04
-2.868122828658670187e-04
-3.565446240827441216e-04
-3.762592968996614218e-04
-3.327076847199350595e-04
-4.408508830238133669e-04
-3.961797629017382860e-04
-3.957390435971319675e-04
-4.686276079155504704e-04
-4.232539795339107513e-04
-4.454047884792089462e-04
-4.285154864192008972e-04
-4.565053968690335751e-04
-4.588789597619324923e-04
-3.860442375298589468e-04
-4.249344929121434689e-04
-4.090663278475403786e-04
-4.068067355547100306e-04
-4.267860203981399536e-04
-3.796538221649825573e-04
-3.654346219263970852e-04
-4.038980987388640642e-04
-3.873381065204739571e-04
-2.915202931035310030e-04
-2.799662761390209198e-04
-2.988463675137609243e-04
-3.079918387811630964e-04
-2.296238089911639690e-04
-2.344547683605924249e-04
-2.371115842834115028e-04
-2.185719204135239124e-04
-1.836833398556336761e-04
-1.854740257840603590e-04
-9.991020488087087870e-05
-1.108447322621941566e-04
-6.711314199492335320e-05
-8.017779327929019928e-05
-2.502676761650945991e-05
-4.750971856992691755e-05
-1.680079367361031473e-05
-2.219118505308870226e-05
6.325336016743676737e-06
3.217518315068446100e-05
3.068116711801849306e-05
9.158810826193075627e-06
8.943703141994774342e-05
7.121392263798043132e-05
1.037744077621027827e-04
7.429967081407085061e-05
1.275077811442315578e-04
1.241380086867138743e-04
1.259643031517043710e-04
1.660652633290737867e-04
1.624267752049490809e-04
1.564450212754309177e-04
1.455158344469964504e-04
1.548062864458188415e-04
1.674293016549199820e-04
1.877478498499840498e-04
1.854854053817689419e-04
2.018276863964274526e-04
1.757663703756406903e-04
1.861279597505927086e-04
2.116893156198784709e-04
1.611095940461382270e-04
1.971103338291868567e-04
2.132322842953726649e-04
1.945124822668731213e-04
2.021510590566322207e-04
1.667428587097674608e-04
2.211063547292724252e-04
2.004086709348484874e-04
2.048938476946204901e-04
1.969058212125673890e-04
1.859276380855590105e-04
1.951720187207683921e-04
1.974791812244802713e-04
2.134256646968424320e-04
1.659426634432747960e-04
1.789206580724567175e-04
1.883694931166246533e-04
1.984589325729757547e-04
1.509088033344596624e-04
1.571106258779764175e-04
1.587227452546358109e-04
1.501717924838885665e-04
1.951136655407026410e-04
1.742977328831329942e-04
1.034469823935069144e-04
1.073485545930452645e-04
1.373278792016208172e-04
1.166323054349049926e-04
1.168687231256626546e-04
1.749034563545137644e-04
1.308427308686077595e-04
6.893989484524354339e-05
9.926033817464485765e-05
7.943226228235289454e-05
1.054124149959534407e-04
8.317671017721295357e-05
1.040044953697361052e-04
1.072521044989116490e-04
7.029173139017075300e-05
6.029360883985646069e-05
6.638803461100906134e-05
6.297069921856746078e-05
6.864837632747367024e-05
2.324310480616986752e-05
2.006637078011408448e-05
2.716456219786778092e-05
2.250169927719980478e-05
-1.388728014717344195e-05
