-8.442632970400154591e-04
-1.682269212324172258e-04
-1.676571846473962069e-04
-7.389310048893094063e-04
1.499369973316788673e-04
-7.586656138300895691e-04
-7.994560291990637779e-04
-6.206390680745244026e-04
-5.113024963065981865e-04
-1.393224229104816914e-03
-3.694771730806678534e-04
-5.157886189408600330e-04
-7.589998422190546989e-04
-6.197107722982764244e-04
-5.968171171844005585e-04
-5.872249021194875240e-04
-5.362856900319457054e-04
-8.882538531906902790e-04
-4.883488290943205357e-04
-7.554311887361109257e-04
-6.643149536103010178e-04
-1.144167908933013678e-04
-8.635925478301942348e-04
-9.203144873026758432e-05
-4.331857489887624979e-04
-2.577189297880977392e-04
-1.935128966579213738e-04
-1.211871393024921417e-03
-4.100785299669951200e-04
-6.790141924284398556e-04
-1.151256612502038479e-03
-4.605792346410453320e-04
-7.782643660902976990e-05
-8.987516630440950394e-04
-2.445113495923578739e-04
-4.509149002842605114e-04
-4.941046354360878468e-04
-1.086667645722627640e-03
8.344481466338038445e-05
-7.722778827883303165e-04
-6.448007770814001560e-04
-3.543304628692567348e-04
-9.855319513007998466e-05
-5.911042680963873863e-04
-1.607049052836373448e-04
-3.501758619677275419e-04
-4.446763196028769016e-04
-4.944382817484438419e-04
-5.350050632841885090e-04
-8.128812187351286411e-04
-3.716039645951241255e-04
-3.397669352125376463e-04
-4.527098208200186491e-04
-4.667859757319092751e-04
-4.519731737673282623e-04
-4.544268304016441107e-04
-6.319393287412822247e-04
-2.539505658205598593e-04
-2.126694162143394351e-04
1.250629575224593282e-04
-3.824669329333119094e-05
-9.074411937035620213e-04
-4.711883375421166420e-04
1.450823911000043154e-04
-5.032275803387165070e-04
-6.970424437895417213e-04
3.628841295721940696e-05
-3.852271183859556913e-04
-9.605252125766128302e-05
-9.995428990805521607e-05
-3.107731463387608528e-04
-2.521150163374841213e-04
-2.582482411526143551e-04
-5.076151137473061681e-05
-7.062923978082835674e-04
1.705995673546567559e-04
-4.061259460286237299e-05
-7.082396041369065642e-05
1.048895646817982197e-04
5.368806887418031693e-05
-2.845314338628668338e-05
-3.120001638308167458e-04
-1.085663825506344438e-04
2.502975403331220150e-04
1.953429018612951040e-04
8.880483073880895972e-05
-3.642905357992276549e-05
-5.081178969703614712e-04
9.570690053806174546e-06
-3.207416739314794540e-04
6.932009273441508412e-05
-2.240114918095059693e-05
-1.120915039791725576e-04
-5.506432353286072612e-05
-2.307350769115146250e-05
-3.456397462286986411e-05
-2.226776268798857927e-04
-2.586980699561536312e-04
-2.404480910627171397e-04
-3.605850215535610914e-04
-1.766590867191553116e-04
-2.787751436699181795e-04
-2.931183262262493372e-04
-1.888693223008885980e-04
-1.772236719261854887e-04
-8.170085493475198746e-05
2.975427487399429083e-04
5.154981772648170590e-05
-1.840524782892316580e-05
-7.446113158948719501e-05
-6.632439180975779891e-05
1.167224618257023394e-04
5.702281370759010315e-03
2.425063168630003929e-03
4.732218803837895393e-04
3.318111225962638855e-02
7.069719140417873859e-04
3.263110294938087463e-02
2.456888556480407715e-02
3.701994195580482483e-02
3.022798337042331696e-02
4.838766157627105713e-02
4.857135936617851257e-02
5.206875503063201904e-02
6.938153505325317383e-02
5.521386861801147461e-02
7.392475754022598267e-02
8.113159984350204468e-02
6.260060518980026245e-02
1.035563275218009949e-01
6.661819666624069214e-02
9.615339338779449463e-02
9.482466429471969604e-02
8.643194288015365601e-02
1.062944903969764709e-01
8.563306927680969238e-02
9.815221279859542847e-02
9.865901619195938110e-02
1.061669737100601196e-01
8.141343295574188232e-02
1.067331209778785706e-01
7.828974723815917969e-02
9.562753140926361084e-02
7.377478480339050293e-02
8.127446472644805908e-02
6.645596027374267578e-02
6.549320369958877563e-02
6.362138688564300537e-02
4.647835344076156616e-02
5.193605646491050720e-02
3.564360737800598145e-02
3.689863905310630798e-02
2.772444859147071838e-02
1.500637270510196686e-02
2.362738735973834991e-02
3.095783293247222900e-03
5.634938832372426987e-03
2.038570819422602654e-03
3.410752105992287397e-04
4.368174122646450996e-04
5.481292027980089188e-04
6.399523699656128883e-04
2.217136789113283157e-04
5.610263324342668056e-04
1.578707830049097538e-03
9.451491641812026501e-04
5.722822388634085655e-04
2.907010784838348627e-04
4.266777541488409042e-04
3.697914071381092072e-04
4.645864246413111687e-04
7.681820425204932690e-04
5.667455843649804592e-04
1.507576962467283010e-04
9.905658225761726499e-05
9.827204485191032290e-05
1.464015804231166840e-04
-1.954589097294956446e-04
2.551840152591466904e-04
2.308321854798123240e-04
3.472128009889274836e-04
-2.073640462185721844e-05
-1.359790076094213873e-05
-1.233905932167544961e-04
-8.129516209010034800e-05
-3.638380439952015877e-04
-5.152541561983525753e-04
-3.012542729265987873e-04
-7.532102172262966633e-04
-8.609396754764020443e-04
-7.307603955268859863e-04
-6.742438417859375477e-04
-7.395836291834712029e-04
-8.282870985567569733e-04
-6.316696526482701302e-04
-9.272292954847216606e-04
-9.330864995718002319e-04
-6.936560967005789280e-04
-3.659721696749329567e-04
-2.178610011469572783e-04
-2.459945098962634802e-04
-1.642107818042859435e-04
-6.740291137248277664e-04
-1.329516991972923279e-03
-9.267637506127357483e-04
-8.619887521490454674e-04
-9.015666437335312366e-04
-6.497235735878348351e-04
-8.629884105175733566e-04
-5.775833269581198692e-04
-6.258842768147587776e-04
-7.153634796850383282e-04
-7.072415901347994804e-04
-8.720491314306855202e-04
-5.923119024373590946e-04
-4.844256618525832891e-04
-1.150257012341171503e-04
-3.039514704141765833e-04
-1.928939600475132465e-04
2.399238837824668735e-05
1.387437660014256835e-04
2.425007005513180047e-05
3.205866378266364336e-04
2.163848257623612881e-04
9.327850420959293842e-05
5.964281735941767693e-04
5.840038647875189781e-04
6.355300429277122021e-04
3.427452174946665764e-04
3.471289528533816338e-04
4.010593402199447155e-04
2.517016546335071325e-04
4.825833821087144315e-05
4.530866863206028938e-04
2.979387354571372271e-04
1.649322803132236004e-04
7.912612636573612690e-05
3.286636492703109980e-04
-9.236067126039415598e-05
-6.190086423885077238e-05
1.959975488716736436e-04
4.942177911289036274e-04
2.234825165942311287e-03
1.363229821436107159e-03
1.093700062483549118e-02
3.745115594938397408e-03
2.563768066465854645e-02
9.520426392555236816e-03
3.693912923336029053e-02
3.327320143580436707e-02
3.676810115575790405e-02
5.267405509948730469e-02
3.793380409479141235e-02
7.003667950630187988e-02
5.845258384943008423e-02
7.836540788412094116e-02
8.165737241506576538e-02
6.411544978618621826e-02
1.149612665176391602e-01
6.145616993308067322e-02
1.156634464859962463e-01
8.669973909854888916e-02
1.044012680649757385e-01
9.426661580801010132e-02
1.009318009018898010e-01
9.535945951938629150e-02
1.037993058562278748e-01
8.737183362245559692e-02
8.305363357067108154e-02
1.112169250845909119e-01
5.928834900259971619e-02
1.222456023097038269e-01
3.577551245689392090e-02
1.176024600863456726e-01
3.435550257563591003e-02
1.012671068310737610e-01
2.770213410258293152e-02
8.322952687740325928e-02
3.429872170090675354e-02
4.690402001142501831e-02
5.658017098903656006e-02
9.683140524430200458e-05
6.445878744125366211e-02
2.456225629430264235e-04
5.369395017623901367e-02
2.246944204671308398e-04
2.731611020863056183e-02
3.732023469638079405e-05
1.963764987885951996e-02
-1.008897697829524986e-06
2.369482303038239479e-03
3.316800866741687059e-04
3.032574022654443979e-04
-2.175301779061555862e-04
-1.821293553803116083e-04
-3.281423414591699839e-04
-5.963989315205253661e-05
-2.098948025377467275e-04
-1.106140916817821562e-04
-4.778408037964254618e-04
-3.340075782034546137e-04
-3.214979660697281361e-04
-3.763910790439695120e-04
-3.051562234759330750e-04
1.467165202484466136e-05
-5.489994873641990125e-05
-2.110545028699561954e-04
-1.106755953514948487e-04
1.226620952365919948e-04
-1.674673403613269329e-04
-2.044505090452730656e-04
4.632652780856005847e-05
4.950591028318740427e-05
-4.023285000585019588e-04
-1.925736287375912070e-04
1.538085198262706399e-04
6.421656166821776424e-07
1.006415914162062109e-04
-8.978618279797956347e-05
-2.918653772212564945e-04
-1.089508659788407385e-04
-3.133280551992356777e-04
-3.283920523244887590e-04
2.018828490690793842e-05
-3.736510989256203175e-04
-3.497894795145839453e-05
-4.545875999610871077e-04
-4.589455784298479557e-04
-3.796073433477431536e-04
-8.457122021354734898e-04
3.775597724597901106e-05
-4.244104784447699785e-04
-5.013017798773944378e-04
-1.249473571078851819e-04
-5.547250038944184780e-04
-4.122889949940145016e-04
-4.400904290378093719e-04
-4.452273424249142408e-04
-5.834989133290946484e-04
-2.114175913447979838e-05
-2.959030971396714449e-04
4.215027365717105567e-05
-1.991226599784567952e-04
-3.376374661456793547e-04
-1.876937603810802102e-04
-3.813368675764650106e-04
4.194105349597521126e-05
-1.548117725178599358e-04
-4.628260794561356306e-04
-2.270023396704345942e-04
-9.331550973001867533e-05
-4.846855299547314644e-04
-7.401446782751008868e-05
-5.055293440818786621e-04
-7.822468178346753120e-04
-5.607031052932143211e-04
-4.457365139387547970e-04
3.823500883299857378e-04
-5.082026473246514797e-04
-4.305683251004666090e-04
-3.016941773239523172e-04
-4.558975924737751484e-04
-6.218303460627794266e-04
-5.959499394521117210e-04
-1.030981191433966160e-03
-5.607000784948468208e-04
3.306884900666773319e-05
3.034852270502597094e-04
7.878198812250047922e-05
-4.125634150113910437e-04
-4.382873012218624353e-04
-1.588480663485825062e-04
-9.132626582868397236e-04
-4.389970563352108002e-04
-6.299933302216231823e-04
-9.898074495140463114e-05
-2.475132641848176718e-04
-3.610829007811844349e-04
-2.242018090328201652e-04
-8.667560177855193615e-04
-4.809136153198778629e-04
-2.486580342520028353e-04
-5.030315951444208622e-04
-1.067240256816148758e-03
-1.084840972907841206e-03
-5.704695940949022770e-04
-5.830257432535290718e-04
-1.294658286496996880e-03
-1.008821302093565464e-03
-7.680778508074581623e-04
-1.074148574844002724e-03
-4.163357370998710394e-04
-9.373897337354719639e-04
-9.592675487510859966e-04
-1.846046943683177233e-04
-1.407954841852188110e-03
-1.121396548114717007e-03
-1.908722915686666965e-04
-3.224807733204215765e-04
-1.303212135098874569e-03
-1.245125080458819866e-03
