1.072340295650064945e-03
1.302552525885403156e-03
1.070970087312161922e-03
1.324748969636857510e-03
1.179106300696730614e-03
7.662586867809295654e-04
5.021608667448163033e-04
1.123294699937105179e-03
1.549690729007124901e-03
1.446764799766242504e-03
1.651541213504970074e-03
1.146016758866608143e-03
1.089223776943981647e-03
1.112834434024989605e-03
1.023463206365704536e-03
9.668931597843766212e-04
1.431129523552954197e-03
9.012306691147387028e-04
1.251237466931343079e-03
1.084543648175895214e-03
1.387370983138680458e-03
1.151877804659307003e-03
9.256187477149069309e-04
6.677306955680251122e-04
1.316112582571804523e-03
5.325263482518494129e-04
1.047466299496591091e-03
1.307287602685391903e-03
8.787667611613869667e-04
1.083489623852074146e-03
1.296691014431416988e-03
9.214282035827636719e-04
1.093125320039689541e-03
9.744585840962827206e-04
1.189325819723308086e-03
9.755147038958966732e-04
1.003290642984211445e-03
8.070809999480843544e-04
1.525117200799286366e-03
1.034216489642858505e-03
1.129494281485676765e-03
1.019049901515245438e-03
1.253690221346914768e-03
1.340221962891519070e-03
1.005235593765974045e-03
5.936863599345088005e-04
1.356757944449782372e-03
1.154263620264828205e-03
1.405257149599492550e-03
1.351248007267713547e-03
1.404829206876456738e-03
1.318034599535167217e-03
1.464020344428718090e-03
1.005052938126027584e-03
7.950289873406291008e-04
1.137889106757938862e-03
1.005150843411684036e-03
1.456009806133806705e-03
1.066570635885000229e-03
8.569854544475674629e-04
1.628516358323395252e-03
9.703840478323400021e-04
9.829379850998520851e-04
1.461905078031122684e-03
1.671434962190687656e-03
1.778668025508522987e-03
1.444126130081713200e-03
1.506078173406422138e-03
1.091192592866718769e-03
1.090795034542679787e-03
1.053983112797141075e-03
1.119756954722106457e-03
1.110523706302046776e-03
1.059191883541643620e-03
1.187327317893505096e-03
1.020809635519981384e-03
1.603747368790209293e-03
1.350865815766155720e-03
1.179825165309011936e-03
1.142714754678308964e-03
1.341499970294535160e-03
1.207306631840765476e-03
1.117427949793636799e-03
1.276672817766666412e-03
1.334001659415662289e-03
1.410905853845179081e-03
1.319929957389831543e-03
9.692379971966147423e-04
1.057603047229349613e-03
1.152222161181271076e-03
1.510386588051915169e-03
1.689186785370111465e-03
1.612728810869157314e-03
1.128165051341056824e-03
1.494272495619952679e-03
1.728225382976233959e-03
1.407409901730716228e-03
1.641615293920040131e-03
1.080006826668977737e-03
1.182768028229475021e-03
1.362951006740331650e-03
1.630021492019295692e-03
1.179933547973632812e-03
1.306004705838859081e-03
1.220811740495264530e-03
1.115824212320148945e-03
1.436250400729477406e-03
1.454657758586108685e-03
1.315169734880328178e-03
1.225520740263164043e-03
1.513790106400847435e-03
1.516762888059020042e-03
1.593118417076766491e-03
1.791108981706202030e-03
2.030143747106194496e-03
1.956302672624588013e-03
1.513746380805969238e-02
1.629075501114130020e-03
3.718426451086997986e-02
2.034266712144017220e-03
4.615820571780204773e-02
1.797917671501636505e-02
3.130293637514114380e-02
5.961703881621360779e-02
2.348552085459232330e-02
7.783640921115875244e-02
4.926802217960357666e-02
6.999792903661727905e-02
7.288456708192825317e-02
7.558794319629669189e-02
9.362088888883590698e-02
8.428529649972915649e-02
1.027324870228767395e-01
9.895676374435424805e-02
1.032481193542480469e-01
1.061172038316726685e-01
9.929627925157546997e-02
1.225665211677551270e-01
9.039220213890075684e-02
1.212099492549896240e-01
9.265453368425369263e-02
1.166652366518974304e-01
9.095493704080581665e-02
9.330532699823379517e-02
9.338511526584625244e-02
8.051452040672302246e-02
7.792447507381439209e-02
7.062203437089920044e-02
5.745081976056098938e-02
6.051301211118698120e-02
4.027532413601875305e-02
4.492173716425895691e-02
2.634464763104915619e-02
2.942616119980812073e-02
1.442462578415870667e-02
8.270859718322753906e-03
1.011285278946161270e-02
1.884942525066435337e-03
2.391010522842407227e-03
1.806090353056788445e-03
1.449111965484917164e-03
1.610633567906916142e-03
1.972622470930218697e-03
1.620456343516707420e-03
1.378686865791678429e-03
1.444339402951300144e-03
1.366683514788746834e-03
1.630131271667778492e-03
2.387620741501450539e-03
1.947601675055921078e-03
2.126728184521198273e-03
1.521008554846048355e-03
1.690555247478187084e-03
1.704891677945852280e-03
1.094287261366844177e-03
1.491467584855854511e-03
1.737832324579358101e-03
1.382480026222765446e-03
1.101076952181756496e-03
1.288616913370788097e-03
1.622343435883522034e-03
1.282327924855053425e-03
9.716045460663735867e-04
1.341195660643279552e-03
1.445916015654802322e-03
1.128585310652852058e-03
7.689530029892921448e-04
8.375770994462072849e-04
2.245780633529648185e-04
1.374055573251098394e-04
8.133999654091894627e-04
5.742632783949375153e-04
4.954540054313838482e-04
3.273173351772129536e-04
5.648821825161576271e-04
1.088782912120223045e-03
1.199298072606325150e-03
6.703961989842355251e-04
4.269316268619149923e-04
1.729904761305078864e-04
-5.451972247101366520e-04
4.883200163021683693e-04
7.303481106646358967e-04
5.621892050839960575e-04
1.093785278499126434e-03
8.233313565142452717e-04
3.283514815848320723e-04
6.499469745904207230e-04
2.704286598600447178e-04
3.610701241996139288e-04
5.304454243741929531e-04
8.380012586712837219e-04
3.087389923166483641e-04
1.164449495263397694e-03
9.206248796544969082e-04
1.120024011470377445e-03
1.395629951730370522e-03
1.219373079948127270e-03
9.778442326933145523e-04
1.296240370720624924e-03
1.219238154590129852e-03
1.137057319283485413e-03
1.554305199533700943e-03
9.974649874493479729e-04
1.072019455023109913e-03
1.674187020398676395e-03
1.606307341717183590e-03
1.416160608641803265e-03
1.481684157624840736e-03
2.350634196773171425e-03
1.675905776210129261e-03
1.341067603789269924e-03
1.348042511381208897e-03
2.135630929842591286e-03
2.222238108515739441e-03
1.370187150314450264e-03
1.429928001016378403e-03
1.567633007653057575e-03
1.705993898212909698e-03
1.643660594709217548e-03
2.003673696890473366e-03
1.887564314529299736e-03
1.553634181618690491e-03
2.444559475407004356e-03
8.285174146294593811e-03
1.044100895524024963e-02
1.982272043824195862e-02
2.214010246098041534e-02
3.213144838809967041e-02
3.633735701441764832e-02
3.990701586008071899e-02
6.492013484239578247e-02
5.455679446458816528e-02
7.671514153480529785e-02
6.600807607173919678e-02
8.550935238599777222e-02
8.830758184194564819e-02
8.803451806306838989e-02
1.044870018959045410e-01
9.407492727041244507e-02
1.060524731874465942e-01
1.102766245603561401e-01
8.799652755260467529e-02
1.348760426044464111e-01
7.684071362018585205e-02
1.286932826042175293e-01
8.797898143529891968e-02
1.106700599193572998e-01
9.348704665899276733e-02
8.524644374847412109e-02
1.000239700078964233e-01
6.502871215343475342e-02
8.498918265104293823e-02
5.454077944159507751e-02
6.874022632837295532e-02
5.080823227763175964e-02
5.444543436169624329e-02
2.836006321012973785e-02
4.195310175418853760e-02
3.154575452208518982e-02
1.159354113042354584e-02
3.659707307815551758e-02
1.645315438508987427e-03
2.754186838865280151e-02
1.644369680434465408e-03
7.842285558581352234e-03
1.671931007876992226e-03
1.454281853511929512e-03
1.114019658416509628e-03
1.322959666140377522e-03
1.678675413131713867e-03
1.498666359111666679e-03
1.655100728385150433e-03
1.950106932781636715e-03
1.339604030363261700e-03
1.454710029065608978e-03
1.598864910192787647e-03
1.092663267627358437e-03
1.196344383060932159e-03
1.332592917606234550e-03
1.100396388210356236e-03
1.156723243184387684e-03
1.205433276481926441e-03
1.474144286476075649e-03
1.091692713089287281e-03
9.842101717367768288e-04
1.130289747379720211e-03
1.381444977596402168e-03
1.200460945256054401e-03
1.227570697665214539e-03
1.623090822249650955e-03
1.249947817996144295e-03
1.533564529381692410e-03
1.448198454454541206e-03
1.623804797418415546e-03
1.487772562541067600e-03
1.375543652102351189e-03
1.331253210082650185e-03
1.039918046444654465e-03
1.267406856641173363e-03
1.174484030343592167e-03
9.566598455421626568e-04
1.262542791664600372e-03
1.590780797414481640e-03
1.228699227795004845e-03
1.424883957952260971e-03
1.046585151925683022e-03
1.073141815140843391e-03
1.091460930183529854e-03
1.555040595121681690e-03
1.290411804802715778e-03
1.160202315077185631e-03
9.134738356806337833e-04
1.042670453898608685e-03
1.552598201669752598e-03
1.637202920392155647e-03
1.252417336218059063e-03
7.728483178652822971e-04
1.159916166216135025e-03
1.102710841223597527e-03
1.074677682481706142e-03
1.364732626825571060e-03
1.175931189209222794e-03
1.429405878297984600e-03
1.078939530998468399e-03
1.433605793863534927e-03
1.036850269883871078e-03
1.337986090220510960e-03
1.013440662063658237e-03
9.329614113084971905e-04
9.701980743557214737e-04
1.591923763044178486e-03
1.651005353778600693e-03
1.030094572342932224e-03
1.186200301162898540e-03
1.222032005898654461e-03
1.417358056642115116e-03
1.037768903188407421e-03
1.232654205523431301e-03
1.027715974487364292e-03
9.444371098652482033e-04
1.074596773833036423e-03
1.231711125001311302e-03
1.131652039475739002e-03
1.080866903066635132e-03
7.696751272305846214e-04
7.196528604254126549e-04
1.287502702325582504e-03
6.219695787876844406e-04
1.119479537010192871e-03
1.062583527527749538e-03
1.149340183474123478e-03
1.402530586346983910e-03
1.398693886585533619e-03
1.018067472614347935e-03
1.372840604744851589e-03
9.581132908351719379e-04
1.266219886019825935e-03
1.015462330542504787e-03
1.022066338919103146e-03
1.290644519031047821e-03
1.370625454001128674e-03
1.269274041987955570e-03
1.026564626954495907e-03
1.056614448316395283e-03
1.196208409965038300e-03
1.595714129507541656e-03
8.868998265825212002e-04
1.529426663182675838e-03
6.537549779750406742e-04
1.580956391990184784e-03
1.711302669718861580e-03
1.712418394163250923e-03
1.228435430675745010e-03
7.197308586910367012e-04
1.175132812932133675e-03
1.107067102566361427e-03
9.288751753047108650e-04
1.504931016825139523e-03
1.834161579608917236e-03
1.262007397599518299e-03
