5.567436572164297104e-03
-2.412282163277268410e-03
1.443410437786951661e-04
-2.957156393676996231e-03
6.963732448639348149e-05
-5.997193977236747742e-03
-2.591400116216391325e-04
-3.722239518538117409e-03
-1.030424027703702450e-03
1.416916493326425552e-03
1.141109853051602840e-03
9.125127457082271576e-03
-6.981614045798778534e-03
-4.417905292939394712e-04
2.408925502095371485e-04
-1.729778596200048923e-03
-7.625829894095659256e-03
-4.641037958208471537e-04
4.615567740984261036e-04
-4.784473218023777008e-03
1.454181503504514694e-03
-1.049439655616879463e-03
2.341932384297251701e-03
7.953336462378501892e-03
2.153098350390791893e-03
5.004802253097295761e-03
3.950586076825857162e-03
3.255779668688774109e-02
-8.374725468456745148e-03
-1.667895470745861530e-03
1.841392251662909985e-03
9.986061602830886841e-03
-1.363949291408061981e-02
-5.264799110591411591e-03
2.498933754395693541e-04
3.614200104493647814e-04
2.483504591509699821e-03
-8.962447755038738251e-03
-7.682254654355347157e-04
-2.485101111233234406e-02
-5.693901330232620239e-03
-9.948956780135631561e-03
-1.810510642826557159e-02
-9.772187331691384315e-04
-2.207775367423892021e-03
-4.772379470523446798e-04
1.464992994442582130e-03
-3.332333639264106750e-03
-5.179261788725852966e-04
-6.702439393848180771e-03
-9.841368533670902252e-03
-2.036333316937088966e-03
-2.077400713460519910e-04
-1.632316503673791885e-03
1.202753628604114056e-03
9.036276489496231079e-03
1.668835431337356567e-02
1.070931204594671726e-03
-2.146881539374589920e-03
5.605872254818677902e-03
-1.462242007255554199e-02
-4.172214772552251816e-03
-1.028313767164945602e-02
-1.150259864516556263e-03
-1.037804502993822098e-02
7.936921319924294949e-04
8.802444790489971638e-04
3.872112371027469635e-03
3.245490835979580879e-03
1.477215671911835670e-03
-6.907947827130556107e-03
-3.367948113009333611e-03
-1.013280940242111683e-03
-6.084240507334470749e-03
-2.508419274818152189e-04
-5.742494016885757446e-03
1.124513801187276840e-03
1.218619197607040405e-02
3.410740464460104704e-04
-1.643238589167594910e-03
8.015230298042297363e-03
-2.490131009835749865e-04
-1.611223095096647739e-03
-2.005947288125753403e-03
-4.423070698976516724e-03
-5.055926740169525146e-03
2.036747150123119354e-02
-1.918339286930859089e-03
3.054136177524924278e-03
-7.366659119725227356e-03
3.945580217987298965e-03
-1.231027394533157349e-02
-9.083141572773456573e-03
-9.659993462264537811e-03
-2.096121385693550110e-02
-3.664085670607164502e-05
-1.671246602199971676e-03
6.982201011851429939e-04
-2.064865082502365112e-02
1.399016939103603363e-02
-2.151611447334289551e-02
-1.393776014447212219e-02
7.916585542261600494e-03
-1.324020512402057648e-02
-1.475444715470075607e-02
-7.848073146305978298e-04
-1.762781850993633270e-02
-8.995248004794120789e-03
4.212646745145320892e-03
-4.319232422858476639e-03
-7.014316041022539139e-03
-2.063488401472568512e-02
3.277683164924383163e-03
4.110129084438085556e-03
1.316991355270147324e-02
-5.021280143409967422e-03
2.300389111042022705e-03
-1.319741830229759216e-02
-2.120589092373847961e-02
1.842945814132690430e-02
5.546032916754484177e-03
-9.787128074094653130e-04
1.765569788403809071e-03
4.235483705997467041e-03
-2.584832720458507538e-03
-2.565014408901333809e-03
9.185543283820152283e-03
9.246343746781349182e-03
-3.167009912431240082e-03
1.741454564034938812e-02
1.017803791910409927e-02
-2.287920936942100525e-02
3.090241458266973495e-03
5.106796976178884506e-03
2.907334361225366592e-03
1.222838088870048523e-02
-8.447364903986454010e-03
-2.121049351990222931e-02
-3.640669398009777069e-03
6.110038142651319504e-03
2.359571633860468864e-03
1.559675671160221100e-02
3.195135155692696571e-03
1.724097877740859985e-02
-1.782904146239161491e-03
1.536046061664819717e-02
9.057245217263698578e-03
5.967895849607884884e-04
5.164848640561103821e-03
1.350846420973539352e-02
-7.721506059169769287e-03
1.185685675591230392e-02
5.352164804935455322e-02
1.316897943615913391e-02
1.148946397006511688e-02
-1.277964841574430466e-02
1.000604941509664059e-03
1.548097003251314163e-02
4.707462154328823090e-03
1.572727411985397339e-02
-1.338858716189861298e-02
-1.669665984809398651e-02
-6.694187875837087631e-03
6.268461700528860092e-03
1.254037208855152130e-02
3.022006340324878693e-02
2.185199595987796783e-02
-2.180315367877483368e-02
2.999360486865043640e-02
-8.878514170646667480e-03
-2.652404643595218658e-02
-1.352809485979378223e-03
-5.255256593227386475e-02
-2.149407193064689636e-02
-2.224845066666603088e-02
-3.081151656806468964e-02
-1.971203275024890900e-02
1.121270284056663513e-02
-4.165638238191604614e-02
-2.439306676387786865e-02
-1.507263071835041046e-02
3.446609899401664734e-02
-1.245429087430238724e-02
-2.922946773469448090e-02
-3.061031363904476166e-02
-2.878892607986927032e-02
-1.304320432245731354e-02
4.717764444649219513e-03
-1.350404811091721058e-03
1.189191341400146484e-01
5.227169021964073181e-02
5.904182791709899902e-03
-2.707513794302940369e-02
3.779310360550880432e-02
4.227597638964653015e-02
3.413657099008560181e-02
-1.303981989622116089e-01
4.797091707587242126e-03
-6.924255192279815674e-02
-7.619222253561019897e-02
-6.866774492664262652e-05
-1.484349777456372976e-04
-3.041806071996688843e-02
5.563564598560333252e-02
-8.710408210754394531e-02
-7.697172462940216064e-02
4.461722448468208313e-02
-9.448613040149211884e-03
3.138678520917892456e-02
-1.670916914008557796e-03
-3.544981032609939575e-02
-1.954043470323085785e-02
5.560725927352905273e-02
-1.030862890183925629e-02
7.300497964024543762e-03
9.224639274179935455e-03
-1.470512477681040764e-03
2.564815804362297058e-02
-2.693420648574829102e-02
4.964636173099279404e-03
-3.028208576142787933e-02
-8.504561148583889008e-03
1.498564030043780804e-03
-1.178122404962778091e-02
-3.007134795188903809e-02
-1.296132220886647701e-03
-2.723324857652187347e-02
1.585483737289905548e-02
-1.209182571619749069e-02
2.159133367240428925e-02
9.469646029174327850e-03
-1.124400272965431213e-02
3.321399167180061340e-02
1.462534535676240921e-02
-1.609847135841846466e-02
-1.487758290022611618e-02
-2.491684863343834877e-03
-1.093218009918928146e-02
-4.367052577435970306e-03
1.187200192362070084e-02
-8.504409343004226685e-03
-2.116739004850387573e-02
6.709130015224218369e-03
1.687445677816867828e-02
-2.675980562344193459e-03
-3.186920890584588051e-03
1.324458885937929153e-02
1.868281397037208080e-03
5.909116007387638092e-04
1.173490565270185471e-02
-6.917506922036409378e-03
3.873959416523575783e-03
-5.488818977028131485e-03
-1.574037969112396240e-02
2.280618622899055481e-02
1.357441488653421402e-02
2.557249553501605988e-02
-7.278424222022294998e-03
1.555650681257247925e-02
-3.591196844354271889e-03
-6.652334239333868027e-03
-4.287654533982276917e-03
-7.598299998790025711e-04
5.191010423004627228e-03
-2.385418520134408027e-05
3.191699739545583725e-03
-3.837027354165911674e-03
-5.482028238475322723e-03
2.684208797290921211e-03
-1.037415955215692520e-02
5.063073243945837021e-03
-1.663760654628276825e-02
-1.328573212958872318e-03
3.903218312188982964e-03
-1.125369034707546234e-02
-3.598693292587995529e-04
1.998732099309563637e-03
4.651871044188737869e-03
-4.894048906862735748e-03
1.261781872017309070e-04
1.705137547105550766e-03
-2.055243775248527527e-02
7.672063540667295456e-03
3.765050694346427917e-02
-4.111624148208647966e-04
8.793150773271918297e-04
-5.803426727652549744e-03
-1.289861742407083511e-02
-1.064947992563247681e-02
-1.351273152977228165e-02
1.677228952758014202e-03
8.186027989722788334e-04
1.680020825006067753e-03
2.229807199910283089e-03
-1.360683981329202652e-02
-2.376194344833493233e-03
-1.330774463713169098e-02
4.661967046558856964e-03
2.242462150752544403e-02
-1.662138965912163258e-03
1.865728572010993958e-02
-1.502615283243358135e-03
4.189306870102882385e-03
4.682249389588832855e-03
-1.684870920144021511e-03
-1.229247543960809708e-02
1.103743910789489746e-03
-9.061716496944427490e-03
-6.250414531677961349e-03
4.424504470080137253e-03
-7.785754278302192688e-03
2.278246392961591482e-04
-8.649096824228763580e-03
4.350773990154266357e-03
-5.093929357826709747e-03
1.885267673060297966e-03
6.137437652796506882e-03
-6.118753459304571152e-03
-1.432962017133831978e-03
-6.188487168401479721e-03
-1.500374171882867813e-02
1.216651406139135361e-03
4.238315857946872711e-03
-1.439401321113109589e-02
-8.755157701671123505e-03
-8.801388554275035858e-03
-1.474318560212850571e-02
-6.045997142791748047e-04
-2.209173515439033508e-03
-7.295554503798484802e-03
-2.368862275034189224e-03
-2.977956319227814674e-03
-9.374015033245086670e-03
-6.213669665157794952e-03
1.077265664935112000e-02
-8.632805198431015015e-03
-5.809343419969081879e-03
-2.622395055368542671e-03
-9.656156762503087521e-04
-1.612611673772335052e-02
-2.328484505414962769e-02
-1.006528851576149464e-03
-8.862327784299850464e-03
-2.715751063078641891e-03
-1.683181966654956341e-03
-1.003138162195682526e-02
-1.304383296519517899e-02
2.324720658361911774e-02
-2.569998148828744888e-03
-4.478002432733774185e-03
-1.026207115501165390e-02
9.552081115543842316e-03
-1.077355584129691124e-03
-3.779523819684982300e-02
1.243326580151915550e-03
1.958228088915348053e-02
4.095971118658781052e-03
1.960592716932296753e-02
-1.980462577193975449e-03
-2.292288001626729965e-03
1.799679826945066452e-03
-1.557662151753902435e-03
-2.319329185411334038e-03
-1.096556894481182098e-03
-7.717942818999290466e-03
-4.748874809592962265e-03
3.100182861089706421e-03
1.428894349373877048e-03
-3.347319085150957108e-03
7.684160023927688599e-03
-6.721451412886381149e-03
-2.160298026865348220e-04
-2.010585181415081024e-02
-4.477312322705984116e-03
6.914158002473413944e-04
1.209839154034852982e-02
3.559406846761703491e-03
2.083181636407971382e-03
1.257809781236574054e-04
1.013268064707517624e-02
-4.399904049932956696e-03
3.464848734438419342e-03
-5.085798725485801697e-02
-6.534401327371597290e-03
8.925716974772512913e-04
-4.675248172134160995e-03
1.154181826859712601e-02
5.483942804858088493e-04
1.098365057259798050e-02
-3.197246696799993515e-04
-2.178756287321448326e-03
7.922525983303785324e-04
1.716076978482306004e-03
-8.773237932473421097e-04
-1.235244679264724255e-03
1.347447186708450317e-02
-2.734104171395301819e-03
-4.457778297364711761e-03
1.286733080632984638e-03
2.744138706475496292e-03
-4.182155244052410126e-03
