-2.341388899367302656e-04
-1.256336690858006477e-03
-1.052048988640308380e-03
-6.853769300505518913e-04
-7.462309440597891808e-04
-7.149290177039802074e-04
-5.298843607306480408e-04
-9.462840971536934376e-04
-7.151336758397519588e-04
-8.102349820546805859e-04
-9.441973525099456310e-04
-1.080173882655799389e-03
-8.985408931039273739e-04
-1.022706273943185806e-03
-6.738574011251330376e-04
-1.237475662492215633e-03
-8.197966963052749634e-04
-9.935713605955243111e-04
-7.355556590482592583e-04
-8.240953902713954449e-04
-1.350901322439312935e-03
-1.006780774332582951e-03
-7.905157399363815784e-04
-1.158150029368698597e-03
-1.865311642177402973e-03
-8.652627584524452686e-04
-1.159524079412221909e-03
-1.122784335166215897e-03
-1.097099506296217442e-03
-1.129312789998948574e-03
-7.304233731701970100e-04
-5.171375814825296402e-04
-8.788404520601034164e-04
-5.947024328634142876e-04
-8.403515093959867954e-04
-1.424746238626539707e-03
-1.382940914481878281e-03
-1.191874034702777863e-03
-1.457077916711568832e-03
-9.168888791464269161e-04
-1.179842511191964149e-03
-1.101731322705745697e-03
-2.199995360570028424e-04
-7.415880681946873665e-04
-6.141164922155439854e-04
-4.164299753028899431e-04
-4.310626536607742310e-04
-7.900738273747265339e-04
-1.130651566199958324e-03
-9.332316112704575062e-04
-9.531775140203535557e-04
-1.313008600845932961e-03
-9.477554704062640667e-04
-8.315319428220391273e-04
-6.373164360411465168e-04
-1.081604161299765110e-03
-1.057467539794743061e-03
-8.482138509862124920e-04
-1.478363992646336555e-03
-1.120369532145559788e-03
-8.287039236165583134e-04
-1.163454609923064709e-03
-7.581223617307841778e-04
-8.291958365589380264e-04
-1.126098213717341423e-03
-1.019682968035340309e-03
-9.232321754097938538e-04
-1.118865911848843098e-03
-1.059970236383378506e-03
-7.151977042667567730e-04
-1.051897765137255192e-03
-6.478554569184780121e-04
-9.792203782126307487e-04
-1.791529590263962746e-03
-1.234886352904140949e-03
-8.046694565564393997e-04
-9.867851622402667999e-04
-9.982738411054015160e-04
-5.429902230389416218e-04
-1.032968051731586456e-03
-1.186502049677073956e-03
-9.460477158427238464e-04
-7.420218898914754391e-04
-7.946990081109106541e-04
-8.831448503769934177e-04
-1.027769641950726509e-03
-1.225056359544396400e-03
-1.219885889440774918e-03
-8.399264188483357430e-04
-6.401287391781806946e-04
-1.003328245133161545e-03
-1.354339998215436935e-03
-1.430401578545570374e-03
-1.020128838717937469e-03
-1.039989525452256203e-03
-1.020844792947173119e-03
-8.867719443514943123e-04
-7.033611182123422623e-04
-8.488721796311438084e-04
-1.018358161672949791e-03
-1.088192802853882313e-03
-6.582394707947969437e-04
-1.229946967214345932e-03
-1.282650977373123169e-03
-1.175983343273401260e-03
-1.238451804965734482e-03
-8.744978113099932671e-04
-8.261143811978399754e-04
-6.479588919319212437e-04
-6.106971995905041695e-04
-9.695964399725198746e-04
-1.233161077834665775e-03
-1.110559562221169472e-03
-1.107797143049538136e-03
-1.232196693308651447e-03
-7.077269256114959717e-04
-1.111096236854791641e-03
-1.441533677279949188e-03
-1.403005560860037804e-03
-1.918183756060898304e-03
-1.640858477912843227e-03
-3.714267630130052567e-03
-1.592791080474853516e-02
-6.173456087708473206e-03
-2.604291774332523346e-02
-3.398517146706581116e-02
-2.729430049657821655e-02
-4.879369214177131653e-02
-3.909769654273986816e-02
-6.521087139844894409e-02
-5.941371992230415344e-02
-6.979326903820037842e-02
-8.856713026762008667e-02
-7.770118117332458496e-02
-8.952332288026809692e-02
-1.076177507638931274e-01
-8.518940955400466919e-02
-1.277091950178146362e-01
-8.626187592744827271e-02
-1.263704001903533936e-01
-9.056768566370010376e-02
-1.365233063697814941e-01
-8.753824979066848755e-02
-1.369205266237258911e-01
-7.312987744808197021e-02
-1.324285864830017090e-01
-7.030992209911346436e-02
-1.080639809370040894e-01
-7.180013507604598999e-02
-7.307272404432296753e-02
-7.116919755935668945e-02
-4.490020126104354858e-02
-5.906403437256813049e-02
-2.706906199455261230e-02
-3.813868761062622070e-02
-1.604085043072700500e-02
-1.948184333741664886e-02
-4.976056516170501709e-03
-1.528927823528647423e-03
-1.439684303477406502e-03
-1.541356672532856464e-03
-1.373530947603285313e-03
-1.485304790548980236e-03
-1.515236217528581619e-03
-1.504524843767285347e-03
-1.950773177668452263e-03
-1.425513997673988342e-03
-1.064686570316553116e-03
-1.217350014485418797e-03
-1.184755470603704453e-03
-1.736607169732451439e-03
-2.336842473596334457e-03
-1.370114507153630257e-03
-1.190163777209818363e-03
-1.263468875549733639e-03
-1.444539986550807953e-03
-1.169563038274645805e-03
-1.465351786464452744e-03
-1.231375732459127903e-03
-1.189366565085947514e-03
-1.016370602883398533e-03
-9.919137228280305862e-04
-1.087636803276836872e-03
-9.187028044834733009e-04
-7.574865012429654598e-04
-9.552146657370030880e-04
-1.102329813875257969e-03
-8.567741024307906628e-04
-3.156185848638415337e-04
-1.786858629202470183e-04
-2.371007285546511412e-04
-5.719586042687296867e-04
-5.422253161668777466e-04
-5.132246878929436207e-04
-1.019553863443434238e-03
-1.017989241518080235e-03
-7.725101895630359650e-04
-4.002468485850840807e-04
-2.378996723564341664e-04
-7.160408422350883484e-04
-8.299947949126362801e-04
-4.659236583393067122e-04
-4.556245985440909863e-04
-6.468268111348152161e-04
-6.677074125036597252e-04
-3.718388907145708799e-04
-7.392141851596534252e-04
-8.223124896176159382e-04
-4.304144822526723146e-04
-6.605455419048666954e-04
-1.097282744012773037e-03
-6.482515018433332443e-04
-7.630855543538928032e-04
-7.771132513880729675e-04
-3.422643640078604221e-04
-4.691103240475058556e-04
-6.196929025463759899e-04
-1.284948084503412247e-03
-1.471584429964423180e-03
-1.291157328523695469e-03
-1.156125799752771854e-03
-8.331995923072099686e-04
-1.148377079516649246e-03
-1.150904805399477482e-03
-9.241733932867646217e-04
-1.136008533649146557e-03
-1.175058772787451744e-03
-1.299661584198474884e-03
-1.364682917483150959e-03
-1.701862434856593609e-03
-1.314925728365778923e-03
-1.416107872501015663e-03
-1.489389920607209206e-03
-1.469089416787028313e-03
-1.061071874573826790e-03
-9.960635798051953316e-04
-1.192118739709258080e-03
-1.059897476807236671e-03
-1.390660880133509636e-03
-1.433318015187978745e-03
-1.436072867363691330e-03
-1.666351570747792721e-03
-9.349221363663673401e-03
-1.344515010714530945e-03
-2.131198532879352570e-02
-1.531687472015619278e-02
-3.866877406835556030e-02
-3.088334016501903534e-02
-5.349450558423995972e-02
-4.992448911070823669e-02
-7.318012416362762451e-02
-6.499474495649337769e-02
-9.088625013828277588e-02
-7.985033839941024780e-02
-1.095129102468490601e-01
-9.107396006584167480e-02
-1.136384829878807068e-01
-1.004544869065284729e-01
-1.184365674853324890e-01
-1.046944484114646912e-01
-1.246323138475418091e-01
-9.770380705595016479e-02
-1.181832998991012573e-01
-9.892009943723678589e-02
-9.864190965890884399e-02
-1.037320420145988464e-01
-8.413013815879821777e-02
-9.017843753099441528e-02
-7.561457157135009766e-02
-7.248290628194808960e-02
-6.913423538208007812e-02
-4.086317494511604309e-02
-7.455404847860336304e-02
-1.109077688306570053e-02
-6.740806251764297485e-02
-1.266038743779063225e-03
-4.757871851325035095e-02
-1.061922870576381683e-03
-2.219274453818798065e-02
-1.264976919628679752e-03
-1.073776395060122013e-03
-1.426622504368424416e-03
-1.232236973010003567e-03
-1.540112891234457493e-03
-1.085907337255775928e-03
-1.101650763303041458e-03
-1.635816413909196854e-03
-1.671270234510302544e-03
-1.243132166564464569e-03
-1.149229938164353371e-03
-1.104626804590225220e-03
-8.152227383106946945e-04
-8.511851192452013493e-04
-8.899905951693654060e-04
-9.810448391363024712e-04
-1.082461327314376831e-03
-9.806501911953091621e-04
-1.071127015165984631e-03
-1.135546248406171799e-03
-1.309495884925127029e-03
-9.200495551340281963e-04
-1.394183374941349030e-03
-1.341344555839896202e-03
-1.190613722428679466e-03
-1.108457334339618683e-03
-1.109884586185216904e-03
-9.826753521338105202e-04
-9.712957544252276421e-04
-1.089888275600969791e-03
-1.304675010032951832e-03
-8.948399918153882027e-04
-1.223399420268833637e-03
-1.394229009747505188e-03
-8.788298000581562519e-04
-1.048459205776453018e-03
-1.113589503802359104e-03
-1.139656873419880867e-03
-1.282785204239189625e-03
-1.087292912416160107e-03
-8.927132003009319305e-04
-1.267995336093008518e-03
-9.574795840308070183e-04
-1.236442942172288895e-03
-1.330773811787366867e-03
-1.015360699966549873e-03
-6.301050307229161263e-04
-1.184308668598532677e-03
-1.296744681894779205e-03
-1.047182129696011543e-03
-5.126047763042151928e-04
-1.187920686788856983e-03
-6.462002056650817394e-04
-6.847255281172692776e-04
-7.435020525008440018e-04
-8.019208326004445553e-04
-1.028479658998548985e-03
-9.298683726228773594e-04
-1.123132416978478432e-03
-1.302196527831256390e-03
-1.011950080282986164e-03
-5.953607033006846905e-04
-1.057198271155357361e-03
-1.216940232552587986e-03
-8.803259697742760181e-04
-7.754538091830909252e-04
-6.918301805853843689e-04
-1.069696969352662563e-03
-1.045541721396148205e-03
-1.134078018367290497e-03
-1.138968975283205509e-03
-1.304650446400046349e-03
-1.053367974236607552e-03
-1.160481595434248447e-03
-7.641920237801969051e-04
-9.843446314334869385e-04
-1.299429801292717457e-03
-6.112374248914420605e-04
-9.449769859202206135e-04
-1.082730130292475224e-03
-1.095013809390366077e-03
-9.437691187486052513e-04
-9.570314432494342327e-04
-9.547265945002436638e-04
-1.161483116447925568e-03
-8.016367210075259209e-04
-1.653051585890352726e-03
-1.725565409287810326e-03
-1.138093299232423306e-03
-1.137009821832180023e-03
-1.986789982765913010e-03
-1.680555636994540691e-03
-1.154704601503908634e-03
-1.194187323562800884e-03
-8.930461481213569641e-04
-1.393328071571886539e-03
-1.010606647469103336e-03
-9.723869152367115021e-04
-5.555548123084008694e-04
-1.572395791299641132e-03
-8.049393654800951481e-04
-9.739566012285649776e-04
-9.622474899515509605e-04
-1.005098805762827396e-03
-1.031741383485496044e-03
-5.026778089813888073e-04
-9.113802225328981876e-04
-9.622636716812849045e-04
-4.503834061324596405e-04
-4.364001215435564518e-04
-1.119334949180483818e-03
-1.992764417082071304e-03
-7.787231006659567356e-04
-3.851949877571314573e-04
-1.132405363023281097e-03
-8.624431793577969074e-04
-7.640995318070054054e-04
-1.224260544404387474e-03
-1.406880677677690983e-03
-1.302197575569152832e-03
-1.003377139568328857e-03
-1.450714655220508575e-03
