1.600938104093074799e-02
-9.014104143716394901e-04
3.330916864797472954e-03
1.115547027438879013e-03
3.230480104684829712e-02
7.208914496004581451e-03
2.589196665212512016e-03
1.847220701165497303e-03
1.064160489477217197e-03
5.786119960248470306e-03
4.224387521389871836e-04
-2.393053873674944043e-04
5.440033040940761566e-03
1.609639031812548637e-03
-8.240184397436678410e-04
-2.387195127084851265e-03
-9.600170305930078030e-04
-2.084052888676524162e-03
2.331254305317997932e-03
2.013708697631955147e-03
-1.078725047409534454e-02
6.444381433539092541e-04
1.855096779763698578e-03
-2.148788422346115112e-03
-4.783998243510723114e-03
2.804206451401114464e-03
3.510840761009603739e-04
-2.059558872133493423e-03
7.099543232470750809e-03
6.349141709506511688e-03
3.762893611565232277e-03
-7.245150627568364143e-04
-2.885944908484816551e-03
-3.497320692986249924e-03
2.911634743213653564e-03
1.014413964003324509e-02
2.882064785808324814e-03
6.655994802713394165e-04
4.345289897173643112e-03
-4.984144470654428005e-04
-1.106065791100263596e-02
3.664175164885818958e-04
3.440801752731204033e-03
-1.010017818771302700e-03
1.003241259604692459e-02
-1.307816244661808014e-02
-4.026117734611034393e-03
-4.010942298918962479e-03
-1.402375753968954086e-03
1.459525199607014656e-03
6.914277095347642899e-03
3.546719904989004135e-03
7.741402368992567062e-03
9.842496365308761597e-04
4.699441138654947281e-03
9.860819205641746521e-03
6.047951523214578629e-03
3.849293803796172142e-03
1.311792340129613876e-02
2.311314269900321960e-02
-3.464770852588117123e-04
3.324985736981034279e-03
-1.097239670343697071e-03
9.303217753767967224e-03
5.633823573589324951e-03
8.702843450009822845e-03
7.735419552773237228e-03
2.536806568969041109e-04
5.625688936561346054e-03
2.000948600471019745e-02
8.334269747138023376e-03
8.547868579626083374e-03
5.082607269287109375e-03
3.349897684529423714e-03
2.830890240147709846e-03
3.066221019253134727e-03
-1.558915944769978523e-03
4.012101795524358749e-03
-3.909301478415727615e-03
-2.762652235105633736e-03
-4.585199523717164993e-03
6.557963322848081589e-03
7.978680543601512909e-03
1.395240146666765213e-02
2.908783033490180969e-03
2.182517899200320244e-03
1.402870053425431252e-03
-3.903522621840238571e-03
-2.480972558259963989e-03
7.488717325031757355e-03
1.133243273943662643e-02
-7.055679801851511002e-03
-1.153049152344465256e-02
-2.086263615638017654e-03
-9.092962369322776794e-03
-4.911197815090417862e-03
-1.251345314085483551e-02
-1.850282959640026093e-02
-4.569922108203172684e-03
9.670280851423740387e-03
1.555811986327171326e-02
6.246836856007575989e-03
4.406132735311985016e-03
-1.969234086573123932e-02
8.740440011024475098e-03
-1.038660947233438492e-02
1.404926367104053497e-02
6.678383797407150269e-03
-5.865153856575489044e-03
-8.159184362739324570e-04
8.237007074058055878e-03
4.063726868480443954e-03
-4.548533353954553604e-03
-6.387530826032161713e-03
-2.022713609039783478e-02
-4.167275037616491318e-03
1.084233168512582779e-03
2.783436793833971024e-04
-1.266919635236263275e-02
9.442077949643135071e-03
-3.494444536045193672e-03
5.960904993116855621e-03
-1.054731383919715881e-02
1.007728278636932373e-03
-6.727043073624372482e-03
-5.833096336573362350e-03
-3.190154209733009338e-02
-7.798377424478530884e-03
5.571363493800163269e-03
-1.051646005362272263e-02
-9.070736356079578400e-03
-1.814603339880704880e-03
-1.420881971716880798e-02
-1.439038012176752090e-02
8.897986263036727905e-03
9.040085598826408386e-03
2.994938753545284271e-02
1.028962200507521629e-03
2.132275328040122986e-02
8.182598277926445007e-03
5.139033310115337372e-03
1.320297643542289734e-02
-2.826538635417819023e-03
4.073237534612417221e-03
1.398430205881595612e-02
7.219946477562189102e-03
6.951778195798397064e-03
-1.545156724750995636e-02
1.056867279112339020e-02
1.443389803171157837e-02
-4.977081553079187870e-04
-3.128085657954216003e-02
-6.840545218437910080e-03
-4.741483554244041443e-02
-5.638047121465206146e-03
4.371271061245352030e-04
2.655708044767379761e-02
2.003971114754676819e-02
1.005261112004518509e-02
-3.504764661192893982e-02
3.702218830585479736e-02
-1.165414694696664810e-02
-2.417244017124176025e-02
1.544998865574598312e-02
-2.190831862390041351e-02
-2.818379178643226624e-02
-4.581110924482345581e-02
-2.581882290542125702e-02
3.450947999954223633e-02
-5.695950239896774292e-03
2.707070484757423401e-02
-1.225164625793695450e-02
-2.228404628112912178e-03
3.072667680680751801e-02
2.390542998909950256e-02
-1.594919525086879730e-02
4.654154554009437561e-02
4.692631773650646210e-03
-2.812713757157325745e-02
5.718854721635580063e-03
-3.745989874005317688e-02
3.285036981105804443e-02
-2.489655464887619019e-02
1.493783667683601379e-02
-1.699441298842430115e-02
-1.525337714701890945e-02
-3.729679062962532043e-02
-4.842172842472791672e-03
-3.972122073173522949e-02
5.265413783490657806e-03
-3.152683004736900330e-02
1.804069848731160164e-03
4.293328151106834412e-02
2.427127771079540253e-02
-3.528273478150367737e-02
-2.151629514992237091e-02
-2.963276766240596771e-02
3.183238673955202103e-03
-1.025493070483207703e-01
1.117031499743461609e-01
1.051700636744499207e-01
-6.382316350936889648e-02
-1.036192253232002258e-01
-1.266261097043752670e-02
3.893962502479553223e-02
3.817239031195640564e-02
4.222359508275985718e-02
2.763792686164379120e-02
-1.392483059316873550e-02
1.768732629716396332e-02
-5.978159978985786438e-02
-1.293073296546936035e-01
-7.633526623249053955e-02
-1.691877469420433044e-02
-1.885972917079925537e-02
2.501279115676879883e-02
-4.893576726317405701e-03
-5.623952485620975494e-03
-2.071266062557697296e-02
-3.072305023670196533e-02
6.070378236472606659e-03
-2.823768928647041321e-02
9.342412464320659637e-03
-2.335188910365104675e-02
-2.158503793179988861e-02
-2.485798485577106476e-02
-3.028966113924980164e-02
-3.754083067178726196e-02
4.619484301656484604e-03
-4.553481191396713257e-02
-2.286230772733688354e-02
2.225059870397672057e-05
-2.585072629153728485e-02
8.138596080243587494e-03
1.317985262721776962e-02
3.511553257703781128e-02
-4.006830509752035141e-03
-3.195175901055335999e-02
2.036330103874206543e-02
-2.917239442467689514e-02
2.496839500963687897e-02
2.397931879386305809e-03
-1.898458693176507950e-03
-2.024043910205364227e-02
-2.602037973701953888e-02
-1.972568780183792114e-02
2.629616856575012207e-02
1.519026514142751694e-02
2.845132723450660706e-02
3.253866732120513916e-02
3.880167752504348755e-02
-6.323110312223434448e-03
2.349441684782505035e-02
-1.810073270462453365e-03
4.475200083106756210e-03
1.719871722161769867e-02
-1.005948148667812347e-02
2.273107692599296570e-02
-1.090953778475522995e-02
-1.674993545748293400e-03
-1.292417012155056000e-02
2.355450391769409180e-02
-3.459799336269497871e-03
5.991789046674966812e-03
-1.658897846937179565e-02
1.170976669527590275e-03
2.151192352175712585e-02
1.487347017973661423e-02
4.418541211634874344e-03
9.558628313243389130e-03
1.896285684779286385e-03
8.209954015910625458e-03
-3.746936796233057976e-03
-2.831844147294759750e-03
1.160818245261907578e-02
-1.585342362523078918e-02
-1.622046111151576042e-03
1.195174641907215118e-03
-1.655561663210391998e-02
-4.735162016004323959e-03
-1.834767288528382778e-03
9.198482148349285126e-03
-1.121336780488491058e-02
-7.841722108423709869e-04
-3.357565496116876602e-03
1.148564741015434265e-03
2.314652083441615105e-03
8.751738932915031910e-04
-5.159962549805641174e-02
-7.420484442263841629e-03
-1.172121055424213409e-02
-1.387790776789188385e-02
-3.979608416557312012e-03
-1.239622570574283600e-02
7.299555581994354725e-04
-2.606700640171766281e-03
-1.005364861339330673e-02
-1.087501761503517628e-03
-4.051990807056427002e-03
1.606305013410747051e-03
-4.444720223546028137e-03
-1.262666471302509308e-02
-4.283323884010314941e-03
-2.112102461978793144e-03
5.183952860534191132e-03
3.996571060270071030e-03
-1.174800843000411987e-02
-4.573693964630365372e-03
1.788163557648658752e-03
9.435446932911872864e-03
4.428240063134580851e-04
-8.763215504586696625e-03
-8.791860193014144897e-03
-8.814432076178491116e-04
3.617763286456465721e-05
3.777765203267335892e-03
2.260009292513132095e-03
-2.181425131857395172e-02
1.947554759681224823e-03
-4.054458811879158020e-03
5.023658741265535355e-04
-1.921957358717918396e-03
-6.477965041995048523e-03
-5.503850057721138000e-03
4.949642345309257507e-03
-9.078992530703544617e-03
5.525067448616027832e-03
-3.860571887344121933e-03
2.641077619045972824e-03
-2.743891905993223190e-03
-3.029307117685675621e-03
-3.156774491071701050e-02
-1.467931782826781273e-03
3.862354438751935959e-03
-2.616772893816232681e-03
-6.611610762774944305e-03
-6.225158460438251495e-03
3.950852842535823584e-04
1.152318622916936874e-02
-3.507550340145826340e-03
-3.562010079622268677e-02
-3.675924381241202354e-03
1.130969845689833164e-03
4.013111814856529236e-03
-2.467595972120761871e-03
-3.051038458943367004e-02
2.257509768242016435e-04
-2.658012788742780685e-03
5.132917314767837524e-03
6.237297318875789642e-03
9.447980672121047974e-03
1.816593110561370850e-02
1.124243624508380890e-02
2.405906096100807190e-03
-1.438883878290653229e-02
1.481017447076737881e-03
4.741361364722251892e-03
1.236512977629899979e-02
-4.479399416595697403e-03
3.108455799520015717e-03
4.428207408636808395e-03
1.089379191398620605e-02
4.113620147109031677e-03
8.354044519364833832e-03
9.930476546287536621e-03
-5.697919055819511414e-03
8.859438821673393250e-03
9.387546451762318611e-04
7.267322391271591187e-03
4.633988719433546066e-03
1.020181737840175629e-02
2.651056973263621330e-03
1.503742882050573826e-03
1.497621764428913593e-03
4.641921725124120712e-03
5.511515773832798004e-03
7.065732963383197784e-03
2.418245561420917511e-02
9.097239933907985687e-03
1.515564881265163422e-02
1.935618347488343716e-03
2.537584863603115082e-03
1.077559404075145721e-02
2.713996730744838715e-02
5.221818108111619949e-03
1.889015780761837959e-03
-1.150009920820593834e-03
1.307952590286731720e-02
-1.773309148848056793e-02
1.778491074219346046e-03
6.268903613090515137e-03
1.544771715998649597e-03
1.368194632232189178e-02
-1.523790182545781136e-03
-1.061057089827954769e-03
1.281783333979547024e-03
7.889968692325055599e-04
2.710030239541083574e-04
1.925606513395905495e-03
2.146001905202865601e-03
-2.697830321267247200e-03
