-5.527805187739431858e-04
-3.304863581433892250e-03
2.961803227663040161e-03
-1.166264526546001434e-02
-2.735018031671643257e-03
7.187628652900457382e-03
2.616766374558210373e-03
1.555405789986252785e-03
5.170722492039203644e-03
-2.214955165982246399e-03
5.907589104026556015e-03
4.140510223805904388e-03
4.982732236385345459e-03
7.212358526885509491e-03
8.597261621616780758e-04
-8.938392857089638710e-04
1.811781898140907288e-03
-1.040165964514017105e-02
7.950398721732199192e-04
4.607084672898054123e-03
3.895270172506570816e-03
3.441998036578297615e-03
9.808443486690521240e-03
3.142040688544511795e-03
4.156008362770080566e-03
4.376105498522520065e-03
1.022113952785730362e-02
6.243249401450157166e-03
5.233736708760261536e-03
-1.143354107625782490e-03
3.216899186372756958e-02
1.935265585780143738e-02
5.076808389276266098e-03
6.292284466326236725e-03
8.426217362284660339e-03
4.423242062330245972e-03
3.439876949414610863e-03
6.938677746802568436e-03
4.023542162030935287e-03
7.776590529829263687e-03
5.056974478065967560e-03
8.164738304913043976e-03
3.389740129932761192e-03
1.023763511329889297e-02
4.148775245994329453e-03
1.089366059750318527e-02
1.084687095135450363e-02
1.890257559716701508e-02
1.037946622818708420e-02
1.178055908530950546e-02
7.138087879866361618e-03
1.821236102841794491e-03
8.252608589828014374e-03
8.834023959934711456e-03
2.775007160380482674e-04
3.780794888734817505e-02
1.282843668013811111e-02
9.764047339558601379e-03
4.558291286230087280e-03
4.242339171469211578e-03
5.036792717874050140e-03
2.400826662778854370e-02
1.205828506499528885e-02
2.244713250547647476e-03
7.000411394983530045e-03
1.107895001769065857e-02
-9.954686276614665985e-03
-6.714949849992990494e-03
5.558619741350412369e-03
6.380126811563968658e-03
6.154696922749280930e-03
3.856256662402302027e-04
7.417307235300540924e-03
6.755675189197063446e-03
1.574389170855283737e-03
6.513157393783330917e-03
4.096749704331159592e-03
7.190623320639133453e-03
9.008921682834625244e-03
9.662085212767124176e-03
1.063480880111455917e-02
1.063441019505262375e-02
5.542434286326169968e-03
-1.475785975344479084e-03
-5.102833965793251991e-04
-8.266281336545944214e-03
1.013547275215387344e-02
-7.692790124565362930e-03
-1.742534688673913479e-03
1.430180389434099197e-02
8.168894797563552856e-03
1.178077049553394318e-02
8.266213699243962765e-04
1.068241707980632782e-02
-1.419731508940458298e-02
3.792411007452756166e-04
7.571261376142501831e-03
3.052324289456009865e-03
3.064811229705810547e-03
8.878479711711406708e-03
1.885637175291776657e-04
8.647678419947624207e-03
7.256449665874242783e-03
5.046240054070949554e-03
2.787634031847119331e-03
-5.734764505177736282e-03
4.900446627289056778e-03
1.085436996072530746e-02
5.053025204688310623e-03
-7.052789442241191864e-03
-5.632069427520036697e-03
3.096940461546182632e-03
1.180098485201597214e-02
-2.371218428015708923e-02
8.159832097589969635e-03
-1.936805620789527893e-02
-1.212996430695056915e-03
1.023192238062620163e-02
4.931757692247629166e-03
-4.812038969248533249e-03
6.187736522406339645e-03
-5.856122355908155441e-03
-3.765027970075607300e-03
1.949024759232997894e-02
-4.408466920722275972e-04
7.969406433403491974e-03
7.504170760512351990e-03
3.655322361737489700e-03
8.919557440094649792e-04
1.714276149868965149e-02
9.297911077737808228e-03
-3.716252278536558151e-03
3.486275963950902224e-04
-1.363489683717489243e-02
-8.770554326474666595e-03
-2.058737212792038918e-03
-1.611031219363212585e-02
1.210223883390426636e-02
-2.276541898027062416e-03
5.168789532035589218e-03
4.345458466559648514e-03
4.627385351341217756e-04
-2.780767902731895447e-02
-1.390917692333459854e-02
2.310386300086975098e-02
-6.999421166256070137e-04
2.160540036857128143e-02
1.083432789891958237e-02
-3.369160695001482964e-03
-2.300612162798643112e-03
6.008004304021596909e-03
2.962169237434864044e-03
-3.187193721532821655e-02
-1.197234727442264557e-02
8.933473145589232445e-05
-3.853015229105949402e-02
1.127914246171712875e-02
-2.148019336163997650e-02
-5.237119644880294800e-02
-2.679983712732791901e-02
-3.211429715156555176e-02
-6.938903243280947208e-04
-7.993388921022415161e-03
-1.470866613090038300e-02
-2.360818348824977875e-02
-2.174751274287700653e-02
8.993281517177820206e-04
-2.285794541239738464e-02
-3.047820180654525757e-02
-1.048412919044494629e-02
-2.791101112961769104e-02
-3.384511917829513550e-02
3.927145153284072876e-03
-3.271429613232612610e-02
-2.863010019063949585e-02
3.213279342162422836e-05
-1.897167973220348358e-02
2.726724930107593536e-02
-2.606527507305145264e-02
-2.618043124675750732e-02
5.489868298172950745e-02
-2.072742395102977753e-02
-5.229039117693901062e-02
-1.182932173833250999e-03
-2.325388044118881226e-02
-6.427460908889770508e-02
1.120077096857130527e-03
-2.289506979286670685e-02
-5.391554441303014755e-03
7.480058819055557251e-02
-6.555370241403579712e-02
-3.664644435048103333e-02
5.246826633810997009e-02
-5.484190583229064941e-02
-4.871352761983871460e-02
8.544946461915969849e-02
-7.923252135515213013e-02
5.891974270343780518e-02
6.480449438095092773e-02
-8.297681063413619995e-02
-4.024031758308410645e-02
4.586604982614517212e-02
3.784932196140289307e-02
2.902747131884098053e-02
7.133015990257263184e-02
7.928353548049926758e-02
2.094699256122112274e-02
1.994394883513450623e-02
-5.881012976169586182e-02
-6.509819999337196350e-03
-5.258272867649793625e-03
-6.891947984695434570e-02
-3.833785280585289001e-02
8.728386834263801575e-03
-8.802153170108795166e-03
3.681147098541259766e-02
-2.465586550533771515e-02
1.864366978406906128e-02
3.185551322530955076e-04
-1.586734130978584290e-02
-5.817686393857002258e-02
-5.869779735803604126e-02
4.019754379987716675e-02
-4.576670378446578979e-02
1.654426939785480499e-02
-2.055823244154453278e-02
2.751695178449153900e-02
8.799807168543338776e-03
1.861199177801609039e-02
5.407046061009168625e-03
1.682250760495662689e-02
-8.020315319299697876e-03
-2.759088762104511261e-02
-1.693857274949550629e-02
-5.767611786723136902e-03
1.691360957920551300e-02
-1.475128717720508575e-02
-3.291050437837839127e-03
-8.672098629176616669e-03
-1.270425319671630859e-02
2.542460570111870766e-03
-2.896376186981797218e-03
-2.311498625203967094e-03
-3.187098726630210876e-02
-2.709847409278154373e-03
-3.337367996573448181e-02
-1.824585604481399059e-03
1.388412155210971832e-02
5.041558295488357544e-03
-1.590247638523578644e-02
-9.362687356770038605e-03
9.030401124618947506e-04
-2.348665893077850342e-02
-9.770371019840240479e-03
-1.124944258481264114e-02
-5.273708957247436047e-04
-1.249041990377008915e-03
-1.261369325220584869e-02
-7.958143949508666992e-03
-1.382097974419593811e-02
8.062240667641162872e-03
-9.370009065605700016e-04
2.440918760839849710e-04
2.912584692239761353e-02
-4.148370120674371719e-03
-6.967416964471340179e-03
-1.662212796509265900e-02
-6.384157575666904449e-03
-1.158791407942771912e-02
-4.953807685524225235e-03
4.993427079170942307e-03
3.824420506134629250e-03
2.125650411471724510e-03
5.558079574257135391e-03
-3.958913031965494156e-03
1.623740885406732559e-03
8.862539194524288177e-03
2.584720496088266373e-03
5.948620848357677460e-03
1.175943296402692795e-02
6.032030098140239716e-03
2.474743407219648361e-03
-4.236740991473197937e-03
-1.581640215590596199e-03
-1.399158354615792632e-04
8.185630664229393005e-03
1.382033107802271843e-03
-1.097036432474851608e-02
1.545658451505005360e-04
-3.150115255266427994e-03
-7.363878656178712845e-03
1.912540942430496216e-02
4.556490108370780945e-03
3.932928200811147690e-03
9.975735098123550415e-03
1.237694080919027328e-02
1.719409227371215820e-02
-5.482017993927001953e-03
1.143367146141827106e-03
-7.303053047508001328e-03
1.105235540308058262e-03
6.922065746039152145e-03
-1.650689169764518738e-03
-1.458586426451802254e-03
-1.321084331721067429e-03
-4.946591798216104507e-03
8.534079534001648426e-04
-1.047763740643858910e-03
1.172148113255389035e-04
-5.005857441574335098e-03
-4.769247025251388550e-03
2.791840524878352880e-04
2.896578283980488777e-03
5.433336831629276276e-03
-5.659423302859067917e-03
3.613974433392286301e-03
1.098469598218798637e-03
-2.737535163760185242e-03
1.118673011660575867e-03
-7.058848161250352859e-03
-1.248247735202312469e-02
-2.506232354789972305e-03
-6.302302936092019081e-04
6.821065908297896385e-04
-1.642851857468485832e-03
-1.424469705671072006e-02
-2.160133561119437218e-03
-6.060956045985221863e-03
2.500069094821810722e-03
-4.942666739225387573e-03
-7.891486398875713348e-03
2.114543458446860313e-03
-5.734819453209638596e-03
-4.287200048565864563e-03
-4.979337099939584732e-03
-1.068342663347721100e-02
-4.396959207952022552e-03
-7.177904248237609863e-03
-3.402659296989440918e-02
-1.148239709436893463e-02
-5.071619525551795959e-03
-6.196188740432262421e-03
-1.875675050541758537e-03
-1.250538881868124008e-02
-1.017885841429233551e-02
-7.941404357552528381e-03
-3.404404968023300171e-03
-3.536535892635583878e-03
-4.087978973984718323e-03
-7.918662391602993011e-03
-3.598950803279876709e-02
-1.036798488348722458e-02
-6.425882130861282349e-02
-1.157518103718757629e-02
3.618966415524482727e-02
-2.677181037142872810e-03
-1.909575425088405609e-02
-1.867280900478363037e-02
-6.299595814198255539e-03
-1.037194579839706421e-02
9.838370606303215027e-03
-9.381172130815684795e-04
7.650574203580617905e-03
-9.921167977154254913e-03
-2.293765358626842499e-02
-9.228303097188472748e-03
-6.653567310422658920e-03
-1.950554782524704933e-03
-3.629825543612241745e-03
-2.019978500902652740e-02
-5.383051466196775436e-03
-3.628134494647383690e-03
-8.364586159586906433e-03
-5.415033083409070969e-03
3.044151328504085541e-02
-3.489350201562047005e-03
-1.960773020982742310e-02
-6.365230772644281387e-03
-6.099242717027664185e-03
-9.444077499210834503e-03
-7.694802712649106979e-03
-4.851306788623332977e-03
3.829208071692846715e-05
-4.392570815980434418e-03
-9.305258281528949738e-03
-9.304303675889968872e-04
7.391138933598995209e-04
-1.254552276805043221e-03
-9.305013343691825867e-03
-3.996319137513637543e-03
-3.659050911664962769e-03
-2.253333479166030884e-02
-8.615608327090740204e-03
-6.983684841543436050e-03
6.801016628742218018e-03
5.133095197379589081e-03
-4.160968121141195297e-03
-1.260860357433557510e-03
-7.484547328203916550e-03
-1.300084288232028484e-03
2.945668529719114304e-04
