5.653598345816135406e-04
2.923749270848929882e-04
5.630576051771640778e-04
1.829364045988768339e-04
4.209130711387842894e-04
1.510942820459604263e-04
6.942777545191347599e-04
4.771596868522465229e-04
5.280344048514962196e-04
2.817956265062093735e-04
-4.038209590362384915e-05
4.060696810483932495e-04
4.655321827158331871e-04
3.050510713364928961e-04
2.813591854646801949e-04
3.899395524058490992e-04
7.230960181914269924e-04
6.628659903071820736e-04
1.815567229641601443e-04
-1.494420575909316540e-04
-1.501883671153336763e-04
-8.088267350103706121e-05
6.185467937029898167e-04
3.817741235252469778e-04
1.220701355487108231e-02
5.462995031848549843e-04
2.299395855516195297e-04
2.515997330192476511e-04
7.490112911909818649e-04
7.322539458982646465e-04
4.413841816131025553e-04
1.814184215618297458e-04
-6.372605275828391314e-05
1.154486788436770439e-03
3.089532442390918732e-02
-8.795337751507759094e-03
4.973895265720784664e-04
1.452500000596046448e-03
2.910826005972921848e-04
2.043075983237940818e-05
4.362101608421653509e-04
7.840338366804644465e-05
8.634690893813967705e-04
2.511978964321315289e-04
4.081924271304160357e-04
4.611609037965536118e-04
1.271585933864116669e-02
8.395566255785524845e-04
1.958878856385126710e-04
5.347407422959804535e-04
2.800892398227006197e-04
7.193656056188046932e-04
3.487106878310441971e-04
4.042611180921085179e-05
1.438511244487017393e-04
6.612470024265348911e-04
1.132263150066137314e-02
3.294213820481672883e-05
3.677741065621376038e-02
2.272760320920497179e-04
2.650617097970098257e-04
6.288912147283554077e-03
4.897041246294975281e-03
6.103025004267692566e-02
1.909653801703825593e-04
3.525028377771377563e-02
2.601711894385516644e-04
9.331900626420974731e-03
2.999146818183362484e-04
3.886701166629791260e-02
3.902718424797058105e-02
1.176208909600973129e-02
8.557701483368873596e-03
4.675706103444099426e-02
3.932349756360054016e-02
4.991103708744049072e-02
2.770974300801753998e-02
1.938722841441631317e-02
8.057002909481525421e-03
6.145154684782028198e-02
7.201624568551778793e-03
4.842679481953382492e-03
1.705101132392883301e-02
7.246106863021850586e-02
2.344285324215888977e-02
5.083082243800163269e-02
4.044038802385330200e-02
5.377928167581558228e-02
8.466728776693344116e-02
6.932792719453573227e-03
4.920201376080513000e-02
2.565973624587059021e-02
9.931156039237976074e-02
1.337662251899018884e-04
5.887160822749137878e-02
3.149927407503128052e-02
7.557030022144317627e-02
3.253462910652160645e-02
2.431350760161876678e-02
1.618923433125019073e-02
8.218536525964736938e-02
5.705720186233520508e-02
3.777362778782844543e-02
1.017698794603347778e-01
4.199808463454246521e-02
5.061985179781913757e-02
7.283879816532135010e-02
2.060603164136409760e-02
7.898662984371185303e-02
1.984700560569763184e-02
7.803668081760406494e-02
5.433952435851097107e-02
5.304330959916114807e-02
4.910797998309135437e-02
2.870299294590950012e-02
4.468377679586410522e-02
2.415573038160800934e-02
1.029775887727737427e-01
6.586770713329315186e-02
1.200289372354745865e-02
2.552219107747077942e-02
5.342916026711463928e-02
1.791017875075340271e-02
6.426649540662765503e-02
3.382220491766929626e-02
5.060266703367233276e-02
5.120921134948730469e-02
8.192896842956542969e-02
7.009702175855636597e-02
3.848432376980781555e-02
-1.837646216154098511e-02
7.637382298707962036e-02
1.037588194012641907e-01
5.379647016525268555e-02
4.994654655456542969e-02
8.141790330410003662e-02
5.896899476647377014e-02
3.105357848107814789e-02
3.076593019068241119e-02
2.423723600804805756e-02
1.162826083600521088e-02
7.782114669680595398e-03
7.110898196697235107e-02
2.444816753268241882e-02
1.512724999338388443e-02
6.416673213243484497e-02
4.747810587286949158e-02
2.383300662040710449e-02
3.198822215199470520e-02
2.702869474887847900e-02
6.522845476865768433e-02
1.358066964894533157e-02
4.294596612453460693e-02
5.558415129780769348e-02
1.031362824141979218e-02
9.444656781852245331e-03
3.453851863741874695e-02
1.029608072713017464e-03
1.547415833920240402e-02
4.180659353733062744e-02
4.135490581393241882e-02
-3.703723632497712970e-05
-1.295178954023867846e-04
-1.003583054989576340e-02
2.224168740212917328e-02
-8.907941170036792755e-03
-1.199343055486679077e-02
-5.156992468982934952e-03
7.048385590314865112e-02
-6.205084547400474548e-02
-3.667870163917541504e-02
1.608966477215290070e-02
-3.901368007063865662e-02
-9.798790328204631805e-03
-1.788768713595345616e-04
-4.813189059495925903e-02
-2.126924134790897369e-02
1.528233289718627930e-02
1.617278717458248138e-02
-8.521224372088909149e-03
3.190239658579230309e-05
-3.061143681406974792e-02
7.046948373317718506e-02
4.508827812969684601e-03
3.755996236577630043e-03
-5.304468795657157898e-02
5.054822657257318497e-03
6.594819715246558189e-04
-2.869386784732341766e-02
3.033486753702163696e-02
-5.050337131251581013e-05
3.659310191869735718e-02
7.779028383083641529e-04
2.253731898963451385e-02
-1.161914318799972534e-02
2.955454774200916290e-02
4.147897660732269287e-02
2.709029242396354675e-02
-6.705232081003487110e-04
-1.579591305926442146e-03
-3.302384912967681885e-02
2.242296934127807617e-02
1.134643238037824631e-02
-3.595396503806114197e-02
5.680846795439720154e-02
2.018450573086738586e-02
-1.454314291477203369e-01
1.803944632411003113e-02
-1.196397691965103149e-01
1.098571252077817917e-02
8.301078196382150054e-05
1.179681438952684402e-02
1.399802789092063904e-02
2.248055970994755626e-04
8.413670584559440613e-03
-6.663607060909271240e-02
2.924643084406852722e-02
1.574690639972686768e-02
-3.619284601882100105e-03
-9.910299442708492279e-03
-3.577681491151452065e-04
-3.266633138991892338e-04
3.580827638506889343e-02
6.372616440057754517e-02
-6.660667713731527328e-03
3.634467720985412598e-02
-3.925156313925981522e-03
1.950334198772907257e-02
-8.725426159799098969e-03
-2.308361977338790894e-02
-5.888762697577476501e-02
1.356290013063699007e-04
4.214626550674438477e-02
5.728354677557945251e-02
9.894221147987991571e-05
1.547818392282351851e-04
3.712018078658729792e-04
7.885191589593887329e-03
-1.503535360097885132e-02
9.747504442930221558e-02
-1.425583474338054657e-02
-1.244636718183755875e-02
5.371049419045448303e-02
-2.199393929913640022e-05
-1.236092299222946167e-02
4.840021952986717224e-03
9.155066218227148056e-04
3.283284895587712526e-04
3.969895839691162109e-02
8.640754967927932739e-03
3.272991627454757690e-02
3.040888905525207520e-02
2.747264225035905838e-03
3.056864067912101746e-02
9.227781556546688080e-03
8.171567320823669434e-02
1.732048811390995979e-03
1.076245307922363281e-02
2.259442582726478577e-02
3.815707191824913025e-02
3.374336753040552139e-03
5.443536117672920227e-02
1.444643363356590271e-02
2.050445042550563812e-02
2.412786334753036499e-02
2.957600634545087814e-03
7.770247757434844971e-02
4.749791696667671204e-02
3.727300092577934265e-02
1.035536751151084900e-01
6.264671217650175095e-03
7.518371939659118652e-02
5.986115708947181702e-02
1.011020615696907043e-01
1.270641223527491093e-03
1.065016314387321472e-01
5.478032678365707397e-02
8.136212825775146484e-02
2.260790951550006866e-02
4.329312592744827271e-02
6.404179334640502930e-02
7.571437209844589233e-02
2.080875076353549957e-02
6.446666270494461060e-02
6.045405194163322449e-02
4.113458469510078430e-02
5.597751215100288391e-02
1.329954713582992554e-02
6.464500725269317627e-02
5.672764405608177185e-02
6.537348777055740356e-02
9.174260497093200684e-02
4.035409167408943176e-02
7.995641976594924927e-02
8.521382510662078857e-02
2.892245911061763763e-02
6.672202050685882568e-02
1.034524366259574890e-01
1.550812972709536552e-03
5.965625122189521790e-02
5.648033227771520615e-03
1.255930308252573013e-02
8.503562957048416138e-02
3.684074152261018753e-03
3.492399677634239197e-02
1.854553818702697754e-02
1.604981534183025360e-02
2.444246970117092133e-02
5.230043083429336548e-02
1.818467676639556885e-02
7.377437502145767212e-02
2.384797297418117523e-02
1.795263774693012238e-02
5.538999289274215698e-02
2.708707004785537720e-02
1.081931218504905701e-02
3.990618139505386353e-02
2.290853112936019897e-02
3.443960740696638823e-04
8.833666145801544189e-02
1.056686451192945242e-04
1.009125821292400360e-02
4.704466089606285095e-02
9.383597970008850098e-02
3.877437848132103682e-04
2.962246909737586975e-02
3.076273424085229635e-05
4.051529685966670513e-04
3.488441184163093567e-02
2.628630900289863348e-04
6.709069013595581055e-02
8.751242421567440033e-03
4.829453676939010620e-02
1.645619922783225775e-04
1.587667502462863922e-02
5.256926640868186951e-02
1.657128706574440002e-02
3.248961642384529114e-02
2.770327555481344461e-04
8.401417289860546589e-04
8.994828094728291035e-04
1.158448794740252197e-04
4.801866132766008377e-03
4.013118520379066467e-02
4.256947722751647234e-04
4.383791019790805876e-05
5.609587533399462700e-04
5.591777153313159943e-03
3.644458483904600143e-04
1.484383392380550504e-04
3.582941717468202114e-04
1.672512851655483246e-02
5.509225279092788696e-02
8.097296085907146335e-05
3.219702048227190971e-04
-2.472296728228684515e-05
7.438685315719339997e-06
3.529698296915739775e-04
5.841322126798331738e-04
4.103573446627706289e-04
2.960262075066566467e-02
3.879163996316492558e-04
3.068085014820098877e-02
-6.973786366870626807e-05
1.149462550529278815e-04
-1.706004150037188083e-05
7.594961789436638355e-04
6.914055556990206242e-04
4.831432015635073185e-04
3.251955204177647829e-04
6.789287435822188854e-04
1.187881716759875417e-04
8.215309935621917248e-04
9.004813364299479872e-06
6.429434288293123245e-04
5.637439317069947720e-04
3.344537981320172548e-04
3.376620297785848379e-04
-3.643763193394988775e-05
4.968028515577316284e-04
4.153621848672628403e-04
1.001862692646682262e-04
3.057066642213612795e-04
4.692137881647795439e-04
5.475597572512924671e-04
1.988522417377680540e-04
-8.656052523292601109e-05
4.731511871796101332e-04
7.130795711418613791e-05
3.079390444327145815e-04
4.168369341641664505e-04
3.974384162575006485e-04
1.237165706697851419e-04
4.263878508936613798e-05
-5.600051372312009335e-05
2.886374131776392460e-04
2.828869619406759739e-04
5.752723081968724728e-04
3.210472059436142445e-04
1.806933869374915957e-04
2.279302570968866348e-04
