9.240482933819293976e-03
-8.400990627706050873e-03
-2.151734195649623871e-03
-8.987115696072578430e-03
-9.877358097583055496e-04
-1.259803771972656250e-02
-4.493598360568284988e-03
-1.015284284949302673e-02
-4.815900232642889023e-03
1.541336998343467712e-03
1.251253066584467888e-03
1.611782051622867584e-02
-1.384186930954456329e-02
-2.923806430771946907e-03
-1.305343699641525745e-03
-5.449464544653892517e-03
-1.512948703020811081e-02
-2.139915945008397102e-03
-9.157899185083806515e-04
-1.071293558925390244e-02
7.575197378173470497e-04
-5.487968679517507553e-03
1.492038369178771973e-03
1.047593075782060623e-02
2.151706488803029060e-03
8.001571521162986755e-03
4.961187019944190979e-03
4.677502438426017761e-02
-1.743375323712825775e-02
-6.970765534788370132e-03
9.700529044494032860e-04
1.577426306903362274e-02
-2.340418845415115356e-02
-1.101408619433641434e-02
-8.010123274289071560e-04
-9.607645333744585514e-04
3.037508344277739525e-03
-1.714949309825897217e-02
-3.997043706476688385e-03
-3.658945113420486450e-02
-1.204694621264934540e-02
-1.793923787772655487e-02
-2.917175181210041046e-02
-2.879308303818106651e-03
-5.163206718862056732e-03
-3.917033784091472626e-03
1.004188670776784420e-03
-9.910410270094871521e-03
-3.321938682347536087e-03
-1.465216744691133499e-02
-2.023623138666152954e-02
-6.283821538090705872e-03
-5.058656912297010422e-03
-6.656008772552013397e-03
-1.596016809344291687e-03
1.300650276243686676e-02
2.539195120334625244e-02
-3.676999476738274097e-04
-5.897528957575559616e-03
6.741405930370092392e-03
-2.475879341363906860e-02
-1.106303092092275620e-02
-2.044123783707618713e-02
-4.854650702327489853e-03
-2.044450677931308746e-02
-1.398054766468703747e-03
-1.319118891842663288e-03
4.441853147000074387e-03
1.257280702702701092e-03
5.989096243865787983e-04
-1.525464002043008804e-02
-1.124577876180410385e-02
-4.707638639956712723e-03
-1.126247271895408630e-02
-2.567287767305970192e-03
-1.172257494181394577e-02
-3.690770827233791351e-04
1.847150176763534546e-02
-1.409766380675137043e-03
-5.698942113667726517e-03
1.268703769892454147e-02
-4.215527791529893875e-03
-8.096701465547084808e-03
-5.557134281843900681e-03
-1.083443034440279007e-02
-1.549093052744865417e-02
2.925819903612136841e-02
-6.499353796243667603e-03
4.827357362955808640e-03
-1.512197218835353851e-02
4.565538838505744934e-03
-2.371127344667911530e-02
-1.671558618545532227e-02
-2.074535563588142395e-02
-3.332127630710601807e-02
-4.217812325805425644e-03
-5.295062903314828873e-03
1.068461802788078785e-03
-3.405917435884475708e-02
2.428984083235263824e-02
-3.763239085674285889e-02
-2.401169575750827789e-02
1.356055028736591339e-02
-2.277016639709472656e-02
-3.014807589352130890e-02
-1.644516712985932827e-03
-3.008384630084037781e-02
-1.832593604922294617e-02
7.608417421579360962e-03
-1.042584702372550964e-02
-1.113209966570138931e-02
-3.775320574641227722e-02
4.604246933013200760e-03
4.928127862513065338e-03
1.896960474550724030e-02
-1.427357364445924759e-02
2.932317554950714111e-03
-2.075665444135665894e-02
-3.985811769962310791e-02
3.176898136734962463e-02
8.646950125694274902e-03
-5.644440185278654099e-03
3.392958024051040411e-04
2.347851404920220375e-03
-6.914682220667600632e-03
-9.064181707799434662e-03
1.521934196352958679e-02
1.368835102766752243e-02
-7.902653887867927551e-03
2.797203697264194489e-02
1.444661617279052734e-02
-4.234711825847625732e-02
1.198668847791850567e-03
8.126389235258102417e-03
2.661540638655424118e-04
2.031479589641094208e-02
-1.545441243797540665e-02
-4.271175712347030640e-02
-9.362331591546535492e-03
1.114267855882644653e-02
1.702366396784782410e-03
2.673100680112838745e-02
-2.537072636187076569e-03
2.658539637923240662e-02
-5.529052112251520157e-03
2.210904471576213837e-02
1.185984537005424500e-02
-3.348887199535965919e-03
2.832434605807065964e-03
2.132979035377502441e-02
-1.833435334265232086e-02
1.713486760854721069e-02
8.029253035783767700e-02
1.610649377107620239e-02
1.183341629803180695e-02
-2.512031048536300659e-02
-4.181942902505397797e-03
2.306577935814857483e-02
-1.289162464672699571e-04
2.339608781039714813e-02
-2.483410015702247620e-02
-2.917620912194252014e-02
-1.265368517488241196e-02
6.515250541269779205e-03
2.209790050983428955e-02
5.087844282388687134e-02
3.169900923967361450e-02
-3.250810131430625916e-02
5.122349038720130920e-02
-1.285764854401350021e-02
-4.116158559918403625e-02
1.601756666786968708e-03
-8.541956543922424316e-02
-3.146781399846076965e-02
-3.062364086508750916e-02
-3.842492029070854187e-02
-2.291836403310298920e-02
2.046174928545951843e-02
-5.979639664292335510e-02
-2.715190500020980835e-02
-2.118203416466712952e-02
5.305287986993789673e-02
-2.685627527534961700e-02
-4.106381163001060486e-02
-5.059235170483589172e-02
-3.888152912259101868e-02
-1.120684668421745300e-02
2.208879915997385979e-03
-5.981497000902891159e-03
1.368832141160964966e-01
5.396319553256034851e-02
7.789834868162870407e-03
-3.428501263260841370e-02
4.504100978374481201e-02
4.857739061117172241e-02
4.426420480012893677e-02
-1.428225934505462646e-01
1.945764990523457527e-03
-8.409456908702850342e-02
-1.071145981550216675e-01
3.745973343029618263e-03
-1.435364224016666412e-02
-3.803811967372894287e-02
5.015729740262031555e-02
-1.033819839358329773e-01
-9.462843090295791626e-02
5.466623604297637939e-02
-1.552414428442716599e-02
3.058290481567382812e-02
-8.841910399496555328e-03
-5.629117041826248169e-02
-2.409283816814422607e-02
7.582352310419082642e-02
-2.252592146396636963e-02
1.186015084385871887e-02
2.174784988164901733e-02
-1.830833265557885170e-03
3.971500694751739502e-02
-4.416779801249504089e-02
6.409756839275360107e-03
-4.157681018114089966e-02
-9.338729083538055420e-03
4.582350142300128937e-03
-1.861436292529106140e-02
-4.493227601051330566e-02
9.082147851586341858e-03
-3.876123577356338501e-02
2.675936557352542877e-02
-1.509613171219825745e-02
3.227202221751213074e-02
2.086887694895267487e-02
-2.259102463722229004e-02
5.192831531167030334e-02
2.241044677793979645e-02
-2.432549558579921722e-02
-2.564530260860919952e-02
-2.313839737325906754e-03
-1.398198585957288742e-02
-1.076646056026220322e-02
1.657473668456077576e-02
-2.214111946523189545e-02
-3.778498992323875427e-02
1.267135888338088989e-02
2.668981254100799561e-02
-9.467877447605133057e-03
-1.067143678665161133e-02
1.782092824578285217e-02
2.179111819714307785e-03
-1.452976372092962265e-03
1.723517850041389465e-02
-1.477550715208053589e-02
2.557147294282913208e-03
-1.388833858072757721e-02
-3.457339480519294739e-02
3.703083097934722900e-02
1.892934925854206085e-02
4.092211276292800903e-02
-1.869226433336734772e-02
2.269211970269680023e-02
-8.202953264117240906e-03
-1.362892705947160721e-02
-9.226553142070770264e-03
1.374550174659816548e-05
7.128971163183450699e-03
-6.132266484200954437e-03
2.623658860102295876e-03
-1.146771758794784546e-02
-1.004825811833143234e-02
3.448785049840807915e-03
-2.548623085021972656e-02
5.059834569692611694e-03
-2.818355523049831390e-02
-2.538240049034357071e-03
6.822342984378337860e-03
-1.940318383276462555e-02
-2.812785562127828598e-03
-2.748566912487149239e-04
8.292309008538722992e-03
-1.149052660912275314e-02
-2.790817059576511383e-03
1.953653292730450630e-03
-3.697991371154785156e-02
1.314636226743459702e-02
5.560714751482009888e-02
-2.942299237474799156e-03
-5.189892253838479519e-04
-8.406825363636016846e-03
-2.674045599997043610e-02
-1.744186133146286011e-02
-2.418806590139865875e-02
2.649543341249227524e-03
-7.917332113720476627e-04
2.858744934201240540e-03
3.726243739947676659e-03
-3.012169152498245239e-02
-7.886781357228755951e-03
-2.673255652189254761e-02
6.692165974527597427e-03
3.314224630594253540e-02
-7.896037772297859192e-03
3.034505993127822876e-02
-4.196756985038518906e-03
5.264535080641508102e-03
5.183557514101266861e-03
-5.841059144586324692e-03
-2.430965751409530640e-02
-5.052507622167468071e-04
-1.914785057306289673e-02
-1.153636071830987930e-02
7.770124822854995728e-03
-1.506162527948617935e-02
-1.400882261805236340e-03
-1.545414235442876816e-02
4.825122188776731491e-03
-8.913099765777587891e-03
1.789374975487589836e-03
8.816361427307128906e-03
-1.304193679243326187e-02
-4.274747334420681000e-03
-1.125716045498847961e-02
-2.821845561265945435e-02
-1.590423984453082085e-03
5.895876791328191757e-03
-2.537209168076515198e-02
-1.833749189972877502e-02
-2.136249840259552002e-02
-2.341821417212486267e-02
-1.377039123326539993e-03
-6.861728616058826447e-03
-1.583989337086677551e-02
-5.015512928366661072e-03
-7.392693310976028442e-03
-1.873732730746269226e-02
-1.445638854056596756e-02
1.566012203693389893e-02
-1.752219535410404205e-02
-1.285770721733570099e-02
-7.796165533363819122e-03
-2.556394319981336594e-03
-2.838556282222270966e-02
-3.628436475992202759e-02
-5.282982252538204193e-03
-1.855839416384696960e-02
-4.349438007920980453e-03
-7.154743187129497528e-03
-1.739251054823398590e-02
-2.268124558031558990e-02
3.395096957683563232e-02
-7.079856470227241516e-03
-1.100718788802623749e-02
-2.015901915729045868e-02
1.521704066544771194e-02
-3.653997788205742836e-03
-5.460907518863677979e-02
6.888055941089987755e-04
2.873406372964382172e-02
4.588656127452850342e-03
2.953869290649890900e-02
-5.683380644768476486e-03
-8.070074021816253662e-03
2.310914220288395882e-03
-3.831056412309408188e-03
-8.587006479501724243e-03
-4.642430692911148071e-03
-1.373046170920133591e-02
-1.176957134157419205e-02
3.945062402635812759e-03
1.438712584786117077e-03
-8.511878550052642822e-03
1.198493782430887222e-02
-1.540262065827846527e-02
-1.689078402705490589e-03
-3.273416683077812195e-02
-1.061561610549688339e-02
-1.242575235664844513e-03
1.834876090288162231e-02
4.207758232951164246e-03
2.897143829613924026e-03
-1.241038786247372627e-03
1.461970433592796326e-02
-1.203116122633218765e-02
6.366346031427383423e-03
-6.930464506149291992e-02
-1.370679121464490891e-02
-3.929722006432712078e-04
-9.091202169656753540e-03
1.870786771178245544e-02
-5.983483861200511456e-04
1.650229655206203461e-02
-3.086171345785260201e-03
-5.842199083417654037e-03
-9.832949144765734673e-04
8.252552943304181099e-04
-4.324954934418201447e-03
-4.151891916990280151e-03
1.994377747178077698e-02
-7.354506291449069977e-03
-9.555207565426826477e-03
5.831728922203183174e-04
3.096993779763579369e-03
-1.092154718935489655e-02
