9.260747174266725779e-05
4.375316202640533447e-04
1.877039176179096103e-04
-5.675661377608776093e-04
9.596688869351055473e-06
3.428988202358596027e-05
-1.384569477522745728e-04
-9.427469922229647636e-05
-3.650796134024858475e-04
1.751205272739753127e-04
6.468124920502305031e-04
-3.827751497738063335e-04
-1.199401867779670283e-05
6.156249583000317216e-05
3.995005099568516016e-04
8.017568325158208609e-05
6.281386013142764568e-04
-4.731766603072173893e-05
1.061984294210560620e-04
-7.498539343941956758e-05
4.737595445476472378e-04
-4.985748819308355451e-05
-1.774089178070425987e-04
2.131240471499040723e-04
-1.756224264681804925e-05
6.188583211041986942e-04
1.406897208653390408e-04
-9.202276123687624931e-05
7.503335382352815941e-06
-5.117283435538411140e-04
3.129814867861568928e-04
2.076621749438345432e-04
2.169491490349173546e-04
-1.900734641822054982e-04
3.142970672342926264e-04
-5.269308894639834762e-05
-2.947157190646976233e-04
2.236097998320474289e-06
9.048556239577010274e-05
-1.034717206493951380e-04
3.387326141819357872e-04
1.388547534588724375e-04
7.149405428208410740e-05
-2.277694875374436378e-04
-2.604842593427747488e-04
1.079411304090172052e-04
7.646955200470983982e-04
7.743431342532858253e-05
6.783085991628468037e-04
2.498239337000995874e-04
1.940958609338849783e-04
2.766077232081443071e-04
-5.495007280842401087e-05
6.807279423810541630e-04
4.851499033975414932e-05
2.568426716607064009e-04
1.640615373617038131e-04
2.282392379129305482e-04
3.289845190010964870e-04
3.710869059432297945e-04
1.550545275676995516e-04
-5.145924296812154353e-05
2.447369479341432452e-05
1.772051909938454628e-04
1.378275046590715647e-04
2.278747706441208720e-04
4.445223894435912371e-04
-1.171257536043412983e-04
-2.452529734000563622e-04
-4.832057456951588392e-04
-4.186670121271163225e-04
-3.071232640650123358e-04
1.327793579548597336e-04
-9.187306204694323242e-06
1.370815734844654799e-04
7.784448098391294479e-05
-5.572829395532608032e-04
-1.854087022366002202e-04
1.899661147035658360e-04
-1.204200452775694430e-04
-4.914705641567707062e-04
8.999001147458329797e-05
1.104494076571427286e-04
-5.654457709169946611e-05
1.773820840753614902e-04
3.859394928440451622e-04
-1.731885713525116444e-04
1.304709876421838999e-04
-1.620982366148382425e-04
-1.453381701139733195e-04
-3.246157139074057341e-04
-4.472837026696652174e-04
-2.113966365868691355e-05
4.242390568833798170e-04
-1.646610471652820706e-04
9.541870531393215060e-05
2.266058254463132471e-05
-3.428795316722244024e-04
-3.488626680336892605e-04
1.587727019796147943e-04
1.440827763872221112e-04
1.478404301451519132e-04
-2.388995926594361663e-04
-2.490238111931830645e-04
-1.991382305277511477e-04
7.724566385149955750e-04
6.182919605635106564e-04
3.896576527040451765e-04
2.232357364846393466e-04
1.287929917452856898e-04
2.547828771639615297e-04
5.346997058950364590e-04
2.052958309650421143e-02
1.569834421388804913e-04
4.029493033885955811e-02
1.323717151535674930e-04
5.215283110737800598e-02
-1.499559293733909726e-04
7.478009164333343506e-02
-1.122475150623358786e-04
7.594427466392517090e-02
3.360212594270706177e-02
4.492505267262458801e-02
8.322208374738693237e-02
3.239705786108970642e-02
8.987387269735336304e-02
6.106506288051605225e-02
7.911126315593719482e-02
8.291789889335632324e-02
8.282708376646041870e-02
9.635123610496520996e-02
7.986988872289657593e-02
9.840591251850128174e-02
9.002330899238586426e-02
9.788515418767929077e-02
9.698244929313659668e-02
8.327512443065643311e-02
1.106838732957839966e-01
7.610488682985305786e-02
1.064344793558120728e-01
7.406115531921386719e-02
1.048852056264877319e-01
7.248307764530181885e-02
7.291840761899948120e-02
8.515779674053192139e-02
6.186599284410476685e-02
6.699819862842559814e-02
5.733555555343627930e-02
4.703449085354804993e-02
5.078591033816337585e-02
3.329657018184661865e-02
3.855020925402641296e-02
1.939958520233631134e-02
2.357441373169422150e-02
1.770693250000476837e-02
6.924006156623363495e-03
8.898587897419929504e-03
8.826419943943619728e-04
4.751181229948997498e-03
5.567347980104386806e-04
-5.695443178410641849e-06
6.520719034597277641e-04
1.031616586260497570e-03
1.192827359773218632e-03
4.052458971273154020e-04
4.955175099894404411e-04
6.419171695597469807e-04
3.064362390432506800e-04
9.598657488822937012e-04
6.482350290752947330e-04
6.234580650925636292e-04
1.189718139357864857e-03
2.917498932220041752e-04
-1.320621522609144449e-04
3.202043008059263229e-04
2.870697644539177418e-04
5.742501234635710716e-04
9.646284161135554314e-05
1.277182309422641993e-04
1.586913713254034519e-04
-1.413519930792972445e-04
-5.295726623444352299e-06
-9.239666542271152139e-05
8.777510811341926455e-05
2.129488566424697638e-04
-3.737506631296128035e-04
-6.265792762860655785e-04
-8.733431459404528141e-04
-8.786658327153418213e-06
-5.711881385650485754e-05
-5.266974912956357002e-04
-6.621193024329841137e-04
-5.765222012996673584e-04
-3.848157939501106739e-04
-5.836376221850514412e-04
-1.122477115131914616e-03
-1.568686915561556816e-03
-9.547295048832893372e-04
-1.077850931324064732e-03
-1.064989017322659492e-03
-1.120200497098267078e-03
-1.117036794312298298e-03
-1.194885699078440666e-03
-9.690752485767006874e-04
-1.210674759931862354e-03
-1.259608077816665173e-03
-1.324851997196674347e-03
-6.941836327314376831e-04
-8.193462272174656391e-04
-1.073610270395874977e-03
-1.010765903629362583e-03
-5.812711315229535103e-04
-6.841913564130663872e-04
-1.654752559261396527e-04
-6.840964197181165218e-04
-3.303995472379028797e-04
5.062901254859752953e-05
-4.254685336491093040e-05
-4.797117144335061312e-04
-2.009468153119087219e-04
3.936954890377819538e-04
3.400088753551244736e-04
-1.894803135655820370e-04
-3.888777864631265402e-04
-1.730402618704829365e-05
6.221481598913669586e-04
5.574927199631929398e-04
4.783424956258386374e-04
5.822107777930796146e-04
7.381024188362061977e-04
1.124404137954115868e-03
4.448942199815064669e-04
2.827876887749880552e-04
2.315281162736937404e-04
5.981066497042775154e-04
4.169048334006220102e-04
2.155825495719909668e-04
3.243904502596706152e-04
1.417990715708583593e-04
5.082756397314369678e-04
3.233135794289410114e-04
4.160084354225546122e-04
2.037867438048124313e-03
1.217463868670165539e-03
8.190799504518508911e-03
1.022755261510610580e-02
1.959330216050148010e-02
1.688192971050739288e-02
2.908814698457717896e-02
3.269363194704055786e-02
3.148748725652694702e-02
4.962749406695365906e-02
3.841708973050117493e-02
6.796864420175552368e-02
5.187761783599853516e-02
7.303220778703689575e-02
7.212170958518981934e-02
6.994614750146865845e-02
9.087107330560684204e-02
6.998111307621002197e-02
9.124851226806640625e-02
9.523552656173706055e-02
6.812565773725509644e-02
1.270273625850677490e-01
5.672657117247581482e-02
1.203019618988037109e-01
8.046207576990127563e-02
1.088079288601875305e-01
8.998116105794906616e-02
8.399557322263717651e-02
1.053259223699569702e-01
6.612779945135116577e-02
9.180796146392822266e-02
6.774085760116577148e-02
7.586433738470077515e-02
6.819228827953338623e-02
7.007168233394622803e-02
4.428738728165626526e-02
6.014918163418769836e-02
4.905073717236518860e-02
3.218301385641098022e-02
6.360538303852081299e-02
3.608500817790627480e-03
6.343161314725875854e-02
4.118206852581351995e-04
4.129242897033691406e-02
2.527126343920826912e-04
3.257774282246828079e-03
6.214389577507972717e-03
4.533216997515410185e-04
3.668129793368279934e-04
3.088355297222733498e-04
4.641131672542542219e-04
5.950325285084545612e-04
1.734414581733290106e-05
3.022624150617048144e-05
1.943752722581848502e-04
-3.167269169352948666e-04
-3.574130532797425985e-04
1.359484595013782382e-04
7.082633674144744873e-04
2.172274107579141855e-04
2.165068435715511441e-04
1.371198886772617698e-04
1.610643084859475493e-05
1.210421978612430394e-04
-6.347949965856969357e-05
-3.471927193459123373e-04
-2.329396520508453250e-04
-2.618200960569083691e-04
-1.526060077594593167e-04
-1.624020660528913140e-04
2.551456564106047153e-04
9.282885730499401689e-05
-1.151344040408730507e-04
-4.296870320104062557e-04
7.607830775668844581e-05
1.986229035537689924e-04
6.353564822347834706e-05
-3.510992100927978754e-04
7.794265548000112176e-05
3.359377442393451929e-04
3.611328429542481899e-04
1.442548091290518641e-04
2.086948516080155969e-04
6.896937702549621463e-05
4.558791115414351225e-04
2.353642194066196680e-04
-1.074691972462460399e-04
2.335321332793682814e-04
3.301064716652035713e-04
1.245173043571412563e-04
-2.739497867878526449e-04
-2.673002309165894985e-04
-3.048760991077870131e-04
2.580169821158051491e-04
-9.044360194820910692e-05
3.210913564544171095e-04
-9.168279939331114292e-05
-2.511646307539194822e-04
2.891697513405233622e-04
5.611732485704123974e-04
3.586724924389272928e-04
-7.073297456372529268e-05
5.436191349872387946e-05
-5.973485895083285868e-05
6.064204499125480652e-04
-5.230807582847774029e-04
-5.101591159473173320e-05
3.337803063914179802e-04
-3.309353196527808905e-04
-4.241655115038156509e-04
-9.078862058231607080e-05
3.330750041641294956e-05
2.015550999203696847e-04
1.901764917420223355e-04
1.569774321978911757e-04
8.712981798453256488e-05
1.887720572995021939e-04
-7.536813063779845834e-05
1.466747780796140432e-04
2.913791395258158445e-04
4.999782540835440159e-04
-2.016255530179478228e-05
2.363146195420995355e-04
5.725052687921561301e-05
1.604649878572672606e-04
2.130721259163692594e-04
1.953849714482203126e-04
5.983220034977421165e-05
-1.779903641363489442e-06
1.813890958146657795e-05
-1.139629748649895191e-04
4.276976396795362234e-04
2.929780748672783375e-04
3.822300641331821680e-04
1.044334276230074465e-04
-8.527209865860641003e-04
3.916213463526219130e-04
-3.689857112476602197e-05
-3.429646676522679627e-05
-3.591058193705976009e-04
1.933590647240635008e-05
-6.947991641936823726e-05
6.971373222768306732e-04
1.786670327419415116e-04
-6.040619336999952793e-04
3.078300505876541138e-04
-1.626938901608809829e-04
-1.093617393053136766e-04
8.094138465821743011e-04
-1.449318806407973170e-04
-3.696425847010686994e-05
-3.570536209736019373e-04
4.252161670592613518e-05
5.665858625434339046e-04
-5.514350050361827016e-05
2.940229896921664476e-04
-1.662534486968070269e-04
-1.341779134236276150e-04
-1.051219645887613297e-03
