-9.139814210357144475e-05
-3.224645275622606277e-03
-2.306637819856405258e-03
-3.639436094090342522e-03
1.916084787808358669e-03
1.149998279288411140e-03
-4.284007009118795395e-03
-1.442072098143398762e-03
-3.267177147790789604e-03
1.173374243080615997e-02
-8.713326416909694672e-03
-1.085875905118882656e-03
-4.037900827825069427e-03
-2.798227127641439438e-03
-3.954307641834020615e-03
-7.230996619910001755e-03
-9.167595766484737396e-03
-1.188329886645078659e-02
-2.298253588378429413e-03
-2.145686885342001915e-03
-2.246600342914462090e-03
-2.968849148601293564e-03
-1.632179878652095795e-02
-7.785782683640718460e-03
-4.057266283780336380e-03
-7.548358757048845291e-03
4.607287701219320297e-05
-3.643010510131716728e-03
-2.978503471240401268e-03
-6.828806363046169281e-03
-4.189972765743732452e-03
-6.552036385983228683e-03
-4.108794091735035181e-04
-1.703776419162750244e-03
-1.500499784015119076e-03
-9.081180207431316376e-03
-4.055696481373161077e-04
-3.239630907773971558e-02
-7.317227311432361603e-03
-5.181521177291870117e-03
-5.815612152218818665e-03
-4.004615824669599533e-03
-7.557622157037258148e-03
-3.246144857257604599e-03
-9.278272278606891632e-03
-1.361705269664525986e-02
-4.762617871165275574e-03
-7.485087495297193527e-03
-9.072743356227874756e-03
-1.467134617269039154e-02
-5.251838359981775284e-03
-8.410782553255558014e-03
-1.327616907656192780e-02
-1.166786253452301025e-02
-2.798010129481554031e-03
-3.626929596066474915e-03
-2.715653972700238228e-03
-4.772993735969066620e-03
-1.436346117407083511e-02
-8.527046069502830505e-03
-9.970650076866149902e-03
-1.746283471584320068e-02
-9.244402870535850525e-03
-1.446789875626564026e-02
3.658808069303631783e-03
-6.261608563363552094e-03
-5.621397867798805237e-03
3.539499826729297638e-03
-3.167557995766401291e-03
-6.308026495389640331e-04
-6.525092292577028275e-03
-9.869305416941642761e-03
4.417513497173786163e-03
-4.716537520289421082e-02
-7.149887736886739731e-03
-2.068938314914703369e-02
-2.763354685157537460e-03
2.872676029801368713e-02
-2.003321796655654907e-02
1.002912130206823349e-02
4.299513995647430420e-03
-7.074460387229919434e-03
-8.409381844103336334e-03
-3.790695045609027147e-04
-9.772036224603652954e-03
-5.875893402844667435e-04
-5.871204659342765808e-03
-2.205261494964361191e-03
1.068126410245895386e-02
2.539258275646716356e-04
6.266026291996240616e-03
-4.787431564182043076e-03
3.191568655893206596e-03
-1.213529333472251892e-02
1.229265145957469940e-02
-1.231107115745544434e-02
-4.337216261774301529e-03
-7.262820145115256310e-04
9.953225962817668915e-04
-4.112522583454847336e-03
4.692844115197658539e-03
1.415210426785051823e-03
-1.092103403061628342e-02
2.857286948710680008e-03
-2.398912562057375908e-03
3.530152142047882080e-03
1.053893472999334335e-03
1.853009499609470367e-02
5.615892633795738220e-02
1.844145357608795166e-02
1.505362149327993393e-02
-1.763364486396312714e-02
5.803750827908515930e-03
3.608726197853684425e-03
7.020082790404558182e-03
2.967436425387859344e-02
5.851135123521089554e-03
-5.168272648006677628e-03
-2.112646773457527161e-02
2.346650697290897369e-03
2.306295000016689301e-02
-1.016706507652997971e-02
1.410890021361410618e-03
6.901214364916086197e-04
1.222443860024213791e-02
4.991439171135425568e-03
1.923867315053939819e-02
1.136739458888769150e-02
-1.814012229442596436e-02
-8.106998866423964500e-04
1.336211245507001877e-02
1.427554525434970856e-02
-2.405624091625213623e-02
1.548278331756591797e-02
6.475533358752727509e-03
-2.566478215157985687e-02
-1.250214502215385437e-02
-1.249590516090393066e-02
-1.384326443076133728e-02
-1.456695143133401871e-02
1.139823906123638153e-02
-1.765573024749755859e-02
1.637194305658340454e-03
5.922137200832366943e-02
-2.459593862295150757e-02
-1.684080250561237335e-02
-1.029030326753854752e-02
9.491248056292533875e-03
-1.985263545066118240e-03
3.192430734634399414e-02
-1.301114168018102646e-02
2.975978422909975052e-03
-9.215223253704607487e-04
8.332987636094912887e-05
-1.930344291031360626e-02
-1.622700219741091132e-04
-4.676381871104240417e-02
-2.415485121309757233e-02
-2.807571087032556534e-03
4.070518165826797485e-02
2.062825299799442291e-02
1.520671881735324860e-02
5.174009874463081360e-02
1.171825081110000610e-02
-2.605610899627208710e-02
1.734567806124687195e-02
3.457499295473098755e-02
-1.905233785510063171e-02
1.967409253120422363e-02
2.243881113827228546e-03
4.737774282693862915e-02
-2.279387973248958588e-02
-3.635870665311813354e-02
1.167292334139347076e-02
2.974207699298858643e-02
-1.100236922502517700e-02
5.696783959865570068e-02
2.113306522369384766e-02
2.975583449006080627e-02
-3.554406762123107910e-02
9.307195432484149933e-03
4.115322604775428772e-03
-1.771461451426148415e-03
6.211980059742927551e-02
2.592076361179351807e-02
-1.801563426852226257e-02
-5.979962274432182312e-02
4.231726750731468201e-02
4.451323300600051880e-02
-1.026878412812948227e-02
5.631896853446960449e-02
1.028180960565805435e-02
4.206029698252677917e-02
-2.308186143636703491e-02
-6.542606651782989502e-02
-3.133948519825935364e-02
-4.157345369458198547e-02
4.610893502831459045e-02
8.663068525493144989e-03
-3.385540843009948730e-02
-8.249565958976745605e-02
-1.833612658083438873e-02
-6.676489859819412231e-02
-2.962450310587882996e-02
5.685114488005638123e-02
-4.797765612602233887e-02
-1.138284057378768921e-01
8.128949999809265137e-02
-9.995964169502258301e-02
-5.162637680768966675e-03
-5.333648528903722763e-03
-9.217581711709499359e-03
-2.157467417418956757e-02
1.470046490430831909e-02
3.407387062907218933e-02
-1.873626001179218292e-02
-3.026171028614044189e-02
6.297038495540618896e-02
-2.441289648413658142e-02
-3.129016235470771790e-02
1.577099552378058434e-03
-6.831508874893188477e-02
3.726281970739364624e-02
2.622100524604320526e-02
-2.916681207716464996e-02
1.055234391242265701e-02
1.470067421905696392e-03
-5.509029328823089600e-02
-3.903798758983612061e-02
3.431384637951850891e-02
2.273666858673095703e-02
5.031852051615715027e-02
-3.412382304668426514e-02
5.845726002007722855e-03
-3.060138411819934845e-02
-7.165668066591024399e-03
2.112187631428241730e-02
2.300866320729255676e-02
2.962931431829929352e-02
-2.295292541384696960e-02
1.934109604917466640e-03
-3.212682902812957764e-02
-2.867291681468486786e-02
9.495981037616729736e-03
1.315208058804273605e-02
-1.686027087271213531e-02
-9.918387047946453094e-03
-1.886622980237007141e-02
-3.183304518461227417e-02
4.025920480489730835e-02
-1.098731998354196548e-02
2.110007964074611664e-02
1.169879827648401260e-02
2.189294202253222466e-03
3.911613021045923233e-03
4.927436821162700653e-03
1.125571597367525101e-02
1.132603082805871964e-02
-1.011674571782350540e-02
-1.376028358936309814e-02
-1.397989504039287567e-02
-2.399320527911186218e-02
-1.389083825051784515e-02
-3.478404600173234940e-03
1.870368793606758118e-02
-2.925609797239303589e-02
6.488686427474021912e-03
-7.795339333824813366e-04
7.240550476126372814e-04
-3.694042190909385681e-02
2.662301994860172272e-03
-7.084657903760671616e-03
7.506983820348978043e-03
-1.147716958075761795e-02
-6.324633490294218063e-03
-1.404778938740491867e-02
-1.867288909852504730e-02
-3.055311273783445358e-03
-7.003740221261978149e-02
-1.347790472209453583e-02
-7.423673290759325027e-03
2.557077072560787201e-02
-3.514984622597694397e-03
-2.094205841422080994e-02
-2.962288446724414825e-03
2.503405092284083366e-03
-5.158759187906980515e-03
9.711110615171492100e-04
5.182609427720308304e-03
2.923360560089349747e-03
-1.672182790935039520e-02
-5.126263946294784546e-03
-1.143520418554544449e-02
1.079716440290212631e-02
-4.024683032184839249e-03
-1.056804414838552475e-02
-1.181512326002120972e-02
-1.427266746759414673e-03
-1.209177356213331223e-02
-5.470424890518188477e-03
1.659164950251579285e-02
-4.389321431517601013e-03
-3.345937933772802353e-03
1.078297104686498642e-02
-1.562991738319396973e-02
-1.950053498148918152e-02
-8.432965725660324097e-03
8.174800314009189606e-03
1.523961313068866730e-02
-7.342827040702104568e-03
-7.210846990346908569e-03
7.071542087942361832e-03
9.442970156669616699e-03
-3.923452645540237427e-02
8.103491738438606262e-03
-3.664197400212287903e-03
-5.086019635200500488e-03
-6.106823217123746872e-03
-1.074298471212387085e-02
-1.084242388606071472e-02
-4.625601321458816528e-02
-2.103220857679843903e-02
3.090752474963665009e-02
-8.704432286322116852e-03
-9.231526404619216919e-03
7.387151126749813557e-04
-1.272927969694137573e-02
-6.762492470443248749e-03
-1.522278040647506714e-02
-9.444076567888259888e-03
-1.378896087408065796e-02
-3.828056214842945337e-04
1.115999929606914520e-02
-1.177257578819990158e-02
-7.580149453133344650e-03
-6.952454335987567902e-03
-9.902521967887878418e-03
1.594629575265571475e-04
-1.655243802815675735e-03
-1.167072355747222900e-02
-1.296192128211259842e-02
-6.399852689355611801e-03
2.263152273371815681e-03
-1.527842972427606583e-02
-1.170040201395750046e-02
-9.098237380385398865e-03
-7.901424542069435120e-03
-1.220049336552619934e-02
-1.023827027529478073e-02
-6.976918317377567291e-03
-8.826038800179958344e-03
-2.369667030870914459e-02
-1.451208349317312241e-02
-1.732677407562732697e-02
-6.218278314918279648e-03
-5.142264533787965775e-03
-4.190304782241582870e-03
-5.174068734049797058e-03
-3.556349081918597221e-03
-4.943592473864555359e-03
-5.105895455926656723e-03
-5.948801524937152863e-03
-4.945110063999891281e-03
1.235373690724372864e-02
-2.023080363869667053e-03
-3.698255633935332298e-03
-4.874513484537601471e-03
-1.068531814962625504e-02
-5.010166205465793610e-03
-7.777783554047346115e-03
2.389512257650494576e-03
-5.234801024198532104e-02
-1.089874561876058578e-02
-1.116473786532878876e-02
-7.841777056455612183e-03
-4.563252441585063934e-03
-7.718931417912244797e-03
-5.906939506530761719e-03
-1.140325050801038742e-02
-5.978718400001525879e-03
-6.991778034716844559e-03
-4.389477428048849106e-03
-6.549101322889328003e-03
-3.693540580570697784e-03
-6.764095276594161987e-03
-4.276559688150882721e-03
-3.981179092079401016e-03
-9.351465851068496704e-03
-1.272927597165107727e-02
-3.241584054194390774e-04
-7.629451807588338852e-03
-2.313227858394384384e-03
-6.537718232721090317e-03
-4.680351354181766510e-03
-6.678116042166948318e-03
-4.472710657864809036e-03
-4.158499184995889664e-03
1.336243655532598495e-02
-2.696212846785783768e-03
-3.749058581888675690e-03
4.803854506462812424e-03
