-7.005195366218686104e-04
-4.402855120133608580e-04
2.981029974762350321e-04
-5.967907491140067577e-04
-8.909991011023521423e-04
-6.309743039309978485e-04
3.995158767793327570e-04
-5.169809446670114994e-04
1.413727150065824389e-04
-4.011399869341403246e-04
-3.663716488517820835e-04
-2.020075189648196101e-04
3.140505668852711096e-06
-3.189220442436635494e-04
4.755285772262141109e-05
1.082884191418997943e-04
2.974683884531259537e-04
6.239568465389311314e-04
-3.670163860078901052e-04
-7.454031583620235324e-05
1.019732662825845182e-04
-5.191233940422534943e-04
1.932696322910487652e-04
-1.386824806104414165e-05
5.863855476491153240e-04
-2.059063699562102556e-04
6.596533930860459805e-04
4.994049668312072754e-04
4.432002242538146675e-06
2.336231846129521728e-04
9.960366878658533096e-05
2.423054684186354280e-04
-6.548079545609652996e-04
7.028181425994262099e-05
-5.149625940248370171e-04
-6.438678828999400139e-04
1.890467974590137601e-04
1.597114605829119682e-04
-4.910130883217789233e-05
-2.706267878238577396e-05
-2.917048695962876081e-04
2.269165415782481432e-04
4.489702405408024788e-04
7.696077227592468262e-04
-3.130075638182461262e-04
2.212233957834541798e-04
5.171374650672078133e-04
-2.616425044834613800e-04
-1.837209856603294611e-04
2.345242974115535617e-04
-4.567170399241149426e-04
-2.950885027530603111e-05
5.086071323603391647e-04
-4.954284522682428360e-04
2.636761055327951908e-04
-3.664715331979095936e-04
-1.468844420742243528e-04
-2.113423397531732917e-04
-4.648097456083633006e-05
-4.299589272704906762e-05
-5.755551392212510109e-04
-3.088482480961829424e-04
-2.773331070784479380e-04
5.282778874970972538e-04
2.450637475703842938e-05
-3.451556767686270177e-05
-4.901475622318685055e-04
4.390023823361843824e-04
5.092665087431669235e-04
-6.226330297067761421e-04
-1.866722595877945423e-04
-3.349597973283380270e-04
-1.819250755943357944e-04
2.691193949431180954e-04
2.834964834619313478e-04
-9.057525312528014183e-05
-4.770768282469362020e-04
1.990852179005742073e-04
1.968677825061604381e-04
2.841925197571981698e-05
5.451675388030707836e-04
3.900229348801076412e-04
-1.115347695304080844e-04
4.198533424641937017e-04
-1.876305759651586413e-04
8.002379909157752991e-04
4.800428869202733040e-04
-1.841595367295667529e-04
5.842015380039811134e-04
1.018807757645845413e-03
3.828724147751927376e-04
-6.631723372265696526e-04
-3.958967863582074642e-05
7.580514647997915745e-04
1.483286730945110321e-03
-2.241650072392076254e-04
-1.892535656224936247e-04
-3.044981167477089912e-05
-8.954977965913712978e-04
4.796861503564286977e-07
7.137074717320501804e-04
-1.138370600529015064e-03
-1.044009812176227570e-03
6.813898653490468860e-05
5.334126763045787811e-04
1.280521682929247618e-04
-6.134205032140016556e-04
-5.805328255519270897e-04
-2.823967661242932081e-04
-1.642112969420850277e-03
-5.637067370116710663e-04
-2.841482928488403559e-04
5.782522493973374367e-04
4.406956213642843068e-05
1.469635608373209834e-04
-1.364647876471281052e-03
-1.513443770818412304e-03
-1.374587882310152054e-03
-1.301905023865401745e-03
-7.273908704519271851e-04
-7.724763127043843269e-04
-1.024884622893296182e-04
5.189761868678033352e-04
-1.168859773315489292e-03
-4.691470239777117968e-04
-6.094693671911954880e-04
-5.749189876951277256e-04
-1.905482611618936062e-03
5.432243924587965012e-04
1.415937440469861031e-04
-1.351091195829212666e-03
-3.994997532572597265e-04
-6.464552716352045536e-04
9.392019128426909447e-04
7.066781981848180294e-04
-1.487174158683046699e-04
-9.063071920536458492e-04
-6.891386583447456360e-04
-1.433466561138629913e-03
-1.060322509147226810e-03
1.265240251086652279e-03
1.733689918182790279e-03
4.264286544639617205e-04
4.396904550958424807e-04
5.594398826360702515e-04
4.612041229847818613e-04
-1.740174018777906895e-03
1.963425529538653791e-05
3.803723084274679422e-04
-4.229026671964675188e-04
-7.552080205641686916e-04
7.922124350443482399e-04
-5.710656114388257265e-05
-1.616402412764728069e-03
-4.969580913893878460e-04
-9.783663554117083549e-04
2.899898390751332045e-04
5.324489902704954147e-04
1.207453780807554722e-03
1.605874858796596527e-03
9.313686750829219818e-03
9.452683851122856140e-03
3.041063807904720306e-02
2.931103296577930450e-02
3.878004848957061768e-02
5.321418121457099915e-02
6.063235178589820862e-02
7.167657464742660522e-02
8.337766677141189575e-02
9.283158183097839355e-02
1.043850332498550415e-01
1.121056750416755676e-01
1.227320805191993713e-01
1.259229779243469238e-01
1.330354809761047363e-01
1.345648169517517090e-01
1.362001448869705200e-01
1.296370774507522583e-01
1.283807605504989624e-01
1.203810274600982666e-01
1.088913977146148682e-01
9.203198552131652832e-02
7.699219137430191040e-02
5.981064587831497192e-02
4.131161794066429138e-02
2.503174170851707458e-02
1.531260460615158081e-02
1.200475730001926422e-03
2.765550743788480759e-04
1.541375240776687860e-04
7.284377934411168098e-04
1.480499748140573502e-03
1.772685907781124115e-03
7.718142005614936352e-04
5.403867922723293304e-03
1.235253293998539448e-03
2.051876945188269019e-04
6.765985745005309582e-04
-1.625483564566820860e-04
-5.391400554799474776e-05
1.043487689457833767e-03
4.148730949964374304e-04
5.012911860831081867e-04
6.102797924540936947e-04
7.289537461474537849e-04
7.316249684663489461e-05
3.592886030673980713e-03
5.740511231124401093e-03
3.907894133590161800e-04
-1.728362549329176545e-04
2.559229687904007733e-05
-3.302659024484455585e-04
6.224654498510062695e-04
9.340821998193860054e-04
1.101323775947093964e-02
2.571930550038814545e-02
4.254555702209472656e-02
5.922672525048255920e-02
8.034642785787582397e-02
9.288986772298812866e-02
1.070056557655334473e-01
1.195958256721496582e-01
1.300625950098037720e-01
1.314922273159027100e-01
1.380168646574020386e-01
1.350765973329544067e-01
1.343968361616134644e-01
1.271604150533676147e-01
1.224763393402099609e-01
1.102886721491813660e-01
1.043494120240211487e-01
9.019977599382400513e-02
8.215619623661041260e-02
7.291153818368911743e-02
6.018427386879920959e-02
5.643626675009727478e-02
4.162391275167465210e-02
4.132422804832458496e-02
1.883244514465332031e-02
1.788652874529361725e-02
4.473878070712089539e-03
2.836858853697776794e-03
2.447476610541343689e-03
4.119063960388302803e-04
5.133055310579948127e-05
-3.519219753798097372e-04
1.751989912008866668e-04
-2.547153853811323643e-04
-1.338546135229989886e-04
-4.607528971973806620e-04
-3.777066012844443321e-04
1.987560826819390059e-04
-1.775523123797029257e-04
-9.243370732292532921e-04
-1.154616824351251125e-03
-2.504718722775578499e-04
6.121864425949752331e-04
5.559034179896116257e-04
2.642185136210173368e-04
-2.040445688180625439e-04
-9.661051444709300995e-04
-1.079604335245676339e-04
-7.403079653158783913e-04
-4.448828694876283407e-04
-1.518392586149275303e-03
-9.474376565776765347e-04
4.307504277676343918e-04
-1.049261700245551765e-04
-1.326744910329580307e-03
6.407452747225761414e-04
-7.315840775845572352e-05
5.221960018388926983e-04
-9.718315559439361095e-04
-2.093474846333265305e-03
-1.280390424653887749e-04
-7.302864687517285347e-04
-1.718225757940672338e-05
-6.922435568412765861e-05
-4.307745257392525673e-04
-1.526167849078774452e-03
-1.000388292595744133e-03
-1.550728920847177505e-04
-6.431078072637319565e-04
1.715302059892565012e-04
-4.929609131067991257e-04
-5.450018798001110554e-04
-3.133583231829106808e-05
-7.378386799246072769e-04
-6.581306806765496731e-04
2.177460992243140936e-04
-9.943308541551232338e-04
-1.499491161666810513e-03
-4.977243370376527309e-04
-9.664698736742138863e-04
-4.385199281387031078e-04
1.015907968394458294e-03
-1.112277153879404068e-03
-3.319471143186092377e-04
-7.633140194229781628e-05
-4.445553058758378029e-04
-9.507975773885846138e-04
7.210064795799553394e-04
-6.430577486753463745e-04
4.443178768269717693e-04
3.012882370967417955e-04
6.795501685701310635e-04
3.648700949270278215e-04
2.018250524997711182e-04
6.457456620410084724e-04
9.387211175635457039e-04
5.859502125531435013e-04
6.141976336948573589e-04
1.012561027891933918e-03
-5.628989310935139656e-05
7.267855107784271240e-05
4.326703492552042007e-04
-1.681158086284995079e-03
3.911043750122189522e-04
2.725038793869316578e-04
-7.554705953225493431e-04
3.579235053621232510e-04
-1.751840900396928191e-04
3.784465297940187156e-05
4.469922860153019428e-04
-1.704496680758893490e-04
6.275751275097718462e-06
9.516235149931162596e-05
-2.375316107645630836e-04
1.218846300616860390e-04
9.754292550496757030e-04
5.553963128477334976e-04
2.487382153049111366e-04
3.860519791487604380e-04
2.499883994460105896e-04
-6.006516923662275076e-05
-1.318880240432918072e-04
6.006256808177568018e-05
-6.064979825168848038e-04
2.727295795921236277e-04
-3.813788498518988490e-05
9.075859561562538147e-04
8.383563545066863298e-05
7.494525634683668613e-04
4.916820762446150184e-05
7.109678699634969234e-04
-8.120492566376924515e-04
-4.416302836034446955e-04
5.616039852611720562e-04
-2.835916529875248671e-04
4.689725756179541349e-04
-1.616638037376105785e-04
8.285695221275091171e-04
-1.858669420471414924e-04
2.337436853849794716e-05
7.726230251137167215e-05
-3.143226786050945520e-04
1.154265992227010429e-04
-1.145851711044088006e-04
1.092434540623798966e-04
-3.989923279732465744e-04
3.213820455130189657e-04
5.238826270215213299e-04
-1.851725974120199680e-04
-2.007681541726924479e-05
-2.625119523145258427e-04
2.992652298416942358e-04
1.225126907229423523e-04
1.850320986704900861e-04
1.380030735163018107e-04
7.250547787407413125e-05
-1.517447526566684246e-04
3.518910380080342293e-04
6.434441311284899712e-04
2.051379124168306589e-05
-8.302621426992118359e-05
-3.443367895670235157e-04
-3.164865192957222462e-04
-1.708755880827084184e-04
3.344817960169166327e-04
3.085530479438602924e-04
-3.793651994783431292e-04
-2.175710105802863836e-04
5.813785246573388577e-04
3.439567808527499437e-04
6.093630217947065830e-04
-6.633702432736754417e-04
2.846998104359954596e-04
-4.465427773538976908e-04
3.287923755124211311e-04
-4.968841094523668289e-04
-9.379048715345561504e-04
6.296280771493911743e-04
-4.405962245073169470e-04
2.107946347678080201e-04
1.400655019097030163e-04
-2.155694965040311217e-04
1.657510438235476613e-04
1.257655821973457932e-05
-8.746469975449144840e-04
1.042329240590333939e-03
-2.020376996370032430e-04
