3.141351626254618168e-04
1.901172072393819690e-04
-3.483626060187816620e-04
-6.894262623973190784e-04
-7.263172301463782787e-04
-2.827681310009211302e-04
4.049882409162819386e-04
-6.758096278645098209e-04
-9.298847871832549572e-04
7.420167094096541405e-05
-7.414651336148381233e-04
2.812402381096035242e-04
-4.787612415384501219e-04
-5.514115327969193459e-04
4.665188898798078299e-04
-2.804109535645693541e-04
-8.684682543389499187e-04
-2.345773682463914156e-04
-4.825784999411553144e-04
-4.934484022669494152e-04
5.235204007476568222e-04
1.894317829282954335e-04
-3.815014497376978397e-04
-2.561088476795703173e-04
-1.086961916030304565e-07
3.819618141278624535e-04
-5.891101900488138199e-04
-1.031392384902574122e-04
-2.715331793297082186e-04
-4.211735213175415993e-04
-7.730143261142075062e-05
-1.112507525249384344e-04
-2.202805917477235198e-04
-1.453388977097347379e-04
-1.877470640465617180e-04
-4.117808421142399311e-04
-2.530518977437168360e-04
-3.507177170831710100e-04
-1.081356822396628559e-04
-1.116452622227370739e-04
1.225478627020493150e-05
-1.650669437367469072e-04
3.321882104501128197e-04
-1.473814563723863102e-07
5.054968278273008764e-05
4.672497161664068699e-04
-1.211199924000538886e-04
-2.025039430009201169e-04
1.227433240273967385e-04
-2.623376785777509212e-04
-1.005855883704498410e-04
-7.512773154303431511e-04
-4.817732842639088631e-04
-1.471151190344244242e-04
1.712983212200924754e-04
-3.888508217642083764e-05
-6.072171527193859220e-05
2.240058347524609417e-05
-4.246237222105264664e-05
-3.067686629947274923e-04
-4.333483229856938124e-04
-3.707843134179711342e-04
-4.119067161809653044e-04
-2.788904821500182152e-04
-3.768617170862853527e-04
-4.175534413661807775e-04
-4.548286087810993195e-04
-2.713748699534335174e-06
-1.526173291495069861e-04
-4.548325086943805218e-04
1.571939792484045029e-04
-7.475604070350527763e-05
1.817020965972915292e-04
-4.047799448017030954e-04
-2.392616588622331619e-04
8.077082020463421941e-05
1.978125364985316992e-04
-8.082461863523349166e-05
-4.737185954581946135e-04
4.564992195810191333e-05
-2.720686316024512053e-04
-1.985693670576438308e-04
1.135702332248911262e-04
-4.379980382509529591e-04
-3.381489950697869062e-04
-4.565693088807165623e-04
-1.622537965886294842e-04
-1.765345950843766332e-04
1.587068400112912059e-04
-3.420844441279768944e-04
-2.352511364733800292e-04
1.656325039220973849e-04
1.807482185540720820e-04
9.021651931107044220e-05
-2.746981626842170954e-04
-1.593086053617298603e-04
9.466888877796009183e-05
-2.704572980292141438e-04
-3.628093400038778782e-04
-6.285704876063391566e-05
3.085529169766232371e-05
-3.806674794759601355e-04
-4.595734644681215286e-04
6.841197318863123655e-05
-3.312594781164079905e-04
-3.399078559596091509e-04
-1.374749263050034642e-04
-2.846781280823051929e-04
4.023245492135174572e-05
1.058769339579157531e-04
2.618367943796329200e-05
1.452312571927905083e-04
-2.056875237030908465e-04
-2.130478242179378867e-04
-6.678935460513457656e-05
-6.283725815592333674e-05
-3.061264869756996632e-04
9.354417124995961785e-05
-2.339622187719214708e-05
-9.236444748239591718e-05
-2.838840300682932138e-04
-3.604024532251060009e-04
-3.082843322772532701e-04
-3.195044992025941610e-04
-1.814555434975773096e-04
3.464300534687936306e-04
7.104544056346639991e-05
8.424522820860147476e-04
8.412390947341918945e-03
4.590003285557031631e-03
1.493951585143804550e-02
3.129127249121665955e-02
1.484396029263734818e-02
3.678313642740249634e-02
4.841933399438858032e-02
1.826396398246288300e-02
9.150733798742294312e-02
1.422585267573595047e-02
1.001948043704032898e-01
4.704483225941658020e-02
8.558480441570281982e-02
7.446244359016418457e-02
8.338866382837295532e-02
8.575485646724700928e-02
1.025824099779129028e-01
8.174977451562881470e-02
1.101354360580444336e-01
7.924689352512359619e-02
1.173645183444023132e-01
7.970820367336273193e-02
1.208547502756118774e-01
7.624191045761108398e-02
1.066581085324287415e-01
7.840683311223983765e-02
9.553518891334533691e-02
7.668301463127136230e-02
8.538883179426193237e-02
6.016141921281814575e-02
8.171745389699935913e-02
4.092707112431526184e-02
6.746377795934677124e-02
3.888225927948951721e-02
3.363364934921264648e-02
3.982397541403770447e-02
1.173282414674758911e-02
2.076074294745922089e-02
6.664081476628780365e-03
6.567384116351604462e-03
2.048850758001208305e-03
6.545057403855025768e-04
8.428794535575434566e-05
-8.137095574056729674e-05
-4.133082256885245442e-05
-3.652425366453826427e-04
-1.761930616339668632e-04
-5.852519825566560030e-05
-3.087693476118147373e-04
-6.795787339797243476e-05
1.988829608308151364e-04
1.163053457275964320e-04
-3.383110015420243144e-05
-1.770719682099297643e-04
1.900737261166796088e-04
-3.692735117510892451e-05
-4.332538228482007980e-04
-3.049357037525624037e-04
-1.111434030462987721e-04
-4.569012962747365236e-04
-3.253411559853702784e-04
-1.371638500131666660e-04
-2.458528615534305573e-04
-4.781078896485269070e-04
-2.913854259531944990e-04
-5.643624463118612766e-04
-6.984788342379033566e-04
-8.886978612281382084e-04
-8.675281424075365067e-04
-8.569090277887880802e-04
-9.416836546733975410e-04
-8.731941343285143375e-04
-6.521523464471101761e-04
-7.801053579896688461e-04
-8.321444620378315449e-04
-8.356812759302556515e-04
-9.487913921475410461e-04
-6.977100856602191925e-04
-4.494755412451922894e-04
-6.479644798673689365e-04
-5.810704897157847881e-04
-1.294860267080366611e-04
-4.505189426708966494e-04
-5.862726247869431973e-04
-4.061512008775025606e-04
-3.532215487211942673e-04
-4.209918552078306675e-04
-8.665553468745201826e-05
3.944988748116884381e-06
-1.800225581973791122e-04
-9.303861588705331087e-05
-3.370394115336239338e-04
3.303496896478463896e-06
2.992671506945043802e-04
9.378387767355889082e-05
-2.382642196607775986e-05
2.102561120409518480e-04
1.323888718616217375e-04
-1.955581101356074214e-04
-3.288272273493930697e-05
-1.130293367168633267e-05
9.076978312805294991e-05
-1.247091713594272733e-04
7.828739762771874666e-05
1.042600255459547043e-03
8.634308353066444397e-03
1.065488625317811966e-02
1.757615245878696442e-02
2.668740600347518921e-02
1.914496533572673798e-02
5.123442038893699646e-02
2.280585654079914093e-02
7.400318235158920288e-02
4.199354723095893860e-02
8.328636735677719116e-02
5.748699232935905457e-02
8.982262015342712402e-02
7.351262867450714111e-02
9.987302124500274658e-02
7.557750493288040161e-02
1.129331514239311218e-01
7.883805036544799805e-02
1.152614429593086243e-01
8.869217336177825928e-02
9.837491810321807861e-02
1.084566190838813782e-01
7.123144716024398804e-02
1.285065710544586182e-01
5.674527958035469055e-02
1.261908411979675293e-01
4.160077124834060669e-02
1.183994263410568237e-01
3.375295549631118774e-02
1.142650544643402100e-01
2.135599218308925629e-02
8.499024808406829834e-02
3.836342692375183105e-02
4.484726116061210632e-02
5.049777030944824219e-02
3.018641285598278046e-02
2.744632400572299957e-02
2.538700960576534271e-02
1.365288067609071732e-02
1.770653016865253448e-02
7.066620048135519028e-03
5.170387157704681158e-05
1.224038936197757721e-02
3.139498003292828798e-04
4.547875723801553249e-04
-1.220084159285761416e-04
1.245390012627467513e-04
-1.768235524650663137e-04
4.698074189946055412e-05
-2.396248455625027418e-04
-2.042016421910375357e-04
1.632955973036587238e-04
-3.026689810212701559e-04
4.026043825433589518e-05
-1.069651830221118871e-06
1.929992286022752523e-04
2.746430400293320417e-04
-2.393013855908066034e-04
2.985559694934636354e-05
-1.039109411067329347e-04
4.452652501640841365e-05
-3.600361524149775505e-04
-3.837122931145131588e-04
-3.697483043652027845e-05
-2.464301942382007837e-04
-2.929629990831017494e-04
-3.410760837141424417e-04
-1.009844345389865339e-04
-3.564583021216094494e-04
1.310574152739718556e-04
-3.300012613181024790e-04
-3.398695553187280893e-04
2.576563565526157618e-04
1.449308329029008746e-04
-3.958904708269983530e-04
-3.844789753202348948e-04
-2.542054571676999331e-04
-1.202293569804169238e-04
-1.982191315619274974e-04
-8.109858026728034019e-05
1.497482880949974060e-04
-3.690532321343198419e-05
3.945821954403072596e-04
2.221147151431068778e-04
-3.547639644239097834e-04
-3.920028393622487783e-04
-3.338657843414694071e-04
-1.254897506441920996e-04
-9.567780216457322240e-05
-1.266892504645511508e-04
-2.342970547033473849e-04
-1.193004427477717400e-04
-7.600971730425953865e-05
-3.543481871020048857e-04
-1.086980992113240063e-04
-9.208944902638904750e-06
-3.379531553946435452e-04
-4.594983183778822422e-04
-3.377031825948506594e-04
3.016274713445454836e-04
1.330922386841848493e-04
-2.806006523314863443e-04
-3.752361226361244917e-04
-5.784241875517182052e-05
-4.451089625945314765e-05
-3.179601335432380438e-04
4.372848707134835422e-05
-1.358463341603055596e-04
-3.008144267369061708e-04
-4.332239914219826460e-04
-4.197435337118804455e-04
-3.677394415717571974e-04
-2.805530675686895847e-04
-4.325305926613509655e-04
-3.309746680315583944e-04
-3.063315671170130372e-05
-2.506298769731074572e-04
3.176965401507914066e-05
-1.232278445968404412e-04
-2.679524186532944441e-04
1.126503848354332149e-04
-2.862287510652095079e-04
2.253562561236321926e-04
-3.935611675842665136e-05
-1.023824588628485799e-04
-3.935946733690798283e-04
-4.912985605187714100e-04
2.466784098942298442e-05
2.503616269677877426e-04
-3.163167566526681185e-04
-9.849686466623097658e-05
4.254381055943667889e-04
3.454007382970303297e-04
-4.947176785208284855e-04
1.053767628036439419e-04
-2.069194888463243842e-04
-4.698827106039971113e-04
-4.923775559291243553e-04
-2.616978599689900875e-04
2.573409983597230166e-05
-4.077661142218858004e-04
-6.552190170623362064e-04
-5.603267927654087543e-04
-1.205162789119640365e-05
-3.349531616549938917e-04
-2.845423296093940735e-04
-9.528247173875570297e-04
-5.423380061984062195e-04
-3.679956134874373674e-04
4.977160715498030186e-04
2.084362495224922895e-04
1.173758355434983969e-04
-2.553863450884819031e-04
-3.029081562999635935e-05
-4.428198735695332289e-04
-2.755492459982633591e-04
-5.856240168213844299e-04
4.595038190018385649e-04
-4.389920504763722420e-04
2.185067132813856006e-04
2.726351085584610701e-04
-5.698226741515100002e-04
1.411535777151584625e-05
1.946092379512265325e-05
-6.280399975366890430e-04
-5.069088656455278397e-04
9.688907448435202241e-05
2.067860914394259453e-04
-4.909239942207932472e-04
