4.979787627235054970e-04
9.143872885033488274e-04
-1.590265746926888824e-04
-8.009151206351816654e-04
9.591456619091331959e-04
4.788392107002437115e-04
-2.441017422825098038e-04
6.619695341214537621e-05
4.286899929866194725e-04
2.060991100734099746e-04
-8.427933789789676666e-04
-8.893258636817336082e-04
-4.998946096748113632e-04
-3.692776590469293296e-05
-7.688745972700417042e-04
-8.106154273264110088e-04
3.664589894469827414e-04
9.883104357868432999e-04
8.895015344023704529e-05
1.235585514223203063e-04
6.389628397300839424e-04
-4.601589462254196405e-04
-6.907483912073075771e-04
4.693046212196350098e-04
-2.915436343755573034e-04
-3.804323205258697271e-04
8.206192869693040848e-04
-8.897978113964200020e-04
-1.506240805611014366e-04
-3.132873971480876207e-04
-4.907440161332488060e-04
7.974285981617867947e-04
-4.117351199965924025e-04
-2.775293833110481501e-04
-4.269325872883200645e-04
3.318651870358735323e-04
-8.199710282497107983e-04
8.850182057358324528e-04
-1.205376116558909416e-03
-3.439336724113672972e-04
1.074455678462982178e-03
4.391674592625349760e-04
1.535194227471947670e-03
2.210664533777162433e-04
-2.756098110694438219e-04
-4.568838630802929401e-05
-4.830261750612407923e-04
1.519446959719061852e-05
1.193926320411264896e-03
8.451927569694817066e-04
-3.435671096667647362e-04
-2.396088384557515383e-04
-3.699057851918041706e-04
9.741500834934413433e-04
6.728857988491654396e-04
-1.437656581401824951e-03
-4.801150062121450901e-04
-3.773301432374864817e-04
-9.348552557639777660e-04
6.932485266588628292e-04
-6.098128505982458591e-04
-9.095387940760701895e-05
-5.052380147390067577e-04
-2.575285034254193306e-04
-4.541479283943772316e-04
-1.165182547993026674e-04
-7.487146649509668350e-04
-4.652994102798402309e-04
2.731650019995868206e-04
1.758778089424595237e-04
-4.931430448777973652e-04
1.255672774277627468e-03
-6.117066368460655212e-04
-6.905787158757448196e-04
-6.280366797000169754e-04
-1.379542227368801832e-04
3.822282305918633938e-04
-1.705726754153147340e-05
-7.283207960426807404e-04
-7.719680434092879295e-04
-2.399164623057004064e-05
-2.945373416878283024e-04
-6.061118328943848610e-04
-3.726700088009238243e-04
-5.110345664434134960e-04
-1.998968364205211401e-04
-1.293293433263897896e-03
-4.870750708505511284e-04
1.073048915714025497e-03
-3.889152430929243565e-04
-2.177673159167170525e-04
-2.903265412896871567e-04
-2.445435093250125647e-04
1.117915599024854600e-04
5.224154447205364704e-04
-8.624087204225361347e-04
-3.779933904297649860e-04
-5.800566868856549263e-04
-3.867704945150762796e-04
-1.288519270019605756e-04
8.952220377977937460e-05
5.235631251707673073e-04
-3.964325878769159317e-04
-3.765255096368491650e-04
-3.068749501835554838e-04
-1.632064777368213981e-05
-2.253977727377787232e-04
1.322541938861832023e-04
3.674793115351349115e-04
-1.522333477623760700e-04
3.265944542363286018e-04
3.193018710589967668e-05
4.265717507223598659e-05
-4.703864688053727150e-04
-2.590586082078516483e-04
-4.562658141367137432e-04
-4.730644286610186100e-04
-4.469120467547327280e-04
-7.199003448477014899e-05
-6.151116685941815376e-04
-1.316855341428890824e-04
6.072210453567095101e-05
3.566229715943336487e-04
-6.152472342364490032e-04
-3.650443104561418295e-04
-7.784445915604010224e-05
2.470256004016846418e-04
-5.535989766940474510e-04
-8.380201179534196854e-04
1.018129260046407580e-04
-1.737218990456312895e-04
3.514206619001924992e-04
2.111247886205092072e-04
9.740207315189763904e-05
7.653788634343072772e-05
-6.083944463171064854e-04
5.610455264104530215e-05
3.401306457817554474e-04
-6.721624231431633234e-05
-5.585579783655703068e-04
-7.627595914527773857e-04
-3.299117961432784796e-04
1.663680886849761009e-04
-4.286107468942645937e-06
1.842653873609378934e-04
-1.906963461806299165e-06
-4.779374285135418177e-04
1.992308680200949311e-04
-5.864527338417246938e-05
-1.501249062130227685e-04
-1.487182889832183719e-04
-5.598799325525760651e-04
-3.055526758544147015e-04
-1.354109699605032802e-04
-2.754268934950232506e-04
-5.577121628448367119e-04
-7.433319115079939365e-04
-4.041163774672895670e-04
6.881145964143797755e-05
1.366052892990410328e-03
6.197806447744369507e-03
8.938278071582317352e-03
2.626197040081024170e-02
2.943469211459159851e-02
4.116934910416603088e-02
5.060382187366485596e-02
5.835027992725372314e-02
7.063272595405578613e-02
8.641726523637771606e-02
9.476625174283981323e-02
1.073429659008979797e-01
1.154450252652168274e-01
1.281575709581375122e-01
1.355221122503280640e-01
1.425197571516036987e-01
1.428979635238647461e-01
1.430167108774185181e-01
1.403621882200241089e-01
1.299745589494705200e-01
1.230607926845550537e-01
1.055342406034469604e-01
9.001781791448593140e-02
7.158884406089782715e-02
5.054710432887077332e-02
3.261977434158325195e-02
1.990945264697074890e-02
1.736525329761207104e-03
-3.887212951667606831e-04
-1.900015486171469092e-04
-7.890977576607838273e-05
-1.141818938776850700e-04
-1.800672325771301985e-04
-2.877881343010812998e-04
-1.859105250332504511e-04
2.669158566277474165e-04
2.484819560777395964e-04
-2.653235569596290588e-04
-3.082781913690268993e-04
-4.255444800946861506e-04
-3.192139556631445885e-04
-1.037592417560517788e-03
-6.640410283580422401e-04
-6.732562906108796597e-04
-3.071506798733025789e-04
-2.390742301940917969e-04
-4.087061097379773855e-04
-5.759917548857629299e-04
-1.914233725983649492e-04
1.755408156896010041e-04
-3.382418944966048002e-04
-3.413818776607513428e-04
-6.896435515955090523e-04
-3.323765122331678867e-05
6.694836338283494115e-05
2.955783158540725708e-03
1.781511120498180389e-02
3.263107687234878540e-02
5.226290598511695862e-02
7.075157761573791504e-02
8.932080864906311035e-02
1.037391945719718933e-01
1.215224266052246094e-01
1.306438148021697998e-01
1.407258361577987671e-01
1.436730474233627319e-01
1.438764035701751709e-01
1.415083557367324829e-01
1.355960965156555176e-01
1.299648731946945190e-01
1.172738820314407349e-01
1.073573678731918335e-01
9.638176113367080688e-02
8.628596365451812744e-02
7.436742633581161499e-02
6.201151013374328613e-02
5.181075260043144226e-02
3.403754532337188721e-02
3.284741565585136414e-02
1.945289038121700287e-02
1.672694459557533264e-02
4.483057186007499695e-03
1.397687708958983421e-03
1.895563627840601839e-06
-5.956148961558938026e-04
-8.956396050052717328e-05
-1.468887785449624062e-04
-3.438651674514403567e-06
-3.337187808938324451e-05
-2.206478966400027275e-04
1.339320533588761464e-05
-5.148383788764476776e-04
-4.215137450955808163e-04
-2.895826764870434999e-04
-4.125082050450146198e-04
-1.038778922520577908e-03
-6.752242334187030792e-04
-1.006216392852365971e-03
-1.746097841532900929e-04
-1.426442468073219061e-04
2.467194281052798033e-04
-2.395167684881016612e-04
8.804877870716154575e-05
3.287052968516945839e-04
3.316921938676387072e-04
-8.053181954892352223e-05
-1.075731779565103352e-04
-4.055881072417832911e-05
3.817825927399098873e-05
-9.283437975682318211e-05
-6.688689609291031957e-05
-5.673278938047587872e-04
-3.006186161655932665e-04
-8.644669433124363422e-04
4.729276988655328751e-04
-6.870833458378911018e-04
-5.784950474208017113e-08
-1.540515513624995947e-04
-5.871051325812004507e-05
4.890410928055644035e-04
1.112384605221450329e-03
1.643144496483728290e-04
3.120030669379048049e-05
-3.354677464812994003e-04
-3.103291674051433802e-04
1.702616282273083925e-04
1.800875616027042270e-04
6.477624992839992046e-04
-7.641377742402255535e-04
-1.054217791534028947e-04
9.487560419074725360e-06
-4.510871949605643749e-04
-2.945232554338872433e-04
1.903511292766779661e-04
-4.270882345736026764e-04
1.272454508580267429e-03
-5.881395773030817509e-04
9.304956620326265693e-06
-3.818152181338518858e-04
2.225323405582457781e-04
-6.244863034226000309e-04
-3.362092538736760616e-04
8.143757440848276019e-05
-6.603563087992370129e-04
-5.860723322257399559e-04
-5.782976513728499413e-04
2.816905034705996513e-04
-4.188051680102944374e-04
-2.142067387467250228e-04
-2.659744641277939081e-04
-5.633303662762045860e-04
7.065102690830826759e-04
2.689495158847421408e-04
3.058453730773180723e-04
2.999571006512269378e-05
-1.109307777369394898e-04
-7.234550430439412594e-04
-7.674657390452921391e-04
4.845681542064994574e-04
4.248174373060464859e-04
-4.778382135555148125e-04
-4.411732079461216927e-04
-2.505338852643035352e-05
-7.821618928574025631e-04
-1.143178815254941583e-04
-5.711876437999308109e-04
-2.175523695768788457e-04
-5.085418233647942543e-04
-3.342994896229356527e-04
-3.289753803983330727e-04
-1.472159754484891891e-03
-4.299278371036052704e-04
8.663932385388761759e-05
-4.187895319773815572e-05
1.557578943902626634e-04
-4.885031376034021378e-04
-1.079270150512456894e-03
-2.247868396807461977e-04
-5.593776586465537548e-04
-6.994206923991441727e-04
3.526656364556401968e-04
-6.890748045407235622e-05
-5.422052927315235138e-04
-1.187929534353315830e-03
-6.903077010065317154e-04
1.658115215832367539e-04
3.868133644573390484e-04
-7.251708302646875381e-04
-4.815029387827962637e-04
-7.666871533729135990e-04
-8.627196657471358776e-04
-1.097434200346469879e-03
2.418530348222702742e-04
-1.747760688886046410e-04
-5.246141809038817883e-04
2.593241515569388866e-04
-2.926396264228969812e-04
-1.899213675642386079e-04
-7.507461705245077610e-04
6.693682516925036907e-04
8.205064805224537849e-04
5.752688739448785782e-04
1.487031258875504136e-04
-7.578019285574555397e-04
-7.178649539127945900e-04
1.654719089856371284e-04
7.128455908969044685e-04
-4.654664662666618824e-04
2.837290521711111069e-04
9.588018874637782574e-04
1.190299808513373137e-04
-1.741139858495444059e-04
3.292344918008893728e-04
1.513701281510293484e-04
4.279731947463005781e-04
9.603913058526813984e-04
-4.254039959050714970e-04
-8.972721407189965248e-04
-4.531120357569307089e-04
7.665171870030462742e-05
4.046299145556986332e-04
3.841618017759174109e-04
-4.126845451537519693e-04
6.396581884473562241e-04
-6.752713234163820744e-04
-1.210946065839380026e-04
-1.193392672576010227e-03
-3.699991502799093723e-04
1.399844302795827389e-03
-3.512964467518031597e-04
4.937403718940913677e-04
-4.010129487141966820e-04
-1.890075945993885398e-04
-1.256484101759269834e-04
-5.534113734029233456e-04
1.628256286494433880e-04
2.417471405351534486e-04
-2.951681963168084621e-04
6.060057203285396099e-04
-2.126072213286533952e-04
9.828172624111175537e-04
6.421089055947959423e-04
