1.496125827543437481e-03
4.872673656791448593e-03
1.229090965352952480e-03
-1.552734174765646458e-03
-1.718701678328216076e-04
-4.243453964591026306e-03
5.712562124244868755e-04
2.834419137798249722e-04
2.372777089476585388e-03
-9.641433134675025940e-04
-2.314777299761772156e-02
-5.854163318872451782e-03
-5.397118628025054932e-03
-6.237967871129512787e-03
-1.060408540070056915e-03
-4.369508475065231323e-03
-4.998221527785062790e-03
8.737808093428611755e-03
-3.550612134858965874e-03
-7.732769474387168884e-03
3.608691738918423653e-03
-4.018899518996477127e-03
-5.153504200279712677e-03
-1.284768898040056229e-02
-8.602533489465713501e-03
-4.559528082609176636e-03
-3.856924129649996758e-03
-8.421489968895912170e-03
-4.783482290804386139e-03
-1.279278891161084175e-03
-6.120007019490003586e-03
-4.882738459855318069e-03
-7.551028858870267868e-03
-2.613019011914730072e-02
-1.234277524054050446e-02
-2.050145715475082397e-02
-8.088651113212108612e-03
-4.761613905429840088e-03
-7.313936948776245117e-03
-5.959054455161094666e-03
-2.744103781878948212e-03
-2.710867673158645630e-03
-2.145680598914623260e-03
-9.621002711355686188e-03
-2.794755622744560242e-03
-5.400261376053094864e-03
-5.082091782242059708e-03
-3.463701286818832159e-04
-5.526422988623380661e-03
-5.256723146885633469e-03
8.368321694433689117e-03
-8.065502159297466278e-03
-7.353136315941810608e-04
-5.390615668147802353e-03
-7.397629669867455959e-04
5.595672992058098316e-04
-1.171120256185531616e-02
2.740417607128620148e-03
1.023228614940308034e-04
-2.935544820502400398e-03
-5.897237453609704971e-03
-4.095010459423065186e-03
2.677987329661846161e-03
-6.093836389482021332e-03
-6.673533469438552856e-03
-5.375029984861612320e-03
-1.607893849723041058e-03
-1.237910822965204716e-03
-1.791205373592674732e-03
-2.746881684288382530e-03
-6.470240186899900436e-03
-1.079922891221940517e-03
-4.437277559190988541e-03
4.082116298377513885e-03
-1.162599190138280392e-03
-2.132882364094257355e-02
-6.182140787132084370e-04
-4.341185558587312698e-03
3.703544614836573601e-03
2.299305051565170288e-03
-3.641852876171469688e-03
-1.288931071758270264e-02
-8.189307525753974915e-03
-8.249080739915370941e-03
-3.653028979897499084e-03
-3.590590553358197212e-03
-8.906969800591468811e-03
3.852192545309662819e-03
7.536023855209350586e-03
-3.693810198456048965e-03
3.555641975253820419e-03
-2.681125886738300323e-03
1.565125130582600832e-04
-3.463080502115190029e-04
-3.116824431344866753e-03
-2.848608419299125671e-02
2.506748028099536896e-02
-9.281896054744720459e-04
-1.214642822742462158e-02
9.404954616911709309e-04
-3.166820853948593140e-02
-8.879360742866992950e-03
1.892210915684700012e-03
1.336490036919713020e-03
-2.267651073634624481e-02
-3.320953343063592911e-03
-9.130709804594516754e-03
-1.303990371525287628e-02
-2.672625705599784851e-02
-7.085500750690698624e-03
-5.472895572893321514e-04
-2.460704930126667023e-02
2.479188609868288040e-03
4.679122939705848694e-03
-1.169354282319545746e-02
1.239505968987941742e-02
-1.060779322870075703e-03
-2.776519395411014557e-03
4.568537697196006775e-03
1.255491748452186584e-02
8.602932211942970753e-04
2.523342613130807877e-03
-3.087903372943401337e-03
-3.261404111981391907e-03
-6.273923907428979874e-03
1.274573430418968201e-02
9.923669509589672089e-03
-6.658052559942007065e-03
-1.459153834730386734e-02
-1.936370972543954849e-03
-1.545013394206762314e-02
-1.759913575369864702e-04
-8.283906616270542145e-03
-2.569636143743991852e-02
2.193517051637172699e-03
-3.486161120235919952e-03
-1.718180254101753235e-02
-1.896859146654605865e-03
-1.622403040528297424e-02
-1.370683405548334122e-02
2.216299995779991150e-02
2.145504695363342762e-04
-1.415945403277873993e-02
1.897421479225158691e-02
3.167142719030380249e-02
-1.470944657921791077e-02
1.996575854718685150e-02
2.852140367031097412e-02
1.264681667089462280e-02
3.429254516959190369e-02
2.443807199597358704e-02
-2.864624559879302979e-02
3.702190518379211426e-02
-1.417262363247573376e-03
3.254105150699615479e-02
1.408200431615114212e-02
3.543263673782348633e-02
9.651871398091316223e-03
-1.103084720671176910e-02
3.180531086400151253e-03
4.277385026216506958e-02
-1.155840815044939518e-03
2.190643362700939178e-02
5.157729610800743103e-02
-1.042463234625756741e-03
2.877268753945827484e-02
2.607733570039272308e-02
1.499498263001441956e-02
-6.788659840822219849e-02
1.221283711493015289e-02
6.575754377990961075e-03
1.968328608199954033e-03
4.401141777634620667e-02
4.778854548931121826e-02
-7.205802481621503830e-03
-3.282954171299934387e-02
-6.659474223852157593e-02
4.584452509880065918e-02
-1.542429998517036438e-02
-6.660500075668096542e-04
4.344604909420013428e-03
-3.781355917453765869e-02
-2.046005986630916595e-02
3.272077068686485291e-02
2.555396221578121185e-02
-1.777856238186359406e-02
-4.609259217977523804e-02
9.201744943857192993e-02
6.503570824861526489e-02
-6.394722312688827515e-02
-1.357572991400957108e-02
-7.799997180700302124e-02
1.744008477544412017e-04
1.178411953151226044e-02
-2.721802517771720886e-02
-2.589606679975986481e-03
-1.634111627936363220e-02
4.804910346865653992e-02
-1.355313695967197418e-02
6.634308397769927979e-02
-3.803620487451553345e-02
5.017338320612907410e-03
2.646885626018047333e-02
2.515585348010063171e-02
-8.999838493764400482e-03
2.318289317190647125e-02
-6.428721547126770020e-02
1.892292872071266174e-02
-4.295311123132705688e-02
1.996228285133838654e-02
-3.594393841922283173e-03
-6.808178126811981201e-02
-8.948741108179092407e-02
-7.140755653381347656e-02
5.744563415646553040e-02
-4.818044602870941162e-02
-3.592961654067039490e-02
4.483801499009132385e-02
5.656234174966812134e-02
5.008144676685333252e-02
-1.299579534679651260e-02
4.818286001682281494e-02
-2.020145393908023834e-02
6.217916682362556458e-02
1.424778532236814499e-02
5.776744335889816284e-02
-6.859254557639360428e-03
3.579430980607867241e-03
3.494623675942420959e-02
2.299283444881439209e-02
-3.102277219295501709e-02
3.154724091291427612e-02
-3.798056393861770630e-02
-1.500379387289285660e-02
-3.757366910576820374e-02
-3.466650098562240601e-02
-2.627723664045333862e-02
-3.329175524413585663e-03
1.589489169418811798e-02
9.100336465053260326e-04
1.826560124754905701e-02
-4.243775457143783569e-02
4.555100575089454651e-02
3.793663810938596725e-03
2.861700206995010376e-02
1.523316744714975357e-02
1.617690175771713257e-02
-9.781464468687772751e-04
2.399863861501216888e-02
-6.123960018157958984e-03
1.670579798519611359e-02
3.228704631328582764e-02
7.862876169383525848e-03
1.191348675638437271e-02
-1.426224969327449799e-02
1.074151042848825455e-02
-1.355736749246716499e-03
-2.962489612400531769e-03
2.126710303127765656e-02
-2.384776249527931213e-02
6.076332065276801586e-04
-4.731294699013233185e-03
-1.185294333845376968e-02
-1.036381535232067108e-02
-2.195100300014019012e-03
-1.179274078458547592e-02
9.008416905999183655e-03
-3.973954590037465096e-04
8.801086805760860443e-03
6.646577734500169754e-03
-5.344102624803781509e-03
1.305663120001554489e-02
-4.203428700566291809e-02
-1.001120265573263168e-02
-4.659672733396291733e-03
1.501421630382537842e-02
2.484899712726473808e-03
4.476238042116165161e-03
-5.742287728935480118e-03
9.032777510583400726e-03
3.604624071158468723e-04
-6.651390343904495239e-03
1.888780388981103897e-03
-4.691572685260325670e-04
8.130094036459922791e-03
-1.709086447954177856e-02
-4.422571975737810135e-03
-3.927930723875761032e-03
8.018644526600837708e-03
-2.501913346350193024e-03
1.733648963272571564e-02
3.930044919252395630e-02
3.710878267884254456e-02
1.191902533173561096e-02
4.619494546204805374e-03
2.901069819927215576e-02
1.135569065809249878e-02
3.559777280315756798e-03
2.267238125205039978e-02
8.393702097237110138e-03
1.561565417796373367e-02
-4.215000197291374207e-03
-1.916535111377015710e-04
1.730786636471748352e-02
1.304084341973066330e-02
8.556196466088294983e-03
5.878596566617488861e-03
2.404385991394519806e-02
5.973261315375566483e-03
2.215233631432056427e-02
1.092226710170507431e-02
1.295200735330581665e-02
1.271475758403539658e-02
1.466792356222867966e-02
1.526062935590744019e-02
1.548124756664037704e-02
2.677454845979809761e-03
9.912242181599140167e-03
1.333012431859970093e-02
2.215068601071834564e-02
1.149204932153224945e-02
9.141699410974979401e-03
1.406748592853546143e-02
1.243735756725072861e-02
7.938578724861145020e-03
1.719594933092594147e-02
4.347575362771749496e-03
2.049101889133453369e-02
1.007347740232944489e-02
1.086763665080070496e-02
6.418218836188316345e-03
1.044988166540861130e-02
1.118275057524442673e-02
1.777174766175448895e-03
6.214439403265714645e-03
3.153023123741149902e-02
1.322556566447019577e-02
1.220043655484914780e-02
1.090759318321943283e-02
3.037281101569533348e-03
1.355790160596370697e-02
1.146978512406349182e-02
7.788611110299825668e-03
1.369956508278846741e-02
2.239335095509886742e-03
8.252749219536781311e-03
9.550177492201328278e-03
8.556504733860492706e-03
8.881697431206703186e-03
8.729091845452785492e-03
1.251840684562921524e-02
3.850731300190091133e-03
7.432672195136547089e-03
8.409069851040840149e-03
9.019684046506881714e-03
6.504262331873178482e-03
1.188040059059858322e-02
1.488304603844881058e-02
8.237778209149837494e-03
8.216151967644691467e-03
7.232350762933492661e-03
1.435219682753086090e-02
7.105750497430562973e-03
8.900742977857589722e-03
9.303567931056022644e-03
1.523702405393123627e-02
1.615336537361145020e-02
9.721660986542701721e-03
8.765384554862976074e-03
7.288662716746330261e-03
5.952280014753341675e-03
7.668199483305215836e-03
1.014876551926136017e-02
8.648832328617572784e-03
3.121059853583574295e-03
8.852375671267509460e-03
1.031578052788972855e-02
9.677777998149394989e-03
1.819676905870437622e-02
7.760862354189157486e-03
1.134387683123350143e-02
4.987059161067008972e-03
3.717991290614008904e-03
5.214792676270008087e-03
1.119174878112971783e-03
3.878482151776552200e-03
6.729848682880401611e-03
-3.763253334909677505e-05
5.240536294877529144e-03
4.569066688418388367e-03
9.123255498707294464e-03
4.658997524529695511e-03
-1.731443044263869524e-04
4.081876482814550400e-03
3.868133062496781349e-03
4.489270038902759552e-03
3.781225532293319702e-03
3.336543217301368713e-03
2.955720759928226471e-03
3.159336280077695847e-03
2.213606378063559532e-03
