2.504206961020827293e-03
-1.923615636769682169e-04
1.000664778985083103e-04
-1.023414079099893570e-03
2.881091320887207985e-03
2.515813335776329041e-03
-1.696321764029562473e-03
6.559952162206172943e-04
6.609307602047920227e-04
1.051856204867362976e-02
-5.716176703572273254e-03
5.313238943926990032e-04
-1.709394040517508984e-03
-2.903935092035681009e-04
-9.907236089929938316e-04
-4.567197989672422409e-03
-6.063982844352722168e-03
-8.610400371253490448e-03
-2.364273968851193786e-04
8.408707799389958382e-05
-2.900983090512454510e-04
-1.629537204280495644e-03
-1.289323531091213226e-02
-5.502576474100351334e-03
-1.922761555761098862e-03
-3.660676302388310432e-03
1.386082964017987251e-03
-1.263364218175411224e-03
-8.607148774899542332e-04
-3.597779897972941399e-03
-2.227802993729710579e-03
-3.449248382821679115e-03
1.174213830381631851e-03
3.861678851535543799e-05
5.683577619493007660e-04
-5.264412611722946167e-03
1.434338861145079136e-03
-2.707324363291263580e-02
-3.882416989654302597e-03
-2.901712432503700256e-03
3.108702949248254299e-04
-1.015269663184881210e-03
-4.177895840257406235e-03
-1.151865348219871521e-03
-6.559163331985473633e-03
-9.845154359936714172e-03
-3.127046627923846245e-03
-4.681353457272052765e-03
-4.230964928865432739e-03
-1.002756413072347641e-02
-2.365988912060856819e-03
-5.499572493135929108e-03
-9.702624753117561340e-03
-7.907903753221035004e-03
-1.443361397832632065e-03
-1.540690776892006397e-03
3.914338012691587210e-04
-2.668795874342322350e-03
-1.075235009193420410e-02
-5.199876148253679276e-03
-6.439558230340480804e-03
-1.298565044999122620e-02
-6.281971000134944916e-03
-1.091610919684171677e-02
4.499712493270635605e-03
-3.497090889140963554e-03
-2.547113224864006042e-03
4.065226297825574875e-03
-9.017675183713436127e-04
1.789086381904780865e-03
-3.423048416152596474e-03
-7.023230660706758499e-03
4.610570147633552551e-03
-4.004217684268951416e-02
-4.049293231219053268e-03
-1.616318523883819580e-02
1.662372087594121695e-04
2.567684277892112732e-02
-1.487144827842712402e-02
1.028702873736619949e-02
5.558109376579523087e-03
-3.022973425686359406e-03
-5.139374174177646637e-03
1.755495672114193439e-03
-4.978818353265523911e-03
2.427206840366125107e-03
-3.038193099200725555e-03
6.149646942503750324e-04
1.085291616618633270e-02
2.325340872630476952e-03
8.011913858354091644e-03
-7.865588995628058910e-04
5.906459409743547440e-03
-7.142661605030298233e-03
1.257287617772817612e-02
-7.211362011730670929e-03
-1.450192998163402081e-03
1.882737386040389538e-03
4.034799989312887192e-03
7.008856046013534069e-04
7.037935778498649597e-03
3.471234114840626717e-03
-6.213159766048192978e-03
5.561064463108778000e-03
1.871551969088613987e-03
5.973286461085081100e-03
5.221409723162651062e-03
1.927289925515651703e-02
5.136414244771003723e-02
1.903670094907283783e-02
1.544337905943393707e-02
-1.117875892668962479e-02
7.939138449728488922e-03
6.092587485909461975e-03
1.005553081631660461e-02
2.725531533360481262e-02
8.543874137103557587e-03
-6.035520927980542183e-04
-1.492084842175245285e-02
4.509948194026947021e-03
2.147090807557106018e-02
-4.560144618153572083e-03
3.878412069752812386e-03
3.767873626202344894e-03
1.301169767975807190e-02
7.111940998584032059e-03
1.845270022749900818e-02
1.239348575472831726e-02
-1.312613673508167267e-02
5.580200813710689545e-04
1.361061166971921921e-02
1.435104105621576309e-02
-1.632073335349559784e-02
1.503194589167833328e-02
7.935822941362857819e-03
-1.860637962818145752e-02
-8.502689190208911896e-03
-6.909716408699750900e-03
-1.000022515654563904e-02
-9.430967271327972412e-03
1.190047897398471832e-02
-1.282135676592588425e-02
4.606376867741346359e-03
5.094746127724647522e-02
-1.874940097332000732e-02
-1.032450608909130096e-02
-7.307703141123056412e-03
1.085710991173982620e-02
8.435903582721948624e-04
2.818171866238117218e-02
-7.468797266483306885e-03
4.421380814164876938e-03
1.973685342818498611e-03
1.209434820339083672e-03
-1.126722060143947601e-02
2.518872264772653580e-03
-3.662455826997756958e-02
-1.833959482610225677e-02
-7.352500688284635544e-04
3.689432889223098755e-02
2.045895531773567200e-02
1.568430848419666290e-02
4.686684533953666687e-02
1.418855413794517517e-02
-2.034900337457656860e-02
1.804582774639129639e-02
3.269308060407638550e-02
-1.418439857661724091e-02
2.174430899322032928e-02
3.585645463317632675e-03
3.933264687657356262e-02
-1.766906119883060455e-02
-2.923781424760818481e-02
1.188486721366643906e-02
3.026246279478073120e-02
-3.786894027143716812e-03
5.246682092547416687e-02
2.167136035859584808e-02
2.840789407491683960e-02
-2.544244751334190369e-02
8.102286607027053833e-03
7.557340431958436966e-03
-2.894166973419487476e-04
5.708981305360794067e-02
2.518788352608680725e-02
-1.076860819011926651e-02
-4.916419461369514465e-02
4.290106892585754395e-02
3.670142218470573425e-02
-4.411359783262014389e-03
5.680361762642860413e-02
1.112835109233856201e-02
3.983995690941810608e-02
-2.722847275435924530e-02
-5.967092514038085938e-02
-2.477616630494594574e-02
-3.184120357036590576e-02
3.730258718132972717e-02
8.914884179830551147e-03
-3.270150721073150635e-02
-7.737093418836593628e-02
-1.767695136368274689e-02
-5.875190719962120056e-02
-2.550411969423294067e-02
5.230183154344558716e-02
-3.909165784716606140e-02
-1.018844842910766602e-01
6.277802586555480957e-02
-8.307208120822906494e-02
-1.415985752828419209e-03
-3.890488995239138603e-03
-5.835613235831260681e-03
-1.984618231654167175e-02
1.413637958467006683e-02
2.664083801209926605e-02
-1.541354041546583176e-02
-2.716755867004394531e-02
5.914449319243431091e-02
-2.192092314362525940e-02
-2.578300610184669495e-02
2.381724771112203598e-03
-5.683447048068046570e-02
3.299424797296524048e-02
2.395497635006904602e-02
-2.270575799047946930e-02
8.460498414933681488e-03
-8.931377669796347618e-05
-4.677261039614677429e-02
-3.197917714715003967e-02
3.046254627406597137e-02
2.060525678098201752e-02
4.461431503295898438e-02
-2.689583040773868561e-02
5.036753136664628983e-03
-2.072826027870178223e-02
-5.079142283648252487e-03
1.920769549906253815e-02
2.136970683932304382e-02
2.745799534022808075e-02
-1.585584878921508789e-02
2.052678726613521576e-03
-2.301066741347312927e-02
-2.339333668351173401e-02
8.141634054481983185e-03
1.223741564899682999e-02
-1.268232986330986023e-02
-7.979426532983779907e-03
-1.444489508867263794e-02
-2.393772266805171967e-02
3.482408076524734497e-02
-4.641820676624774933e-03
1.777701266109943390e-02
1.034403312951326370e-02
1.702777808532118797e-03
4.839208442717790604e-03
7.529688067734241486e-03
1.227643247693777084e-02
1.046902220696210861e-02
-7.882518693804740906e-03
-9.845658205449581146e-03
-9.784000925719738007e-03
-1.616800948977470398e-02
-9.928413666784763336e-03
-2.006050199270248413e-03
1.591485738754272461e-02
-2.335950359702110291e-02
7.382332812994718552e-03
2.446327591314911842e-03
2.182128373533487320e-03
-2.933557890355587006e-02
3.762351116165518761e-03
-3.378577297553420067e-03
7.902320474386215210e-03
-7.366765756160020828e-03
-2.672868547961115837e-03
-1.073910295963287354e-02
-1.464935205876827240e-02
-2.354304306209087372e-03
-5.883203819394111633e-02
-8.247875608503818512e-03
-4.524878226220607758e-03
2.327617816627025604e-02
-5.974584491923451424e-04
-1.552470494061708450e-02
-4.030468116980046034e-04
4.914822056889533997e-03
-1.372032449580729008e-03
2.740286756306886673e-03
6.939884740859270096e-03
4.635033197700977325e-03
-1.158824749290943146e-02
-1.007554004900157452e-03
-6.342563778162002563e-03
1.058144774287939072e-02
-9.747064323164522648e-04
-6.409259047359228134e-03
-7.773967459797859192e-03
1.748561975546181202e-03
-7.045470178127288818e-03
-2.691203961148858070e-03
1.608621701598167419e-02
-1.493867952376604080e-03
1.397903688484802842e-04
1.084283739328384399e-02
-1.145805418491363525e-02
-1.508456654846668243e-02
-4.580040462315082550e-03
8.490848354995250702e-03
1.457164529711008072e-02
-3.359628608450293541e-03
-2.867275383323431015e-03
7.566227577626705170e-03
9.445518255233764648e-03
-3.271757066249847412e-02
7.850619032979011536e-03
-8.846770506352186203e-04
-2.114540198817849159e-03
-3.415177110582590103e-03
-7.164981681853532791e-03
-7.352555636316537857e-03
-3.880575671792030334e-02
-1.581581868231296539e-02
2.699852548539638519e-02
-4.271228332072496414e-03
-5.213544238358736038e-03
1.953121856786310673e-03
-8.133238181471824646e-03
-4.389103502035140991e-03
-1.078444533050060272e-02
-6.090999115258455276e-03
-8.504291996359825134e-03
5.748661933466792107e-04
9.619711898267269135e-03
-7.373484782874584198e-03
-3.773638745769858360e-03
-3.039331175386905670e-03
-6.027388386428356171e-03
1.518739620223641396e-03
3.867463383357971907e-04
-8.007440716028213501e-03
-7.817021571099758148e-03
-3.672543447464704514e-03
2.807422541081905365e-03
-1.135396026074886322e-02
-8.481005206704139709e-03
-5.327945109456777573e-03
-4.420230165123939514e-03
-7.883104495704174042e-03
-6.261497270315885544e-03
-4.800717812031507492e-03
-6.285066250711679459e-03
-1.944204978644847870e-02
-1.061343587934970856e-02
-1.374288462102413177e-02
-3.933221567422151566e-03
-2.465419936925172806e-03
-2.199454465880990028e-03
-2.051945077255368233e-03
-1.401182962581515312e-03
-2.439376665279269218e-03
-3.089792095124721527e-03
-2.925994340330362320e-03
-2.003327710554003716e-03
1.113072689622640610e-02
3.567305247997865081e-05
-1.781503902748227119e-03
-2.482170704752206802e-03
-7.935105822980403900e-03
-3.228516550734639168e-03
-4.983424674719572067e-03
2.528436481952667236e-03
-4.646431654691696167e-02
-7.314946502447128296e-03
-8.139817044138908386e-03
-5.572296213358640671e-03
-3.048264188691973686e-03
-4.193833097815513611e-03
-2.747130813077092171e-03
-8.847286924719810486e-03
-2.553327241912484169e-03
-4.227481316775083542e-03
-2.731126034632325172e-03
-3.748814575374126434e-03
-9.385443991050124168e-04
-3.847229294478893280e-03
-1.337032066658139229e-03
-1.600776799023151398e-03
-7.162313442677259445e-03
-9.061025455594062805e-03
1.085973577573895454e-03
-4.754158668220043182e-03
-3.951155667891725898e-05
-4.043110646307468414e-03
-2.443565288558602333e-03
-3.522014245390892029e-03
-1.529070665128529072e-03
-1.955830259248614311e-03
1.224267855286598206e-02
-6.355050136335194111e-04
-1.042167190462350845e-03
5.745375994592905045e-03
