-1.239812467247247696e-03
8.233599364757537842e-03
-6.524844211526215076e-04
-2.518584951758384705e-03
-4.514902830123901367e-03
-9.565925225615501404e-03
-1.524275634437799454e-03
4.292805679142475128e-03
7.398600573651492596e-04
-3.933194093406200409e-04
-1.149488426744937897e-02
-2.782720606774091721e-03
-3.014367306604981422e-03
-1.480963081121444702e-03
3.967859782278537750e-03
2.581409935373812914e-04
1.769471727311611176e-02
2.478349721059203148e-03
1.722613163292407990e-02
-6.338890641927719116e-03
-1.589110703207552433e-03
-1.975217601284384727e-03
-6.788460537791252136e-03
8.271709084510803223e-03
-2.123878337442874908e-03
1.476052333600819111e-03
-2.519178017973899841e-02
-3.865436883643269539e-03
1.612995751202106476e-03
8.185166865587234497e-03
-1.282632723450660706e-02
7.314421236515045166e-03
3.712686710059642792e-03
-2.113316149916499853e-04
-2.656124997884035110e-03
4.646625369787216187e-03
8.301801281049847603e-04
1.536112395115196705e-03
5.185182206332683563e-03
1.935302279889583588e-03
1.554158981889486313e-03
-1.667599938809871674e-02
-7.506337482482194901e-03
-2.301189489662647247e-02
8.761193603277206421e-03
1.610380411148071289e-02
2.748544793576002121e-03
2.890471136197447777e-03
-6.554308347404003143e-03
-1.533370465040206909e-02
1.518542194389738142e-05
1.182040572166442871e-02
3.715776139870285988e-03
-2.412782795727252960e-02
4.369245842099189758e-03
7.917503826320171356e-03
-1.506298780441284180e-03
-5.882383789867162704e-03
1.102565415203571320e-02
2.841933164745569229e-03
1.021122839301824570e-02
1.824666373431682587e-02
-4.509287886321544647e-03
8.285059011541306973e-04
4.437322728335857391e-03
-1.237867865711450577e-02
1.308833248913288116e-02
3.318661125376820564e-03
-1.825658720917999744e-03
6.860713008791208267e-03
1.209024339914321899e-02
1.750125316902995110e-03
7.211351301521062851e-03
-1.464311312884092331e-02
-8.586762705817818642e-04
9.068777784705162048e-03
6.972403265535831451e-03
1.548157306388020515e-03
4.798626468982547522e-04
5.579799879342317581e-03
7.961281575262546539e-03
1.654883287847042084e-02
1.480666548013687134e-02
-2.905779331922531128e-02
-4.105926025658845901e-03
-1.251455117017030716e-02
-5.482977721840143204e-03
8.331506513059139252e-03
2.336131874471902847e-03
-3.356918226927518845e-03
-1.447863597422838211e-02
-1.348959282040596008e-02
4.425357561558485031e-03
-6.238396745175123215e-03
6.220423616468906403e-03
1.534033473581075668e-02
6.876074708998203278e-03
3.935767803341150284e-03
6.087733805179595947e-02
-3.259078075643628836e-04
7.062796037644147873e-03
2.742378273978829384e-03
-6.851725745946168900e-03
7.656544446945190430e-03
-2.347831800580024719e-02
1.863077399320900440e-03
-1.177082769572734833e-02
1.562964404001832008e-03
9.694940410554409027e-03
3.317134827375411987e-02
1.199685037136077881e-02
-3.781968494877219200e-03
9.164681658148765564e-03
-1.194864884018898010e-02
-9.725797921419143677e-03
-4.939152393490076065e-03
1.232136413455009460e-02
1.133480574935674667e-03
3.601798415184020996e-02
1.012625987641513348e-03
-1.166806276887655258e-02
1.581777259707450867e-02
1.393861044198274612e-02
-2.241509035229682922e-02
8.198624476790428162e-03
-1.434639003127813339e-02
1.392019726336002350e-02
-5.986194591969251633e-03
6.917225196957588196e-03
-7.767402566969394684e-03
3.480982733890414238e-03
2.902097767218947411e-04
-4.269781988114118576e-03
4.048713482916355133e-03
-9.256874211132526398e-03
6.606947164982557297e-03
9.567852132022380829e-03
1.076224818825721741e-02
7.311003748327493668e-03
1.882943511009216309e-02
1.725035719573497772e-02
5.280065815895795822e-03
-1.346292090602219105e-03
1.791345514357089996e-02
1.949092186987400055e-02
1.381959393620491028e-02
1.151219755411148071e-02
1.614599302411079407e-02
-5.556432530283927917e-03
1.150558982044458389e-02
2.641579695045948029e-02
1.554136862978339195e-03
-2.700027450919151306e-02
5.762131419032812119e-03
-4.329878836870193481e-02
-5.584290716797113419e-03
-8.573768660426139832e-03
1.539534330368041992e-02
-3.361166687682271004e-03
3.227149427402764559e-04
-1.854962483048439026e-02
3.602886572480201721e-02
-2.693954389542341232e-03
5.148734897375106812e-03
2.228549867868423462e-02
3.784719854593276978e-02
-1.134425215423107147e-02
1.080313324928283691e-02
2.850438235327601433e-03
3.733151033520698547e-02
1.669969595968723297e-02
-1.185234077274799347e-02
-2.486709505319595337e-02
-3.418618813157081604e-02
1.690625678747892380e-03
2.186991460621356964e-02
-1.771725714206695557e-02
4.176288843154907227e-02
-1.494242250919342041e-02
1.646847650408744812e-02
-4.039995744824409485e-02
4.187566693872213364e-03
-4.072657227516174316e-02
2.223152481019496918e-02
9.620382636785507202e-02
-4.446733370423316956e-02
1.439546979963779449e-02
-1.627609133720397949e-02
3.838556632399559021e-02
-7.706305384635925293e-02
6.954459846019744873e-02
5.110801197588443756e-03
9.077485650777816772e-02
-4.788252990692853928e-03
-4.664323851466178894e-02
-4.809702932834625244e-02
-7.077235728502273560e-02
9.787264280021190643e-03
-3.250998631119728088e-02
-1.352098491042852402e-02
3.608531877398490906e-02
1.294293534010648727e-02
-6.018530577421188354e-02
-2.786670438945293427e-02
2.680480480194091797e-02
7.444667071104049683e-02
-2.897404599934816360e-03
4.889241233468055725e-02
-3.138573840260505676e-02
4.045281559228897095e-02
3.600233420729637146e-02
4.074187576770782471e-02
3.290060907602310181e-02
-1.591139100492000580e-02
6.369940191507339478e-02
6.168047338724136353e-02
-2.937404252588748932e-02
1.354101300239562988e-02
1.604778319597244263e-02
1.535826479084789753e-03
3.718438744544982910e-02
3.437905572354793549e-03
-4.217729717493057251e-02
7.611053995788097382e-03
2.846537716686725616e-02
6.559995468705892563e-03
-6.829032674431800842e-03
-3.462907671928405762e-02
3.646216588094830513e-03
-2.093814127147197723e-02
-2.002973295748233795e-02
2.356693521142005920e-02
4.251330718398094177e-02
-1.541819307021796703e-03
2.305133827030658722e-02
1.419888716191053391e-02
-1.704367063939571381e-02
1.068494468927383423e-02
-1.671441365033388138e-03
3.154841065406799316e-02
3.730309382081031799e-02
-7.491475902497768402e-03
1.968042179942131042e-02
6.432291702367365360e-04
-9.035407565534114838e-03
-3.625546814873814583e-04
-1.647599972784519196e-02
-6.132150534540414810e-03
8.552011102437973022e-03
2.413473278284072876e-02
3.534502536058425903e-02
2.464302256703376770e-02
-8.446674793958663940e-03
-1.607662625610828400e-02
-1.310791354626417160e-02
-1.997125893831253052e-02
-2.002261579036712646e-02
-2.173924352973699570e-03
-3.028681501746177673e-02
-2.163845300674438477e-02
2.704440616071224213e-02
1.581927412189543247e-03
1.940070465207099915e-02
1.521931681782007217e-02
-6.572251673787832260e-03
8.090033195912837982e-03
-1.009815093129873276e-02
-2.124009095132350922e-02
1.037290040403604507e-02
6.459111347794532776e-03
1.382189686410129070e-03
-3.573481692001223564e-03
-3.206776455044746399e-03
4.672482609748840332e-03
1.937753334641456604e-02
-7.819069549441337585e-03
-2.616375498473644257e-02
1.608403027057647705e-02
1.905273646116256714e-02
-1.490550860762596130e-02
-1.107843927456997335e-04
-2.507286518812179565e-02
2.386234467849135399e-03
1.680549234151840210e-02
3.363725496456027031e-03
9.340177290141582489e-03
1.258055679500102997e-02
1.622738316655158997e-03
-6.874070037156343460e-03
-3.037611255422234535e-03
2.053784392774105072e-02
8.151354268193244934e-03
1.053632935509085655e-03
-1.127195172011852264e-02
5.420383531600236893e-03
6.184878293424844742e-03
1.330352295190095901e-02
4.599784500896930695e-03
5.189380026422441006e-04
-1.082575507462024689e-02
1.451076846569776535e-02
-4.233494400978088379e-03
1.218337565660476685e-03
9.408544749021530151e-03
1.020296011120080948e-02
6.300361361354589462e-03
9.045874699950218201e-03
-1.077334862202405930e-02
5.497333128005266190e-03
-8.566364645957946777e-03
-1.373764686286449432e-02
1.464881934225559235e-02
-7.795991841703653336e-03
-1.170404348522424698e-02
-2.837763167917728424e-03
-1.299440860748291016e-02
8.203916251659393311e-03
9.062697179615497589e-03
7.221117150038480759e-03
3.944871481508016586e-03
-4.873236641287803650e-02
-2.441342221572995186e-03
-1.171434856951236725e-02
-1.219340367242693901e-03
-1.958161359652876854e-03
4.684121347963809967e-03
1.099347230046987534e-02
-1.276644226163625717e-02
6.251422222703695297e-03
1.047366764396429062e-03
6.721552461385726929e-03
6.958577316254377365e-03
-5.111342296004295349e-03
4.448226653039455414e-03
-8.618818596005439758e-03
-8.315465413033962250e-03
9.075605194084346294e-04
2.820333093404769897e-02
-7.286518812179565430e-03
-6.691740360110998154e-03
4.169811960309743881e-03
2.322242362424731255e-03
1.290849177166819572e-03
-3.307066392153501511e-03
-7.476853206753730774e-04
-1.417354401201009750e-02
-7.508689071983098984e-03
5.490100942552089691e-03
-7.396569941192865372e-03
-1.159542798995971680e-02
4.571886733174324036e-03
5.044911988079547882e-03
7.048254483379423618e-04
5.082225427031517029e-03
-2.217914734501391649e-04
-6.328735034912824631e-03
-1.555627910420298576e-03
-2.311504213139414787e-03
-8.726297877728939056e-03
-1.027707592584192753e-03
5.927630700170993805e-03
-1.545664388686418533e-03
9.884137660264968872e-03
2.245142386527732015e-04
-5.183744244277477264e-03
4.390737507492303848e-03
9.959376184269785881e-04
-6.611013785004615784e-03
4.208146128803491592e-03
9.738134220242500305e-03
9.898046031594276428e-03
-1.612316467799246311e-03
2.244885778054594994e-03
2.185401506721973419e-03
-1.440016739070415497e-02
-1.175739802420139313e-03
3.124915994703769684e-03
-5.164104513823986053e-03
2.536737127229571342e-03
-4.449166357517242432e-03
4.946201108396053314e-03
-3.170454583596438169e-04
3.508740337565541267e-04
-7.181929424405097961e-03
-7.834747084416449070e-04
3.203637152910232544e-02
-1.824176125228404999e-02
-2.376993186771869659e-03
1.415243279188871384e-02
-6.415155529975891113e-02
2.111199311912059784e-03
-2.314707729965448380e-03
-1.921001588925719261e-03
-2.113733626902103424e-02
-2.609495306387543678e-03
1.931275473907589912e-03
4.282903973944485188e-04
5.403007846325635910e-03
2.308000810444355011e-03
-2.123098634183406830e-02
-2.011932898312807083e-03
