-8.471792098134756088e-04
-7.892588037066161633e-04
-4.946370609104633331e-04
-6.007638876326382160e-04
-1.030682935379445553e-03
-6.004468887113034725e-04
-6.318574887700378895e-04
-1.389167155139148235e-03
-1.135098165832459927e-03
-1.091302721761167049e-03
-1.096226507797837257e-03
-1.033292035572230816e-03
-7.102471427060663700e-04
-8.021369576454162598e-04
-9.331929613836109638e-04
-7.439501932822167873e-04
-7.712571532465517521e-04
-9.743929258547723293e-04
-1.124162226915359497e-03
-1.400882028974592686e-03
-1.056030276231467724e-03
-7.934295572340488434e-04
-1.661670044995844364e-03
-1.036862260662019253e-03
-1.266228384338319302e-03
-9.642743389122188091e-04
-1.165193272754549980e-03
-1.676902524195611477e-03
-1.187348272651433945e-03
-8.275308646261692047e-04
-1.174729084596037865e-03
-1.119713997468352318e-03
-1.140531967394053936e-03
-4.638080135919153690e-04
-1.113798236474394798e-03
-1.046591554768383503e-03
-1.411182107403874397e-03
-1.239579287357628345e-03
-1.304305042140185833e-03
-1.273497589863836765e-03
-1.305363723076879978e-03
-1.106613082811236382e-03
-1.457052538171410561e-03
-1.338980509899556637e-03
-1.208425732329487801e-03
-1.018735812976956367e-03
-1.329245395027101040e-03
-1.330424682237207890e-03
-1.111259683966636658e-03
-1.246789237484335899e-03
-1.306161982938647270e-03
-1.275386661291122437e-03
-1.162729342468082905e-03
-8.052167831920087337e-04
-7.131713791750371456e-04
-7.028165855444967747e-04
-1.328182639554142952e-03
-1.314079738222062588e-03
-8.151656365953385830e-04
-1.101083122193813324e-03
-1.343794632703065872e-03
-1.264729304239153862e-03
-1.585156307555735111e-03
-1.427296549081802368e-03
-1.616236404515802860e-03
-1.399931381456553936e-03
-7.276498945429921150e-04
-1.104817609302699566e-03
-1.357168075628578663e-03
-1.384565024636685848e-03
-1.614444307051599026e-03
-1.465195207856595516e-03
-1.035978784784674644e-03
-6.872710073366761208e-04
-7.965053082443773746e-04
-9.553066920489072800e-04
-1.076275832019746304e-03
-9.740309324115514755e-04
-1.299499999731779099e-03
-9.153506834991276264e-04
-7.971661398187279701e-04
-1.558686723001301289e-03
-7.727944757789373398e-04
-1.382680144160985947e-03
-1.314589637331664562e-03
-1.453962409868836403e-03
-1.247669337317347527e-03
-1.727041555568575859e-03
-2.131979214027523994e-03
-1.845473656430840492e-03
-1.436855993233621120e-03
-1.400936977006494999e-03
-1.416996703483164310e-03
-3.442925587296485901e-02
-1.866410253569483757e-03
-2.012769132852554321e-02
-1.178894075565040112e-03
-1.654580421745777130e-02
-1.527229091152548790e-03
-4.832164198160171509e-02
-1.792845781892538071e-03
-4.273310303688049316e-02
-1.665240339934825897e-02
-1.873996108770370483e-02
-3.378442674875259399e-02
-2.232768945395946503e-02
-5.206051468849182129e-02
-2.991538494825363159e-02
-4.348712414503097534e-02
-6.394553184509277344e-02
-4.219428822398185730e-02
-2.991753816604614258e-02
-9.255211055278778076e-02
-3.105806745588779449e-02
-7.623676210641860962e-02
-4.325651004910469055e-02
-9.049897640943527222e-02
-3.713662922382354736e-02
-9.192562848329544067e-02
-7.073197513818740845e-02
-4.969239979982376099e-02
-1.244606301188468933e-01
-3.195548057556152344e-02
-1.125030741095542908e-01
-5.886698886752128601e-02
-8.960983157157897949e-02
-6.333474814891815186e-02
-8.319586515426635742e-02
-8.684165775775909424e-02
-6.603078544139862061e-02
-8.319532126188278198e-02
-6.877239793539047241e-02
-9.041449427604675293e-02
-7.316897064447402954e-02
-4.269349575042724609e-02
-1.006221771240234375e-01
-4.460488259792327881e-02
-7.708926498889923096e-02
-5.511393770575523376e-02
-5.974487215280532837e-02
-4.904841631650924683e-02
-5.686351656913757324e-02
-5.194836854934692383e-02
-3.688725456595420837e-02
-4.022241011261940002e-02
-3.677085414528846741e-02
-1.826805993914604187e-02
-3.687926009297370911e-02
-1.843436248600482941e-02
-2.183966338634490967e-02
-1.008051447570323944e-02
-1.311882678419351578e-02
-8.435429073870182037e-03
-1.768743735738098621e-03
-2.014855854213237762e-03
-2.127556363120675087e-03
-1.910565071739256382e-03
-1.663157949224114418e-03
-1.647681230679154396e-03
-1.698097563348710537e-03
-1.697427826002240181e-03
-2.174193039536476135e-03
-1.942131784744560719e-03
-1.441007014364004135e-03
-1.549476059153676033e-03
-2.010785974562168121e-03
-2.170818857848644257e-03
-2.140959491953253746e-03
-1.850750064477324486e-03
-1.778709818609058857e-03
-1.858954550698399544e-03
-1.564177218824625015e-03
-1.943115144968032837e-03
-1.981075154617428780e-03
-1.647531171329319477e-03
-1.411801786161959171e-03
-1.525035710074007511e-03
-1.956486143171787262e-03
-1.640488044358789921e-03
-8.390489965677261353e-04
-1.164233777672052383e-03
-1.081518828868865967e-03
-7.950694998726248741e-04
-9.393259533680975437e-04
-1.016250113025307655e-03
-9.208475821651518345e-04
-5.497481324709951878e-04
-8.641409804113209248e-04
-1.078553847037255764e-03
-6.723229889757931232e-04
-4.698322154581546783e-04
-3.600101335905492306e-04
-3.421375586185604334e-04
-5.961967981420457363e-04
-5.735677768825553358e-05
-8.571296930313110352e-04
-5.959718837402760983e-04
-4.289150820113718510e-04
-3.572290552256163210e-06
-6.721185054630041122e-04
-1.274746842682361603e-03
3.926921635866165161e-05
-2.975043025799095631e-04
-4.903154331259429455e-04
-1.098011736758053303e-03
-6.890796357765793800e-04
-6.773249479010701180e-04
-6.407324108295142651e-04
2.853091864380985498e-04
1.832923771871719509e-05
-1.246562809683382511e-03
-7.379553862847387791e-04
-1.068965531885623932e-03
-4.950047587044537067e-04
-6.712711183354258537e-04
-1.070537022314965725e-03
-1.716101192869246006e-03
-1.175892888568341732e-03
-1.214167685247957706e-03
-7.629640167579054832e-04
-7.840793114155530930e-04
-1.115488819777965546e-03
-1.572602544911205769e-03
-1.020436407998204231e-03
-1.815988682210445404e-03
-1.976623199880123138e-03
-1.738753169775009155e-03
-1.649176003411412239e-03
-1.604122924618422985e-03
-1.270489185117185116e-03
-1.613226835615932941e-03
-1.755144912749528885e-03
-1.613627304323017597e-03
-1.227463013492524624e-03
-1.766544301062822342e-03
-1.845358870923519135e-03
-1.801347127184271812e-03
-1.987609080970287323e-03
-1.862268662080168724e-03
-1.791010377928614616e-03
-1.656752312555909157e-03
-1.881191856227815151e-03
-1.866424572654068470e-03
-2.064971253275871277e-03
-1.965109258890151978e-03
-1.948058023117482662e-03
-4.480195231735706329e-03
-3.666442353278398514e-03
-1.544949784874916077e-02
-8.059900254011154175e-03
-2.101191692054271698e-02
-1.311961561441421509e-02
-2.359614148736000061e-02
-3.744811192154884338e-02
-9.634940885007381439e-03
-6.091940775513648987e-02
-8.142463862895965576e-03
-6.365356594324111938e-02
-2.700673788785934448e-02
-7.722599804401397705e-02
-2.724201977252960205e-02
-9.260531514883041382e-02
-2.803575620055198669e-02
-9.921079874038696289e-02
-4.496869817376136780e-02
-9.003752470016479492e-02
-5.316397920250892639e-02
-8.601735532283782959e-02
-7.495331764221191406e-02
-7.927371561527252197e-02
-6.651750206947326660e-02
-9.593142569065093994e-02
-5.449042096734046936e-02
-1.169026866555213928e-01
-3.820258378982543945e-02
-1.301087886095046997e-01
-3.237739950418472290e-02
-1.134067252278327942e-01
-4.690610989928245544e-02
-8.816906064748764038e-02
-7.345618307590484619e-02
-7.350782305002212524e-02
-7.436215877532958984e-02
-6.922052055597305298e-02
-8.297263830900192261e-02
-5.239133536815643311e-02
-5.308236554265022278e-02
-6.753019988536834717e-02
-5.647721514105796814e-02
-5.226578190922737122e-02
-5.583334341645240784e-02
-4.339724406599998474e-02
-5.739198997616767883e-02
-2.258829399943351746e-02
-5.979814380407333374e-02
-9.484721347689628601e-03
-6.664971262216567993e-02
-1.305297133512794971e-03
-4.761944711208343506e-02
-1.572765223681926727e-02
-7.050965912640094757e-03
-3.016892075538635254e-02
-2.176619879901409149e-02
-2.051810733973979950e-03
-3.741830214858055115e-02
-1.546302461065351963e-03
-2.285283245146274567e-02
-1.885892823338508606e-03
-2.024435903877019882e-03
-2.117328532040119171e-02
-1.291856518946588039e-03
-1.538371201604604721e-03
-2.013796940445899963e-03
-1.499569974839687347e-03
-9.827100438997149467e-04
-1.428359653800725937e-03
-1.446231035515666008e-03
-1.447656541131436825e-03
-1.446090871468186378e-03
-1.618128386326134205e-03
-1.177603495307266712e-03
-1.540225464850664139e-03
-1.226735883392393589e-03
-9.229487623088061810e-04
-1.507933950051665306e-03
-1.441535656340420246e-03
-1.433276338502764702e-03
-1.422880915924906731e-03
-1.277211355045437813e-03
-6.048882496543228626e-04
-1.027381164021790028e-03
-1.346886623650789261e-03
-1.218569115735590458e-03
-1.166125410236418247e-03
-9.345397702418267727e-04
-9.797991951927542686e-04
-1.000861870124936104e-03
-1.205699751153588295e-03
-1.299217110499739647e-03
-1.042423187755048275e-03
-1.429295865818858147e-03
-7.705457974225282669e-04
-1.124161062762141228e-03
-1.153463614173233509e-03
-8.574608946219086647e-04
-8.557377732358872890e-04
-1.430811127647757530e-03
-1.367831020615994930e-03
-1.172159332782030106e-03
-1.379076158627867699e-03
-1.456567901186645031e-03
-1.158643746748566628e-03
-9.290260495617985725e-04
-1.077176886610686779e-03
-9.665213292464613914e-04
-1.519635203294456005e-03
-1.228178734891116619e-03
-1.321815070696175098e-03
-1.303268829360604286e-03
-7.996291387826204300e-04
-1.162371365353465080e-03
-7.328524952754378319e-04
-9.129677200689911842e-04
-1.121510053053498268e-03
-1.276159076951444149e-03
-1.414748374372720718e-03
-8.035124628804624081e-04
-6.525259232148528099e-04
-6.961748003959655762e-04
-1.368504250422120094e-03
-9.358946117572486401e-04
-1.172315911389887333e-03
-1.093751401640474796e-03
-1.452026306651532650e-03
-1.418588217347860336e-03
-1.256439019925892353e-03
-1.107394113205373287e-03
-1.415852922946214676e-03
-9.694143082015216351e-04
-9.402614668942987919e-04
-9.270452428609132767e-04
-8.740918128751218319e-04
-9.790051262825727463e-04
-1.125399838201701641e-03
-5.220973980613052845e-04
-9.914750698953866959e-04
-7.469244301319122314e-04
-1.021370291709899902e-03
-1.038367860019207001e-03
-1.093134400434792042e-03
-1.251703128218650818e-03
-7.424120558425784111e-04
-5.201573367230594158e-04
-7.093574968166649342e-04
-8.390340371988713741e-04
-7.839784375391900539e-04
-7.227307069115340710e-04
-1.333505962975323200e-03
-1.273954869247972965e-03
-7.860703044570982456e-04
-6.821911083534359932e-04
