1.833185087889432907e-04
1.243742881342768669e-03
-2.725980630202684551e-05
-2.675953146535903215e-04
-1.340130838798359036e-04
-3.093573322985321283e-04
-2.881502441596239805e-04
3.331956395413726568e-04
3.624941164162009954e-04
-2.818314533215016127e-04
-2.053578791674226522e-04
-1.365994539810344577e-04
-3.190513525623828173e-04
-3.285031707491725683e-04
-4.292246303521096706e-04
1.921077928273007274e-04
-3.941042232327163219e-04
3.523961349856108427e-04
-5.513389478437602520e-04
-3.624107339419424534e-04
-8.484439604217186570e-05
-8.724992512725293636e-04
-1.023027696646749973e-03
-9.110525570577010512e-05
-4.775990673806518316e-04
-3.420252178329974413e-04
1.825461004045791924e-05
1.057876124832546338e-05
-4.886049428023397923e-04
-4.650122427847236395e-04
-1.094106628443114460e-04
-1.470023562433198094e-04
-4.481292562559247017e-04
-1.782985928002744913e-04
1.002299322863109410e-04
-2.099439152516424656e-04
-4.928461858071386814e-04
-6.821004790253937244e-04
-3.347713791299611330e-04
-1.585230784257873893e-04
4.548273136606439948e-05
-2.487619931343942881e-04
-6.190142448758706450e-05
-3.556064912118017673e-04
-4.231035709381103516e-04
-4.653328214772045612e-04
-2.288370305905118585e-04
-3.551613772287964821e-04
-1.045535900630056858e-03
-7.023576763458549976e-04
-3.412529185879975557e-04
-2.185985213145613670e-04
-2.978318370878696442e-04
-4.033912555314600468e-04
-5.922445561736822128e-04
-2.757391775958240032e-04
-1.995383790927007794e-04
-6.124934880062937737e-04
-2.103367150994017720e-04
-3.990886325482279062e-04
-3.967064840253442526e-04
-4.441087075974792242e-04
-1.268664258532226086e-03
-1.192944007925689220e-03
-6.543754134327173233e-04
-5.045455181971192360e-04
-4.881889326497912407e-04
-6.504472694359719753e-04
-1.862151402747258544e-04
-1.037699752487242222e-03
-2.590265648905187845e-04
-4.173498018644750118e-04
-6.176827591843903065e-04
-3.025659243576228619e-04
-5.036295624449849129e-04
-3.673886531032621861e-04
-4.158144583925604820e-04
-4.166399012319743633e-04
-9.811465861275792122e-04
-4.177748924121260643e-04
-6.177709437906742096e-04
-4.668890614993870258e-04
-4.035331658087670803e-04
-5.118339322507381439e-04
-5.554261733777821064e-04
-4.450081323739141226e-04
-6.924139452166855335e-04
-3.690595331136137247e-04
-6.260086083784699440e-04
-7.890365668572485447e-04
-5.396467749960720539e-04
-5.316275637596845627e-04
-2.858239167835563421e-04
-3.509232483338564634e-04
-3.196206816937774420e-04
-2.248020173283293843e-04
-1.855492009781301022e-04
3.951841499656438828e-04
8.851126767694950104e-05
-1.474397868150845170e-04
1.822276099119335413e-04
-1.589218445587903261e-04
-6.113538984209299088e-04
8.798243652563542128e-05
-3.788055255427025259e-05
-1.202409112011082470e-04
-7.336674025282263756e-05
-2.377297641942277551e-05
-5.589163047261536121e-04
-4.122097161598503590e-04
-6.228769198060035706e-04
-4.977410426363348961e-04
-5.683763301931321621e-04
-7.592805195599794388e-04
-1.834483409766107798e-04
-8.913622878026217222e-06
-1.533333706902340055e-04
-3.961081965826451778e-04
-4.265720199327915907e-04
-4.990387242287397385e-04
-5.192041862756013870e-04
-5.040320102125406265e-04
-4.636813828255981207e-04
-8.599305147072300315e-05
-4.795938730239868164e-05
-9.856751421466469765e-05
-1.770280214259400964e-04
-1.561801036586984992e-04
-2.151534572476521134e-04
-4.789651429746299982e-04
-4.468885599635541439e-04
3.455402096733450890e-03
9.138425812125205994e-04
1.163568906486034393e-02
2.904163114726543427e-02
1.913888496346771717e-03
6.790003180503845215e-02
5.122950766235589981e-03
7.719545811414718628e-02
3.292588517069816589e-02
7.215817272663116455e-02
6.434982270002365112e-02
7.860412448644638062e-02
8.126772195100784302e-02
1.013024523854255676e-01
8.459740877151489258e-02
1.123828515410423279e-01
9.025222063064575195e-02
1.219770312309265137e-01
9.392457455396652222e-02
1.261328160762786865e-01
9.654656052589416504e-02
1.194859817624092102e-01
1.006905809044837952e-01
1.099371910095214844e-01
9.655307233333587646e-02
9.951695799827575684e-02
7.613907754421234131e-02
8.939974755048751831e-02
5.838401243090629578e-02
7.237864285707473755e-02
5.026818066835403442e-02
4.061310738325119019e-02
4.074639081954956055e-02
2.122347801923751831e-02
1.662019640207290649e-02
8.145268075168132782e-03
4.291513469070196152e-03
9.978278540074825287e-04
-4.471088686841540039e-05
1.061077455233316869e-05
-2.244531351607292891e-04
2.898931597883347422e-05
7.033600559225305915e-05
-6.676751218037679791e-05
8.455442002741619945e-05
5.907421655138023198e-05
-1.312788517680019140e-04
-1.513802417321130633e-04
1.449349510949105024e-04
-1.067519770003855228e-04
-1.362195471301674843e-04
-1.791857794160023332e-04
-1.693166086624842137e-05
9.770261385710909963e-05
-2.561768342275172472e-04
-9.701729140942916274e-05
-4.850495679420419037e-05
-9.229886927641928196e-05
-1.490790891693904996e-04
-1.212671631947159767e-04
1.536733470857143402e-04
-1.590747997397556901e-04
-3.197020851075649261e-04
-7.812917465344071388e-04
-3.645441611297428608e-04
-5.205280613154172897e-04
-9.151221602223813534e-04
-6.364410510286688805e-04
-5.380790098570287228e-04
-1.060660579241812229e-03
-1.014604349620640278e-03
-4.992741160094738007e-04
-3.670873993542045355e-04
-5.180720472708344460e-04
-6.669473368674516678e-04
-7.676921668462455273e-04
-4.404472128953784704e-04
1.241837453562766314e-04
-5.381648225011304021e-05
-3.737816878128796816e-04
-4.704012826550751925e-05
-7.383494812529534101e-05
1.673280930845066905e-04
8.546864410163834691e-05
-1.437774335499852896e-04
-4.753928806167095900e-05
1.034777378663420677e-04
1.545636914670467377e-04
3.702597459778189659e-04
-5.592868910753168166e-05
1.184968568850308657e-04
2.479081740602850914e-05
-2.350511058466508985e-04
-6.608054536627605557e-05
1.744817272992804646e-04
8.142936712829396129e-05
-1.622836425667628646e-04
-1.847669336711987853e-04
1.387831143802031875e-04
1.321485760854557157e-04
3.530792309902608395e-05
3.439121428527869284e-05
2.426689025014638901e-03
8.582653477787971497e-03
1.634230464696884155e-02
2.635315060615539551e-02
2.778846584260463715e-02
5.290140584111213684e-02
4.112537577748298645e-02
7.447120547294616699e-02
5.606934428215026855e-02
8.901230245828628540e-02
7.425747811794281006e-02
1.041308939456939697e-01
9.063502401113510132e-02
1.166990026831626892e-01
9.316246956586837769e-02
1.243922710418701172e-01
9.531482309103012085e-02
1.239896863698959351e-01
1.052937731146812439e-01
1.077949032187461853e-01
1.119946986436843872e-01
8.393745869398117065e-02
1.226370260119438171e-01
6.322515010833740234e-02
1.142179742455482483e-01
4.415055736899375916e-02
1.055796667933464050e-01
2.942898869514465332e-02
9.007383137941360474e-02
1.169551536440849304e-02
6.219833716750144958e-02
2.324707806110382080e-02
2.840507403016090393e-02
2.185534685850143433e-02
1.266891509294509888e-02
4.723686259239912033e-03
3.756910562515258789e-03
2.994299284182488918e-04
4.126567364437505603e-05
-3.083754854742437601e-04
-1.090766600100323558e-04
6.722359103150665760e-05
-3.901675227098166943e-04
-2.659194287844002247e-04
-1.317005953751504421e-04
-2.958581317216157913e-04
3.514604395604692400e-05
-4.125307314097881317e-04
2.882730950659606606e-05
-3.016875416506081820e-04
-5.401991074904799461e-04
-1.309869840042665601e-04
-3.482834144961088896e-04
-2.116159739671275020e-04
-2.785618999041616917e-04
1.130118835135363042e-05
-4.435364971868693829e-04
-3.468944923952221870e-04
-4.520516376942396164e-04
-3.662793606054037809e-04
-2.465743746142834425e-04
-3.976096049882471561e-04
-4.483501252252608538e-04
-4.812453407794237137e-04
-3.358642279636114836e-04
-4.796509747393429279e-04
-5.682322080247104168e-04
-4.910594434477388859e-04
-2.458608068991452456e-04
1.135058937506983057e-05
-5.114941741339862347e-04
-3.729822929017245770e-04
-2.275985571031924337e-05
-4.197230446152389050e-04
-6.831645732745528221e-04
-4.421528137754648924e-04
-3.736591024789959192e-04
-4.116326163057237864e-04
-5.689995014108717442e-04
-1.437266473658382893e-04
1.121184832300059497e-04
-1.109091754187829792e-04
-2.583487657830119133e-04
-4.840361943934112787e-04
-3.083962947130203247e-04
-4.489709390327334404e-04
-3.857612027786672115e-04
-3.630911232903599739e-04
-4.103943647351115942e-04
-2.570761134847998619e-04
-3.149546100758016109e-04
-4.195457149762660265e-04
-3.097657172475010157e-04
-5.068497848697006702e-04
-7.569933077320456505e-04
-4.312996170483529568e-04
-3.748311428353190422e-04
-1.132687320932745934e-04
-4.171551554463803768e-04
-2.595383266452699900e-04
-9.320426615886390209e-04
-4.443278012331575155e-04
-3.803652653004974127e-04
-1.728528441162779927e-04
-3.868990461342036724e-04
-3.398180706426501274e-04
-4.652327916119247675e-04
2.235678548458963633e-04
-4.845841031055897474e-04
-3.320221148896962404e-04
-1.210117014124989510e-03
-4.045656241942197084e-04
-1.617330999579280615e-04
-2.471877087373286486e-04
-3.293788467999547720e-04
-6.160938064567744732e-04
-3.355066000949591398e-04
-4.232937935739755630e-04
1.724189496599137783e-04
-8.550049969926476479e-04
-5.718920147046446800e-04
-4.461228672880679369e-04
-2.637777070049196482e-04
-4.964475519955158234e-04
-3.409469500184059143e-04
-3.425478935241699219e-04
-1.812674308894202113e-04
-7.755989790894091129e-04
-3.060524468310177326e-04
-4.028892435599118471e-04
-4.046469402965158224e-04
-4.008907999377697706e-04
-7.739686407148838043e-05
-4.319743602536618710e-04
-2.695131697691977024e-04
3.180117637384682894e-04
1.149445142800686881e-05
1.557543000672012568e-04
-1.474671444157138467e-04
-2.525585587136447430e-04
-3.076031571254134178e-04
-5.132702062837779522e-04
6.614476660615764558e-06
-4.844240611419081688e-04
1.588691520737484097e-04
2.682409831322729588e-04
-3.159484185744076967e-04
-2.443215344101190567e-04
-2.341406507184728980e-04
-1.925456163007766008e-04
-6.619007035624235868e-05
-8.750434062676504254e-05
-3.337551606819033623e-05
7.210866315290331841e-04
-1.158262457465752959e-04
-3.460696898400783539e-04
-2.413275069557130337e-04
-5.002118996344506741e-04
-6.746134022250771523e-05
-4.326251510065048933e-04
-3.299127274658530951e-04
-2.746749087236821651e-04
-6.950015813345089555e-05
3.748575109057128429e-04
1.205031876452267170e-04
-3.703833790495991707e-04
-2.698718162719160318e-05
8.570339559810236096e-05
