-1.220472622662782669e-03
-6.469549844041466713e-04
-7.823086343705654144e-04
-1.355484710074961185e-03
-3.639978822320699692e-04
-5.349149578250944614e-04
-7.645980804227292538e-04
-4.205552686471492052e-04
2.754064626060426235e-04
-1.141446526162326336e-03
-7.731613004580140114e-04
-2.538655244279652834e-04
-4.064718268637079746e-06
-8.492351626046001911e-04
-1.480556093156337738e-03
-9.509336086921393871e-04
-4.681544669438153505e-04
-1.108291908167302608e-03
-4.370461974758654833e-04
-1.025834120810031891e-03
-5.201346939429640770e-04
-8.085475419647991657e-04
-9.945373312802985311e-05
-9.144235082203522325e-05
-3.210807044524699450e-04
-5.962256691418588161e-04
-3.981722111348062754e-04
-8.814811008051037788e-04
-1.171540206996724010e-04
-5.787223562947474420e-05
-1.137776562245562673e-04
-3.493993426673114300e-04
-6.427558255381882191e-04
-9.122170158661901951e-04
-7.318118587136268616e-04
-3.125699295196682215e-04
-2.244700044684577733e-05
-2.048200549324974418e-04
-7.244032458402216434e-04
-7.413158891722559929e-04
-4.161260440014302731e-04
-2.150005602743476629e-04
-4.224252770654857159e-04
-4.827979137189686298e-04
-4.512239247560501099e-04
-2.794719766825437546e-04
-4.661641723942011595e-04
-3.200765058863908052e-04
-3.623340453486889601e-04
-4.847765085287392139e-04
-3.074081905651837587e-04
-3.442091983743011951e-04
-5.363819655030965805e-04
-1.024381141178309917e-03
-7.099472568370401859e-04
-2.431940811220556498e-04
-7.159431115724146366e-04
-1.129069598391652107e-03
-1.066335709765553474e-03
-6.337056402117013931e-04
-5.965830641798675060e-04
-4.082840750925242901e-04
-5.422323592938482761e-04
-2.187218342442065477e-04
-1.456143800169229507e-04
-3.297270741313695908e-04
-3.782279964070767164e-04
6.641883373958989978e-05
5.722294372390024364e-05
-9.184408554574474692e-05
-1.046912439051084220e-04
-9.925235062837600708e-04
-3.541091282386332750e-04
-4.744939215015619993e-04
-6.772284978069365025e-04
-7.353258552029728889e-04
-7.813547854311764240e-04
-1.828666863730177283e-04
-1.736166595946997404e-04
-3.956330474466085434e-04
-5.892917397432029247e-04
-1.095914922188967466e-04
-3.109069366473704576e-04
-4.595439168042503297e-05
-5.998271517455577850e-04
-9.208409464918076992e-04
-5.826356937177479267e-05
3.832073707599192858e-04
4.361468381830491126e-05
-7.577888900414109230e-04
-2.864467678591609001e-04
-4.914336604997515678e-04
3.280367527622729540e-04
-1.320392184425145388e-04
-1.825171348173171282e-04
1.453431177651509643e-04
1.694286987185478210e-02
9.498151484876871109e-05
3.860970900859683752e-04
2.588531933724880219e-02
-2.635146956890821457e-04
1.554622966796159744e-02
-8.603307651355862617e-05
2.894283644855022430e-02
1.373104518279433250e-03
3.343837708234786987e-02
5.797508638352155685e-03
1.578021422028541565e-02
4.071611538529396057e-02
4.818281740881502628e-04
8.205734938383102417e-02
3.546453663147985935e-04
6.560713797807693481e-02
4.184242337942123413e-02
2.093474380671977997e-02
8.179440349340438843e-02
3.096200525760650635e-02
5.732433870434761047e-02
6.510528177022933960e-02
6.352299451828002930e-02
5.407381802797317505e-02
7.549186795949935913e-02
6.493176519870758057e-02
6.214351579546928406e-02
8.016243577003479004e-02
6.145853549242019653e-02
8.412650972604751587e-02
7.204645872116088867e-02
5.894185230135917664e-02
1.019691526889801025e-01
4.918588325381278992e-02
8.555277436971664429e-02
7.627220451831817627e-02
6.191942095756530762e-02
8.727283775806427002e-02
5.877996236085891724e-02
6.930667906999588013e-02
7.351767271757125854e-02
7.249151915311813354e-02
4.491819068789482117e-02
8.846219629049301147e-02
4.550993070006370544e-02
6.328974664211273193e-02
4.454852268099784851e-02
5.782191827893257141e-02
3.684179112315177917e-02
4.851761832833290100e-02
4.750306159257888794e-02
1.909338124096393585e-02
4.589600116014480591e-02
2.264595031738281250e-02
1.819722726941108704e-02
2.635049074888229370e-02
8.178398944437503815e-03
2.339277043938636780e-02
1.537361880764365196e-03
1.383662503212690353e-02
3.140745451673865318e-03
6.104427389800548553e-03
6.800952251069247723e-04
1.134825055487453938e-03
1.949982688529416919e-04
-5.024683923693373799e-05
5.935232620686292648e-04
1.166775618912652135e-04
6.081492174416780472e-04
-1.539338554721325636e-04
-3.918361326213926077e-04
-1.329438819084316492e-04
-1.042626754497177899e-04
-2.476538356859236956e-04
-1.228821784025058150e-04
-1.248597254743799567e-04
-1.874187873909249902e-04
-1.349476806353777647e-04
-1.028811402647988871e-05
-3.071664250455796719e-04
-5.829851725138723850e-04
-4.275453102309256792e-04
-3.138165338896214962e-04
-4.535338666755706072e-04
-5.693444982171058655e-04
-6.727792788296937943e-04
-4.275155952200293541e-04
-3.540135221555829048e-04
-6.340233958326280117e-04
-8.188943029381334782e-04
-5.099572008475661278e-04
-4.907121183350682259e-04
-4.417854652274399996e-04
-7.352674147114157677e-04
-9.952222462743520737e-04
-4.879282205365598202e-04
-8.815835462883114815e-04
-1.199732418172061443e-03
-7.075900794006884098e-04
-5.423186812549829483e-04
-9.530297247692942619e-04
-1.436348538845777512e-03
-1.056722132489085197e-03
-1.007116516120731831e-03
-9.545244392938911915e-04
-7.251642527990043163e-04
-9.535391000099480152e-04
-1.100451219826936722e-03
-1.056747278198599815e-03
-9.514242410659790039e-04
-9.396528475917875767e-04
-6.011856021359562874e-04
-7.189773605205118656e-04
-1.003740006126463413e-03
-7.401650655083358288e-04
-6.438257987610995770e-04
-6.239592330530285835e-04
-3.287366998847573996e-04
-4.558734945021569729e-04
-8.425668929703533649e-04
-6.899940781295299530e-04
-2.844512637238949537e-04
-3.171207790728658438e-04
-5.679953028447926044e-04
-4.331408999860286713e-04
-1.585133577464148402e-04
-1.656007807468995452e-04
-1.976587518583983183e-04
-2.844159025698900223e-04
-2.329788258066400886e-04
2.467502199579030275e-04
5.159124266356229782e-04
3.126526717096567154e-04
4.210252081975340843e-04
-4.042296786792576313e-04
-2.248928794870153069e-04
3.851246437989175320e-04
5.735591403208673000e-04
1.191516785183921456e-04
-1.722161250654608011e-04
-2.305164234712719917e-04
4.171355976723134518e-05
3.084651543758809566e-04
9.924037149176001549e-04
2.193647960666567087e-04
3.955245949327945709e-03
1.354769483441486955e-04
1.741407625377178192e-02
3.230483853258192539e-04
2.632566727697849274e-02
2.768657170236110687e-03
3.611534833908081055e-02
1.926791295409202576e-02
2.904165349900722504e-02
4.341717064380645752e-02
1.509866584092378616e-02
5.773677676916122437e-02
3.015542030334472656e-02
5.705551430583000183e-02
5.674309656023979187e-02
2.921183779835700989e-02
9.626191109418869019e-02
2.622471377253532410e-02
8.480910211801528931e-02
5.713470652699470520e-02
7.304149121046066284e-02
7.252888381481170654e-02
7.556613534688949585e-02
6.622220575809478760e-02
8.975958824157714844e-02
6.302985548973083496e-02
7.111723721027374268e-02
1.023615375161170959e-01
4.398374632000923157e-02
1.136182919144630432e-01
3.699101135134696960e-02
1.103591173887252808e-01
4.186381399631500244e-02
1.037152707576751709e-01
4.190753027796745300e-02
9.860479831695556641e-02
4.046756029129028320e-02
7.313312590122222900e-02
7.997513562440872192e-02
2.277945354580879211e-02
1.014467105269432068e-01
3.746986913029104471e-04
1.160754114389419556e-01
2.599204890429973602e-03
8.271653205156326294e-02
1.456990139558911324e-05
8.943018317222595215e-02
4.369253292679786682e-05
7.284375280141830444e-02
3.715411585289984941e-04
3.977892175316810608e-02
2.510555833578109741e-02
-3.790529808611609042e-05
6.778538227081298828e-02
-2.452138287480920553e-04
-7.460878259735181928e-05
3.597723320126533508e-02
1.024915400194004178e-04
2.100043185055255890e-02
4.773624823428690434e-05
3.251327434554696083e-04
2.166140824556350708e-03
6.801218114560469985e-05
-3.406134201213717461e-04
-2.485975273884832859e-04
-5.713354403269477189e-05
-3.963713534176349640e-04
-4.414612194523215294e-04
-2.981511643156409264e-04
-2.918747668445575982e-05
-2.125131723005324602e-04
-4.408137465361505747e-04
1.461171486880630255e-04
-3.036710550077259541e-04
-2.785284596029669046e-04
-1.037387875840067863e-03
-6.758474046364426613e-04
-2.697167801670730114e-04
-3.579005715437233448e-04
-5.109023186378180981e-04
-4.926389083266258240e-04
3.926409135601716116e-06
-3.640434297267347574e-04
-3.839864803012460470e-04
-3.338455280754715204e-04
-2.878309169318526983e-04
-5.836370837641879916e-05
-1.277212140848860145e-04
-7.570415618829429150e-05
-5.981581052765250206e-04
-4.776401037815958261e-04
-5.802425439469516277e-04
-3.896870475728064775e-04
-3.075040585827082396e-04
-2.992350491695106030e-04
-7.017854368314146996e-04
-5.246122018434107304e-04
-7.462708163075149059e-04
-2.733025758061558008e-04
-4.966721171513199806e-04
-3.487343492452055216e-04
-6.779060349799692631e-04
-8.138714474625885487e-04
-6.403262377716600895e-04
-2.316510654054582119e-04
-2.302109642187133431e-04
-7.730966899544000626e-04
-2.288116957060992718e-04
-6.563406204804778099e-04
-9.089071536436676979e-04
-5.913076456636190414e-04
-3.975025028921663761e-04
-5.845378036610782146e-04
-4.387712979223579168e-04
-4.407226224429905415e-04
-4.663701984100043774e-04
-7.154363556765019894e-04
-2.224000345449894667e-04
2.903076237998902798e-04
-2.645100757945328951e-04
7.512560387112898752e-06
-4.500489158090204000e-04
-7.711185608059167862e-04
-5.075822700746357441e-04
-3.930361708626151085e-04
-9.425616008229553699e-04
-5.973037914372980595e-04
-7.811363320797681808e-04
-7.091485895216464996e-04
-5.240595783106982708e-04
-6.402094149962067604e-04
-4.786092613358050585e-04
-8.111327770166099072e-04
-8.073270437307655811e-04
-2.760651987046003342e-04
-7.449972908943891525e-04
-8.936484227888286114e-04
-1.279162941500544548e-03
-7.216296507976949215e-04
-7.237825775519013405e-04
-5.379154463298618793e-04
-1.844568323576822877e-04
-1.152109471149742603e-03
-7.513065938837826252e-04
-4.726978659164160490e-04
-4.671499482356011868e-04
-5.655355635099112988e-04
-3.840744902845472097e-04
-2.107713080476969481e-04
-8.870339370332658291e-04
-1.405994407832622528e-03
-9.946258505806326866e-04
-6.997919408604502678e-04
-4.288815835025161505e-04
1.117940628319047391e-04
-3.599997726269066334e-04
-1.191431889310479164e-03
-1.718679443001747131e-03
-1.113433623686432838e-03
