-3.199749335180968046e-04
-3.127233649138361216e-04
-2.612163661979138851e-04
-3.642092633526772261e-04
-3.095151041634380817e-04
-3.502186737023293972e-04
-4.194588982500135899e-04
-4.503998789004981518e-04
-4.986040876246988773e-04
-5.154835525900125504e-04
-4.991405294276773930e-04
-4.963817191310226917e-04
-5.442115361802279949e-04
-5.322899087332189083e-04
-7.389835664071142673e-04
-6.743136327713727951e-04
-6.663480307906866074e-04
-7.339366711676120758e-04
-7.024420774541795254e-04
-8.734090952202677727e-04
-8.091479539871215820e-04
-8.640740416012704372e-04
-8.894649217836558819e-04
-8.827997953630983829e-04
-8.443382685072720051e-04
-8.594665559940040112e-04
-9.507652721367776394e-04
-9.739004308357834816e-04
-9.328056476078927517e-04
-9.892527014017105103e-04
-9.916222188621759415e-04
-9.173499420285224915e-04
-1.102400361560285091e-03
-1.176906516775488853e-03
-1.082609407603740692e-03
-1.102515845559537411e-03
-1.120709464885294437e-03
-1.156061887741088867e-03
-1.140511129051446915e-03
-1.147736329585313797e-03
-1.121271983720362186e-03
-1.189926988445222378e-03
-1.083566225133836269e-03
-1.065746531821787357e-03
-1.110498793423175812e-03
-1.112144556827843189e-03
-1.083939219824969769e-03
-1.047721016220748425e-03
-1.053742016665637493e-03
-9.558881865814328194e-04
-1.010870561003684998e-03
-9.307197760790586472e-04
-1.042672083713114262e-03
-9.180617635138332844e-04
-7.727724732831120491e-04
-8.096744422800838947e-04
-7.990890298970043659e-04
-7.727249758318066597e-04
-7.104995311237871647e-04
-6.164626101963222027e-04
-5.154322716407477856e-04
-4.531782760750502348e-04
-4.700978461187332869e-04
-3.894028195645660162e-04
-3.511203976813703775e-04
-1.240909186890348792e-04
-9.628792759031057358e-05
-4.184868521406315267e-05
9.213612793246284127e-05
1.615543442312628031e-04
2.823036629706621170e-04
3.986242227256298065e-04
3.735371865332126617e-04
6.555680884048342705e-04
8.709414978511631489e-04
8.541409624740481377e-04
8.739120676182210445e-04
1.093229046091437340e-03
1.143283443525433540e-03
1.269437838345766068e-03
1.417687512002885342e-03
1.469365088269114494e-03
1.672266284003853798e-03
1.827519619837403297e-03
1.853592926636338234e-03
2.048714319244027138e-03
2.298010513186454773e-03
2.094094874337315559e-03
2.407427644357085228e-03
2.393765607848763466e-03
2.594701712951064110e-03
2.818313660100102425e-03
2.973427763208746910e-03
2.880303654819726944e-03
3.083491465076804161e-03
3.068221732974052429e-03
3.184112254530191422e-03
3.204146167263388634e-03
3.290238324552774429e-03
3.430417040362954140e-03
3.480479586869478226e-03
3.321168012917041779e-03
3.533563809469342232e-03
3.555305767804384232e-03
3.519966034218668938e-03
3.507190849632024765e-03
3.627326572313904762e-03
3.442272543907165527e-03
3.585817990824580193e-03
3.570307511836290359e-03
3.649204736575484276e-03
3.673249157145619392e-03
3.585852449759840965e-03
3.589302999898791313e-03
3.418741282075643539e-03
3.538426943123340607e-03
3.383920062333345413e-03
3.363872645422816277e-03
3.334807930514216423e-03
3.206508466973900795e-03
3.210501046851277351e-03
3.172843251377344131e-03
3.216042881831526756e-03
3.327090060338377953e-03
3.137084655463695526e-03
3.055111970752477646e-03
3.056385554373264313e-03
3.176053753122687340e-03
3.041082993149757385e-03
3.018616931512951851e-03
3.015662077814340591e-03
3.255001502111554146e-03
3.279814496636390686e-03
3.454210469499230385e-03
3.572897287085652351e-03
3.758252598345279694e-03
3.715154947713017464e-03
3.853319911286234856e-03
4.206995479762554169e-03
4.212116356939077377e-03
4.574846941977739334e-03
4.947388079017400742e-03
5.391619633883237839e-03
5.635370966047048569e-03
6.079681683331727982e-03
6.291746161878108978e-03
7.159189786761999130e-03
7.396677508950233459e-03
7.969563826918601990e-03
8.421853184700012207e-03
8.887087926268577576e-03
8.980820886790752411e-03
9.318461641669273376e-03
9.988888166844844818e-03
9.719001129269599915e-03
9.974407963454723358e-03
1.011629868298768997e-02
9.881558828055858612e-03
1.001926884055137634e-02
9.925992228090763092e-03
9.182525798678398132e-03
8.642203174531459808e-03
7.809351198375225067e-03
7.422264199703931808e-03
7.057279814034700394e-03
5.465896334499120712e-03
4.639323335140943527e-03
3.162053180858492851e-03
2.303847344592213631e-03
1.072006649337708950e-03
1.803422492230311036e-04
-9.617566247470676899e-04
-1.298558316193521023e-03
-1.759428880177438259e-03
-1.409677905030548573e-03
-1.194834010675549507e-03
-1.344892312772572041e-03
4.166895989328622818e-03
6.994604598730802536e-03
6.981106009334325790e-03
1.042310521006584167e-02
1.301077101379632950e-02
2.307420037686824799e-02
1.646547392010688782e-02
6.362464278936386108e-03
-9.011452086269855499e-03
-6.599990651011466980e-03
-1.862814649939537048e-02
-1.746590435504913330e-02
7.025394123047590256e-03
2.994966320693492889e-02
3.717572987079620361e-02
3.770137205719947815e-02
5.023371800780296326e-02
1.738055609166622162e-02
7.961917668581008911e-02
1.408030390739440918e-01
5.854726582765579224e-02
4.783656820654869080e-02
-5.015532672405242920e-02
-9.790389239788055420e-02
3.206365182995796204e-02
1.982081308960914612e-02
-2.110317908227443695e-02
8.060815930366516113e-02
1.900159940123558044e-02
-1.329758465290069580e-01
-2.898429334163665771e-02
-7.003470510244369507e-02
1.286220550537109375e-02
1.038540620356798172e-02
3.213012591004371643e-02
2.416023798286914825e-02
1.016418542712926865e-02
1.022118702530860901e-02
-7.274975068867206573e-03
1.039036735892295837e-02
1.596155948936939240e-02
7.582549937069416046e-03
6.355870515108108521e-03
1.281261537224054337e-02
1.462290808558464050e-02
1.555701903998851776e-02
1.582015119493007660e-02
1.238840539008378983e-02
1.225648820400238037e-02
9.426147677004337311e-03
8.711474947631359100e-03
6.896643433719873428e-03
5.911776330322027206e-03
5.651240237057209015e-03
5.177084822207689285e-03
4.399372730404138565e-03
3.761324798688292503e-03
2.769520273432135582e-03
2.467645797878503799e-03
1.398549182340502739e-03
1.057287910953164101e-03
1.983391121029853821e-04
-1.341210881946608424e-04
-1.078123925253748894e-03
-1.419422216713428497e-03
-1.999871339648962021e-03
-2.234762068837881088e-03
-2.583802910521626472e-03
-2.729199128225445747e-03
-2.550950506702065468e-03
-2.759847324341535568e-03
-2.690283115953207016e-03
-2.428421285003423691e-03
-2.297714119777083397e-03
-2.235929016023874283e-03
-1.926369033753871918e-03
-1.822941470891237259e-03
-1.556637929752469063e-03
-1.015565823763608932e-03
-9.362905984744429588e-04
-7.230312912724912167e-04
-5.950828781351447105e-04
-1.706322073005139828e-04
-1.914561871672049165e-04
2.770736173260957003e-04
1.996060309465974569e-04
5.027368897572159767e-04
5.920628318563103676e-04
8.086146553978323936e-04
7.810405222699046135e-04
9.129729587584733963e-04
1.000234740786254406e-03
9.592043934389948845e-04
1.174686825834214687e-03
1.203060965053737164e-03
1.056596171110868454e-03
1.255651935935020447e-03
1.005369471386075020e-03
1.137376297265291214e-03
9.306146530434489250e-04
9.201851789839565754e-04
7.756137638352811337e-04
7.737508276477456093e-04
7.425276562571525574e-04
7.418664754368364811e-04
7.196988444775342941e-04
5.715231527574360371e-04
5.578989512287080288e-04
3.684832481667399406e-04
3.799838596023619175e-04
2.178379945689812303e-04
2.603091998025774956e-04
2.858118969015777111e-04
1.372372644254937768e-04
7.474285666830837727e-05
7.644957804586738348e-05
3.847542757284827530e-05
-5.484557186719030142e-05
-1.066566983354277909e-04
-1.657207030802965164e-04
-6.887614290462806821e-05
-2.247244992759078741e-04
-2.238822489744052291e-04
-3.310214960947632790e-04
-2.026416768785566092e-04
-2.579846186563372612e-04
-2.633964177221059799e-04
-2.682812046259641647e-04
-1.591277978150174022e-04
-2.613768156152218580e-04
-2.054801152553409338e-04
-2.249255776405334473e-04
-2.461574040353298187e-04
-2.926207089331001043e-04
-1.908871199702844024e-04
-3.111971309408545494e-04
-2.304986119270324707e-04
-1.507405831944197416e-04
-3.423549787839874625e-05
-6.035905607859604061e-05
-1.133221230702474713e-04
-1.098670236387988552e-05
-1.140160529757849872e-04
1.985220478672999889e-05
9.068557847058400512e-05
4.305345282773487270e-05
1.296628906857222319e-04
4.486363832256756723e-05
2.015633217524737120e-04
1.482939260313287377e-04
2.044893190031871200e-04
1.505633845226839185e-04
1.326817291555926204e-04
2.245428913738578558e-04
2.292120188940316439e-04
7.965564873302355409e-05
2.053359494311735034e-04
1.785127969924360514e-04
2.587639610283076763e-04
1.781867322279140353e-04
1.928326964844018221e-04
2.770560677163302898e-04
2.538424741942435503e-04
1.933237072080373764e-04
2.400537487119436264e-04
2.543668088037520647e-04
2.893998753279447556e-04
2.322630462003871799e-04
3.009731881320476532e-04
3.116882871836423874e-04
2.412397880107164383e-04
3.033505345229059458e-04
2.947017783299088478e-04
3.102364717051386833e-04
2.490702609065920115e-04
2.815044717863202095e-04
2.734430308919399977e-04
3.024810284841805696e-04
2.847160794772207737e-04
2.895508951041847467e-04
2.444763667881488800e-04
2.065459993900731206e-04
3.127327072434127331e-04
3.094123385380953550e-04
2.109722263412550092e-04
2.818452485371381044e-04
2.009252930292859674e-04
2.041226398432627320e-04
1.872683351393789053e-04
2.149139181710779667e-04
1.403613714501261711e-04
2.186765632359310985e-04
1.366476208204403520e-04
1.743472384987398982e-04
1.710270007606595755e-04
2.174433757318183780e-04
2.108395565301179886e-04
1.169751485576853156e-04
2.367892739130184054e-04
1.061674338416196406e-04
1.381767215207219124e-04
1.199828693643212318e-04
1.485266111558303237e-04
3.474481491139158607e-05
5.114382292958907783e-05
3.384968294994905591e-05
1.233197399415075779e-04
1.104501789086498320e-04
8.756983152125030756e-05
-1.203599276777822524e-05
8.283460192615166306e-05
7.819644088158383965e-05
6.003156158840283751e-05
3.773585194721817970e-05
8.240323222707957029e-05
1.445599082217086107e-05
3.698555156006477773e-05
9.923437755787745118e-05
9.757404768606647849e-05
8.405595144722610712e-05
9.698327630758285522e-05
4.413263468450168148e-06
2.557445623097009957e-05
4.294521204428747296e-05
