-1.775518758222460747e-04
-1.525894185760989785e-04
-2.336111356271430850e-04
-2.110982750309631228e-04
-2.406151907052844763e-04
-2.227776712970808148e-04
-2.327128750039264560e-04
-1.971156889339908957e-04
-2.703943755477666855e-04
-3.076879365835338831e-04
-3.018691204488277435e-04
-2.704254293348640203e-04
-3.454456455074250698e-04
-3.303296107333153486e-04
-4.775023262482136488e-04
-3.800520498771220446e-04
-4.866312083322554827e-04
-4.843654169235378504e-04
-4.787406942341476679e-04
-4.864960792474448681e-04
-5.174328689463436604e-04
-6.092927651479840279e-04
-5.778038175776600838e-04
-6.980540929362177849e-04
-6.425367901101708412e-04
-6.753084599040448666e-04
-6.575934239663183689e-04
-7.919053896330296993e-04
-7.099070935510098934e-04
-8.091459749266505241e-04
-7.786749629303812981e-04
-8.348783012479543686e-04
-9.253638563677668571e-04
-9.333604830317199230e-04
-8.984458399936556816e-04
-9.092721738852560520e-04
-9.518705192022025585e-04
-1.051948755048215389e-03
-1.063797972165048122e-03
-1.093683531507849693e-03
-1.127770752646028996e-03
-1.053850399330258369e-03
-1.283577876165509224e-03
-1.207395805977284908e-03
-1.246752915903925896e-03
-1.198847545310854912e-03
-1.226028078235685825e-03
-1.402679132297635078e-03
-1.371077611111104488e-03
-1.406453782692551613e-03
-1.451701740734279156e-03
-1.408366486430168152e-03
-1.505716354586184025e-03
-1.536355819553136826e-03
-1.545630162581801414e-03
-1.592022133991122246e-03
-1.635684166103601456e-03
-1.628876547329127789e-03
-1.643548952415585518e-03
-1.751475036144256592e-03
-1.775229466147720814e-03
-1.796689932234585285e-03
-1.759827253408730030e-03
-1.930499332956969738e-03
-1.966781215742230415e-03
-1.922777621075510979e-03
-1.932175131514668465e-03
-2.072237199172377586e-03
-2.110094763338565826e-03
-2.044345019385218620e-03
-2.102711237967014313e-03
-2.138711046427488327e-03
-2.214040607213973999e-03
-2.188168466091156006e-03
-2.257412299513816833e-03
-2.346814610064029694e-03
-2.269069897010922432e-03
-2.302973531186580658e-03
-2.212580060586333275e-03
-2.468720776960253716e-03
-2.505559707060456276e-03
-2.503299387171864510e-03
-2.517600078135728836e-03
-2.598179969936609268e-03
-2.760206116363406181e-03
-2.771646948531270027e-03
-2.693183487281203270e-03
-2.769412007182836533e-03
-2.830188255757093430e-03
-2.795492997393012047e-03
-2.966450527310371399e-03
-3.057325957342982292e-03
-2.968174172565340996e-03
-3.157727420330047607e-03
-3.003288293257355690e-03
-3.195031778886914253e-03
-3.158270847052335739e-03
-3.310651285573840141e-03
-3.383632516488432884e-03
-3.483044216409325600e-03
-3.541800193488597870e-03
-3.667043987661600113e-03
-3.624014789238572121e-03
-3.625322598963975906e-03
-3.788100089877843857e-03
-3.740245709195733070e-03
-3.891295520588755608e-03
-3.966289106756448746e-03
-4.091224633157253265e-03
-3.955277148634195328e-03
-4.264009185135364532e-03
-4.149850923568010330e-03
-4.386173095554113388e-03
-4.497601650655269623e-03
-4.615630488842725754e-03
-4.573549143970012665e-03
-4.705073777586221695e-03
-4.861560184508562088e-03
-4.942965228110551834e-03
-4.985581152141094208e-03
-5.198854487389326096e-03
-5.276228301227092743e-03
-5.307225510478019714e-03
-5.368371028453111649e-03
-5.564528051763772964e-03
-5.649084225296974182e-03
-5.639156326651573181e-03
-5.729924421757459641e-03
-5.852642934769392014e-03
-6.178159732371568680e-03
-6.137241609394550323e-03
-6.151719950139522552e-03
-6.157449912279844284e-03
-6.372737698256969452e-03
-6.425034720450639725e-03
-6.499679759144783020e-03
-6.609828211367130280e-03
-6.676582153886556625e-03
-6.775867193937301636e-03
-6.758582312613725662e-03
-7.047660183161497116e-03
-6.972466595470905304e-03
-6.848800461739301682e-03
-7.037980481982231140e-03
-7.208939641714096069e-03
-7.164633367210626602e-03
-7.278164383023977280e-03
-7.509271148592233658e-03
-7.444523740559816360e-03
-7.427728734910488129e-03
-7.451654877513647079e-03
-7.603695616126060486e-03
-7.546084467321634293e-03
-7.569008041173219681e-03
-7.538521662354469299e-03
-7.686274126172065735e-03
-7.504542358219623566e-03
-7.400083821266889572e-03
-7.491423282772302628e-03
-7.607288658618927002e-03
-7.505034562200307846e-03
-7.770834490656852722e-03
-7.559479679912328720e-03
-7.599271833896636963e-03
-7.238413207232952118e-03
-7.296047639101743698e-03
-7.330615073442459106e-03
-7.096415385603904724e-03
-7.053412962704896927e-03
-6.943444721400737762e-03
-6.839984562247991562e-03
-6.885764189064502716e-03
-6.294146645814180374e-03
-6.267347373068332672e-03
-6.677370518445968628e-03
-6.054990924894809723e-03
-6.539749912917613983e-03
-6.302485242486000061e-03
-6.139044649899005890e-03
-6.363796535879373550e-03
-6.117878947407007217e-03
-5.499518010765314102e-03
-5.118738859891891479e-03
-5.467408336699008942e-03
-5.446611903607845306e-03
-5.330212414264678955e-03
-5.043409764766693115e-03
-5.015016999095678329e-03
-6.301153451204299927e-03
-7.000114303082227707e-03
-3.411216195672750473e-03
3.021339420229196548e-03
8.890002965927124023e-03
7.316124625504016876e-03
8.724384941160678864e-03
-3.823891049250960350e-03
1.549540087580680847e-02
-2.588611794635653496e-03
2.431037835776805878e-03
-1.266734208911657333e-02
1.819132739910855889e-04
1.396213471889495850e-02
-3.513695299625396729e-02
8.400693535804748535e-02
-2.729376778006553650e-02
1.704001054167747498e-02
1.507257763296365738e-02
1.349872816354036331e-02
4.523372743278741837e-03
4.695447860285639763e-04
-3.746798320207744837e-04
1.226573076564818621e-04
3.674787003546953201e-04
3.625555546022951603e-04
5.231284303590655327e-04
2.739508054219186306e-04
1.649728801567107439e-04
-1.594260393176227808e-04
-5.714567960239946842e-04
-1.883777789771556854e-03
-1.720825093798339367e-03
-2.318172017112374306e-03
-2.765481825917959213e-03
-3.047625068575143814e-03
-3.285018494352698326e-03
-3.504522843286395073e-03
-4.215587861835956573e-03
-4.382108803838491440e-03
-4.604353569447994232e-03
-4.837722517549991608e-03
-4.932045470923185349e-03
-4.997701384127140045e-03
-5.356369074434041977e-03
-5.347522441297769547e-03
-5.697953049093484879e-03
-5.631397943943738937e-03
-5.867878440767526627e-03
-5.829222500324249268e-03
-5.959360394626855850e-03
-5.850759800523519516e-03
-5.809540394693613052e-03
-5.723298992961645126e-03
-5.784065462648868561e-03
-5.885203834623098373e-03
-5.846132524311542511e-03
-5.724773276597261429e-03
-5.911757238209247589e-03
-6.037364713847637177e-03
-5.885615479201078415e-03
-6.024963688105344772e-03
-5.969008430838584900e-03
-5.977610591799020767e-03
-5.913053639233112335e-03
-5.953799467533826828e-03
-5.993987899273633957e-03
-6.017427891492843628e-03
-5.874756257981061935e-03
-5.753607954829931259e-03
-5.812170915305614471e-03
-5.733805242925882339e-03
-5.706055555492639542e-03
-5.583937279880046844e-03
-5.513077136129140854e-03
-5.481701344251632690e-03
-5.636937450617551804e-03
-5.474423989653587341e-03
-5.508789326995611191e-03
-5.499605555087327957e-03
-5.384561605751514435e-03
-5.255574360489845276e-03
-5.140602588653564453e-03
-5.202376283705234528e-03
-5.098085384815931320e-03
-5.097144283354282379e-03
-4.834531340748071671e-03
-4.980345256626605988e-03
-4.726129584014415741e-03
-4.765331745147705078e-03
-4.622102715075016022e-03
-4.621617030352354050e-03
-4.498328082263469696e-03
-4.414511844515800476e-03
-4.487314261496067047e-03
-4.274165723472833633e-03
-4.282247275114059448e-03
-4.217453766614198685e-03
-4.229883197695016861e-03
-4.105650354176759720e-03
-3.990646451711654663e-03
-3.993380814790725708e-03
-3.808448091149330139e-03
-3.820665180683135986e-03
-3.711861092597246170e-03
-3.497705329209566116e-03
-3.519348334521055222e-03
-3.440648782998323441e-03
-3.386920085176825523e-03
-3.272564848884940147e-03
-3.214365802705287933e-03
-3.144121263176202774e-03
-3.084057942032814026e-03
-2.956852316856384277e-03
-3.068257588893175125e-03
-2.821039874106645584e-03
-2.800588030368089676e-03
-2.575805876404047012e-03
-2.566359005868434906e-03
-2.531909616664052010e-03
-2.383247483521699905e-03
-2.313499804586172104e-03
-2.424979582428932190e-03
-2.250953810289502144e-03
-2.133155474439263344e-03
-2.090555848553776741e-03
-2.052583964541554451e-03
-1.823720522224903107e-03
-1.921283081173896790e-03
-1.851306413300335407e-03
-1.872196327894926071e-03
-1.717578736133873463e-03
-1.761891180649399757e-03
-1.733204699121415615e-03
-1.679503358900547028e-03
-1.554240472614765167e-03
-1.481204060837626457e-03
-1.513428054749965668e-03
-1.373663078993558884e-03
-1.400995650328695774e-03
-1.384310075081884861e-03
-1.378613873384892941e-03
-1.356700202450156212e-03
-1.395012950524687767e-03
-1.391188357956707478e-03
-1.308447564952075481e-03
-1.232010079547762871e-03
-1.215642550960183144e-03
-1.172357471659779549e-03
-1.074222731404006481e-03
-1.089500263333320618e-03
-1.020057243295013905e-03
-1.008437713608145714e-03
-1.059456961229443550e-03
-9.109848178923130035e-04
-9.375319932587444782e-04
-9.628377738408744335e-04
-9.014018578454852104e-04
-8.191513479687273502e-04
-7.454058504663407803e-04
-7.903733639977872372e-04
-7.770027150399982929e-04
-6.982235354371368885e-04
-7.543414249084889889e-04
-8.112972136586904526e-04
-7.756528211757540703e-04
-7.189234020188450813e-04
-6.739079253748059273e-04
-6.372539210133254528e-04
-6.118488381616771221e-04
-6.375626544468104839e-04
-6.450844230130314827e-04
-5.681520560756325722e-04
-6.740730605088174343e-04
-5.172541132196784019e-04
-4.803114570677280426e-04
-4.601598775479942560e-04
-4.776295681949704885e-04
-5.725433584302663803e-04
-3.460149455349892378e-04
-4.070534487254917622e-04
-4.292216035537421703e-04
-4.010984557680785656e-04
-3.942727635148912668e-04
-3.309486492071300745e-04
-3.529111563693732023e-04
-3.399965062271803617e-04
-3.203254600521177053e-04
-3.106366784777492285e-04
-2.076415257761254907e-04
-2.585358161013573408e-04
-2.431837492622435093e-04
-2.742036012932658195e-04
-2.728997496888041496e-04
-2.532702637836337090e-04
-2.548326447140425444e-04
-2.620788000058382750e-04
-2.264970389660447836e-04
-2.490944170858711004e-04
-2.210970560554414988e-04
-2.348850975977256894e-04
-2.131360815837979317e-04
-8.882988913683220744e-05
-1.554008631501346827e-04
-1.694524398772045970e-04
-1.765733468346297741e-04
-1.323779288213700056e-04
-1.656822132645174861e-04
-1.859161420725286007e-04
-1.527927233837544918e-04
-1.602404663572087884e-04
-1.369760284433141351e-04
-2.810644764394965023e-05
