-5.734150763601064682e-04
-4.485541139729321003e-04
-6.484059267677366734e-04
-3.253933973610401154e-04
-2.044313878286629915e-04
-7.826228975318372250e-04
-5.240619066171348095e-04
-5.671220715157687664e-04
-3.674632534966804087e-05
-5.224212654866278172e-04
-4.709216009359806776e-04
-4.308709176257252693e-04
-9.090928360819816589e-04
-5.146216717548668385e-04
-6.229784921742975712e-04
-1.056051813066005707e-03
-5.263695493340492249e-04
-3.750862379092723131e-04
-5.974715459160506725e-04
-5.380870425142347813e-04
-5.964612937532365322e-04
-7.050574058666825294e-04
-7.847103406675159931e-04
-5.121228168718516827e-04
-7.095530745573341846e-04
-9.815903613343834877e-04
-6.126781809143722057e-04
-1.952176244230940938e-04
-5.955387605354189873e-04
-6.460646982304751873e-04
-8.518385584466159344e-04
-4.430241824593394995e-04
-8.404285763390362263e-04
-7.604697020724415779e-04
-5.839350051246583462e-04
-7.921707001514732838e-04
-7.420802721753716469e-04
-3.690235316753387451e-04
-7.125883712433278561e-04
-5.048747407272458076e-04
-7.064357050694525242e-04
-5.446411669254302979e-04
-7.916403119452297688e-04
-6.913330871611833572e-04
-5.344217643141746521e-04
-5.314616719260811806e-04
-7.329556392505764961e-04
-8.299218607135117054e-04
-4.613845376297831535e-04
-9.938104776665568352e-04
-7.390286191366612911e-04
-7.425554213114082813e-04
-4.512476734817028046e-04
-4.406293737702071667e-04
-7.605099235661327839e-04
-6.905013578943908215e-04
-9.840986458584666252e-04
-7.381362374871969223e-04
-5.482390988618135452e-04
-9.099476737901568413e-04
-9.520433377474546432e-04
-9.177062893286347389e-04
-6.737118819728493690e-04
-8.799443021416664124e-04
-6.990871042944490910e-04
-7.669696351513266563e-04
-7.330130902118980885e-04
-9.208476985804736614e-04
-8.769408450461924076e-04
-8.034257334657013416e-04
-6.651947624050080776e-04
-7.292948430404067039e-04
-3.565054212231189013e-04
-5.452103214338421822e-04
-1.235394040122628212e-03
-7.053997251205146313e-04
-7.495104800909757614e-04
-1.082839211449027061e-03
-1.075926236808300018e-03
-1.338843372650444508e-03
-1.148205483332276344e-03
-7.031215936876833439e-04
-8.981864666566252708e-04
-9.139815811067819595e-04
-1.027859514579176903e-03
-8.787528495304286480e-04
-1.160294748842716217e-03
-1.039095339365303516e-03
-8.472661138512194157e-04
-1.112045720219612122e-03
-1.036661444231867790e-03
-7.727515185251832008e-04
-1.056632958352565765e-03
-1.211233320645987988e-03
-6.578672328032553196e-04
-8.487809100188314915e-04
-1.280742813833057880e-03
-1.489929854869842529e-03
-1.344495452940464020e-03
-4.177996888756752014e-03
-1.139615545980632305e-03
-1.350835431367158890e-03
-9.547359310090541840e-03
-9.906125487759709358e-04
-2.573724277317523956e-02
-1.148118521086871624e-03
-2.617496252059936523e-02
-1.034326734952628613e-03
-4.699095711112022400e-02
-1.001576893031597137e-03
-6.029234081506729126e-02
-8.156680269166827202e-04
-6.303060054779052734e-02
-1.223635976202785969e-03
-6.310952454805374146e-02
-1.974867098033428192e-02
-4.014771431684494019e-02
-7.707883417606353760e-02
-1.419957610778510571e-03
-1.008643209934234619e-01
-1.990960538387298584e-02
-5.735990777611732483e-02
-8.188703656196594238e-02
-3.303440660238265991e-02
-7.716079801321029663e-02
-7.532255351543426514e-02
-4.951748251914978027e-02
-8.407732099294662476e-02
-6.353518366813659668e-02
-9.140769392251968384e-02
-6.695912778377532959e-02
-6.404852867126464844e-02
-1.019309312105178833e-01
-5.785074457526206970e-02
-7.608706504106521606e-02
-9.938304126262664795e-02
-4.854972660541534424e-02
-1.057663783431053162e-01
-5.454823747277259827e-02
-8.911376446485519409e-02
-5.108971893787384033e-02
-9.249057620763778687e-02
-3.609414771199226379e-02
-1.036473065614700317e-01
-2.265219576656818390e-02
-9.413444995880126953e-02
-2.718019858002662659e-02
-7.265418767929077148e-02
-3.274818509817123413e-02
-3.897172212600708008e-02
-5.247144401073455811e-02
-1.841377653181552887e-02
-4.668117687106132507e-02
-7.513787131756544113e-03
-3.812614828348159790e-02
-7.047024089843034744e-03
-2.701229602098464966e-02
-8.937628939747810364e-03
-2.893566619604825974e-03
-1.299790851771831512e-02
-1.330362982116639614e-03
-1.113742124289274216e-03
-1.595841138623654842e-03
-1.912667881697416306e-03
-1.385553623549640179e-03
-1.319616800174117088e-03
-1.138722174800932407e-03
-1.339305075816810131e-03
-1.007163664326071739e-03
-9.489492513239383698e-04
-1.211905037052929401e-03
-1.241795951500535011e-03
-1.105919945985078812e-03
-1.340446760877966881e-03
-9.468911448493599892e-04
-1.408183132298290730e-03
-1.384753733873367310e-03
-1.113887294195592403e-03
-8.646012283861637115e-04
-1.000851625576615334e-03
-1.139271887950599194e-03
-9.442970040254294872e-04
-7.004080689512193203e-04
-8.079403196461498737e-04
-7.458243635483086109e-04
-6.137884920462965965e-04
-5.676855798810720444e-04
-6.668119458481669426e-04
-7.330795633606612682e-04
-5.394889158196747303e-04
-6.478454452008008957e-04
-7.375186542049050331e-04
-1.225493761012330651e-04
-6.405391613952815533e-04
-3.357475798111408949e-04
-2.433859335724264383e-04
-2.398134529357776046e-04
-1.491975854150950909e-04
1.540856173960492015e-04
1.188633614219725132e-04
-9.105971548706293106e-05
1.603361015440896153e-04
1.884928205981850624e-04
1.815387513488531113e-04
5.973052975605241954e-05
1.108382566599175334e-04
-7.743459718767553568e-05
-1.998900697799399495e-04
1.558981603011488914e-04
-1.863503566710278392e-04
-4.277499683666974306e-04
-3.748545423150062561e-04
-1.934509491547942162e-04
-7.511521107517182827e-04
-8.611219818703830242e-04
-5.189381190575659275e-04
-7.720369030721485615e-04
-5.689325626008212566e-04
-8.953535580076277256e-04
-7.150880410335958004e-04
-7.913859444670379162e-04
-1.215816475450992584e-03
-8.397168712690472603e-04
-1.169570023193955421e-03
-1.051834085956215858e-03
-1.385016832500696182e-03
-1.439770450815558434e-03
-1.204415457323193550e-03
-1.133728306740522385e-03
-1.349129364825785160e-03
-1.451942953281104565e-03
-1.343084382824599743e-03
-1.119708176702260971e-03
-1.121036475524306297e-03
-1.167168258689343929e-03
-9.260989027097821236e-04
-1.969641540199518204e-03
-2.388651482760906219e-03
-1.579761272296309471e-03
-3.690734738484025002e-03
-3.181743901222944260e-03
-1.009087730199098587e-02
-1.269818563014268875e-02
-4.151114262640476227e-03
-3.661728650331497192e-02
-7.495179306715726852e-03
-2.661851979792118073e-02
-3.249259665608406067e-02
-2.848191745579242706e-02
-3.010782785713672638e-02
-5.154675245285034180e-02
-2.514348924160003662e-02
-6.149468198418617249e-02
-4.212426766753196716e-02
-6.458275765180587769e-02
-4.283946752548217773e-02
-8.150678873062133789e-02
-5.019637569785118103e-02
-6.611820310354232788e-02
-6.392357498407363892e-02
-8.495684713125228882e-02
-5.432951822876930237e-02
-8.899863809347152710e-02
-6.549715250730514526e-02
-7.426281273365020752e-02
-8.488553017377853394e-02
-6.458749622106552124e-02
-9.103602170944213867e-02
-6.503844261169433594e-02
-8.498028665781021118e-02
-7.589577138423919678e-02
-6.506481021642684937e-02
-9.363104403018951416e-02
-5.056728050112724304e-02
-9.733474999666213989e-02
-3.122572228312492371e-02
-1.061687171459197998e-01
-3.109409660100936890e-02
-6.691838800907135010e-02
-6.368922442197799683e-02
-4.449971765279769897e-02
-5.341300368309020996e-02
-3.453310206532478333e-02
-5.260040611028671265e-02
-3.578389808535575867e-02
-4.423865675926208496e-02
-1.124417502433061600e-02
-5.904782563447952271e-02
-2.719739219173789024e-03
-4.121993109583854675e-02
-1.523118466138839722e-02
-1.026631798595190048e-03
-3.207426145672798157e-02
-8.232716936618089676e-04
-4.641273617744445801e-02
-1.286520506255328655e-03
-1.307070255279541016e-03
-1.587390340864658356e-02
-1.104355207644402981e-03
-1.027087797410786152e-03
-2.490189624950289726e-03
-9.252456948161125183e-04
-1.019530463963747025e-03
-8.700554026290774345e-04
-1.045782468281686306e-03
-1.162339001893997192e-03
-1.114858896471560001e-03
-9.090971434488892555e-04
-8.147079497575759888e-04
-1.152600161731243134e-03
-1.001903670839965343e-03
-9.881432633846998215e-04
-9.963115444406867027e-04
-8.899726090021431446e-04
-1.081029535271227360e-03
-7.330856169573962688e-04
-9.490119409747421741e-04
-8.180907461792230606e-04
-8.870633901096880436e-04
-9.966724319383502007e-04
-1.016268506646156311e-03
-1.058307942003011703e-03
-1.156842103227972984e-03
-7.730247452855110168e-04
-8.299899636767804623e-04
-7.528296555392444134e-04
-8.422561222687363625e-04
-1.839643955463543534e-04
-6.643465603701770306e-04
-9.968633530661463737e-04
-1.011046231724321842e-03
-7.776793208904564381e-04
-9.216959006153047085e-04
-8.345798123627901077e-04
-9.019397548399865627e-04
-1.186601235531270504e-03
-6.984154460951685905e-04
-8.251630933955311775e-04
-9.294702322222292423e-04
-6.535314605571329594e-04
-7.448207470588386059e-04
-8.753516594879329205e-04
-8.128306362777948380e-04
-7.949566934257745743e-04
-5.428563454188406467e-04
-5.898803938180208206e-04
-8.166975458152592182e-04
-7.097744382917881012e-04
-4.143339756410568953e-04
-5.586777115240693092e-04
-8.594866376370191574e-04
-8.516929810866713524e-04
-1.005098689347505569e-03
-9.909939253702759743e-04
-4.349100345280021429e-04
-8.326620445586740971e-04
-7.377142901532351971e-04
-6.197182810865342617e-04
-7.149598095566034317e-04
-7.453891448676586151e-04
-9.492721874266862869e-04
-6.341183325275778770e-04
-7.182141998782753944e-04
-2.267193631269037724e-04
-3.847034531645476818e-04
-6.530582904815673828e-04
-3.779664693865925074e-04
-7.331011584028601646e-04
-1.981185632757842541e-04
-7.260760175995528698e-04
-9.095810819417238235e-04
-9.874713141471147537e-04
-8.085972513072192669e-04
-4.173005581833422184e-04
-3.547084343153983355e-04
-3.765749570447951555e-04
-6.875085528008639812e-04
-6.673111784039065242e-05
-3.057904905290342867e-05
-2.399342774879187346e-04
-7.137022330425679684e-04
-3.513187693897634745e-04
-2.370526926824823022e-04
-8.015258354134857655e-04
-7.297956617549061775e-04
1.175045690615661442e-04
1.626236771699041128e-04
-4.870183474849909544e-04
-8.218711591325700283e-04
-4.901385982520878315e-04
-6.072010146453976631e-04
-5.259580793790519238e-04
-2.607039059512317181e-04
-3.040666051674634218e-04
2.457931805111002177e-05
-7.379114322247914970e-06
-7.602276164107024670e-04
-5.411691381596028805e-04
-4.851466510444879532e-04
-4.584128037095069885e-04
8.064465646384633146e-07
