7.271820213645696640e-04
1.085159135982394218e-03
1.118684303946793079e-03
6.725876592099666595e-04
4.327704118622932583e-06
4.936348414048552513e-04
2.911460760515183210e-04
1.679955457802861929e-04
5.031973123550415039e-04
4.379882593639194965e-04
2.838829641405027360e-05
3.413601079955697060e-04
6.347966264002025127e-04
4.107886634301394224e-04
1.102211172110401094e-04
4.417935560923069715e-04
-4.553805047180503607e-04
4.370139213278889656e-04
2.964953600894659758e-04
4.338983853813260794e-04
4.424654180184006691e-04
5.051143234595656395e-04
-2.459088864270597696e-04
-7.055690366541966796e-05
3.352440835442394018e-04
4.046327085234224796e-04
1.772330433595925570e-04
2.522317226976156235e-04
9.926586790243163705e-05
5.092185165267437696e-05
5.044670542702078819e-04
7.373608532361686230e-04
2.300578053109347820e-04
2.845050767064094543e-04
5.782239895779639482e-05
4.471493302844464779e-04
1.023875083774328232e-04
3.026505874004215002e-04
-3.883475437760353088e-04
2.229250385425984859e-04
-1.558956573717296124e-04
7.772229582769796252e-05
2.371379814576357603e-04
5.245017237029969692e-04
4.722033336292952299e-04
6.292022590059787035e-05
-3.318119561299681664e-04
2.330927236471325159e-04
-4.526958218775689602e-05
-5.476388614624738693e-04
1.058011548593640327e-04
8.126395550789311528e-05
4.451591230463236570e-04
1.487566187279298902e-04
5.274769137031398714e-06
1.626719604246318340e-04
-1.067774064722470939e-04
-3.593432775232940912e-04
5.315784073900431395e-05
-2.211973624071106315e-04
2.375008189119398594e-04
1.841512712417170405e-04
-5.239814054220914841e-04
-9.032663911057170480e-06
-2.446292201057076454e-04
2.880958199966698885e-04
-3.826074243988841772e-04
-7.677388930460438132e-05
1.642607821850106120e-04
2.690198889467865229e-04
-3.558544449333567172e-06
2.131271467078477144e-04
-3.568836254999041557e-04
-1.502255036029964685e-04
-5.306906314217485487e-05
8.802650700090453029e-05
1.937604683917015791e-04
-4.845007788389921188e-05
-1.520104997325688601e-04
6.142050551716238260e-05
-6.201739597599953413e-05
4.044974339194595814e-04
7.918398478068411350e-05
6.267229309742106125e-06
6.628687515330966562e-06
1.357588771497830749e-04
1.609544124221429229e-04
1.595624198671430349e-04
9.080219024326652288e-05
2.204886986874043941e-04
1.879363262560218573e-04
9.736321226228028536e-05
-4.197753150947391987e-04
9.889341163216158748e-05
1.551446803205180913e-05
-4.043336957693099976e-06
2.489245380274951458e-04
7.497829938074573874e-05
3.487891517579555511e-04
1.573353947605937719e-04
5.411206802818924189e-05
1.659018453210592270e-04
1.607042358955368400e-04
2.289508702233433723e-04
2.870669995900243521e-04
-1.879026094684377313e-04
-2.728569234022870660e-05
2.453662746120244265e-04
-3.183711669407784939e-04
1.732730597723275423e-04
-1.454871671739965677e-04
-6.404451414709910750e-05
-1.564700505696237087e-04
-5.270840600132942200e-03
-7.584051694720983505e-03
-1.498313504271209240e-03
-2.464968897402286530e-02
-1.231420785188674927e-02
-2.323552966117858887e-02
-2.702309191226959229e-02
-2.564880065619945526e-02
-4.840546846389770508e-02
-2.278847433626651764e-02
-6.801982969045639038e-02
-2.829646691679954529e-02
-5.972344428300857544e-02
-6.489624083042144775e-02
-5.179964751005172729e-02
-8.309900015592575073e-02
-5.255358666181564331e-02
-1.047381386160850525e-01
-5.002674832940101624e-02
-1.123521775007247925e-01
-7.012142241001129150e-02
-8.872210234403610229e-02
-1.020421907305717468e-01
-7.815438508987426758e-02
-1.073696389794349670e-01
-7.380001246929168701e-02
-1.170792579650878906e-01
-7.480707019567489624e-02
-1.094015091657638550e-01
-8.085019886493682861e-02
-8.510113507509231567e-02
-9.294662624597549438e-02
-6.984276324510574341e-02
-8.814924210309982300e-02
-5.910964682698249817e-02
-8.464803546667098999e-02
-3.566205129027366638e-02
-7.403257489204406738e-02
-2.706819586455821991e-02
-5.939747765660285950e-02
-1.955903694033622742e-02
-3.919794782996177673e-02
-1.259719487279653549e-02
-2.240445092320442200e-02
-2.565037691965699196e-03
-1.002381835132837296e-02
-2.267257514176890254e-04
-4.264373274054378271e-04
-3.016958944499492645e-04
-5.319217234500683844e-05
-1.732889068080112338e-04
-8.467927546007558703e-05
-1.788251829566434026e-04
-1.712223456706851721e-04
3.356493107276037335e-05
-7.828455272829160094e-05
-2.214436390204355121e-04
-6.802424468332901597e-05
-8.183508907677605748e-05
5.638244601868791506e-06
-1.745923218550160527e-04
-1.354002160951495171e-04
-3.649567079264670610e-04
-3.345297300256788731e-04
-3.161251079291105270e-04
-1.956737378350226209e-06
3.883482713717967272e-05
-3.883448953274637461e-04
-9.340563337900675833e-06
2.675249124877154827e-04
3.683011746034026146e-04
3.153747238684445620e-04
3.680716035887598991e-04
2.545889001339673996e-04
5.309003172442317009e-04
6.411017384380102158e-04
4.818959569092839956e-04
7.333523244597017765e-04
6.380195263773202896e-04
7.935746107250452042e-04
1.002739532850682735e-03
1.152997254393994808e-03
7.969785947352647781e-04
1.203447463922202587e-03
8.448720327578485012e-04
9.452125523239374161e-04
1.212396076880395412e-03
7.230793125927448273e-04
1.029603299684822559e-03
1.324433833360671997e-03
8.230182575061917305e-04
8.518922259099781513e-04
5.018663941882550716e-04
5.997877451591193676e-04
5.883176345378160477e-04
5.631237872876226902e-04
6.641537765972316265e-04
5.808499408885836601e-04
5.308894324116408825e-04
4.291606310289353132e-04
3.636126057244837284e-04
3.772022901102900505e-04
5.274839932098984718e-04
1.297245762543752789e-04
1.148155861301347613e-04
-2.374430005147587508e-05
1.351363898720592260e-04
-9.277946810470893979e-05
-1.004867663141340017e-04
-4.393432391225360334e-06
-1.035233362927101552e-04
1.681635039858520031e-04
-1.073598687071353197e-04
-2.504298572603147477e-05
-1.592788030393421650e-04
-1.496341428719460964e-04
-2.577201230451464653e-04
-3.646816185209900141e-04
-3.402265720069408417e-04
3.282444231444969773e-05
7.081192597979679704e-05
-2.692505659069865942e-04
-8.277580491267144680e-05
-2.275674778502434492e-04
-2.765666577033698559e-04
-6.311029574135318398e-05
-5.523691652342677116e-04
-5.477165104821324348e-04
-1.711323158815503120e-03
-3.011006396263837814e-03
-1.510352361947298050e-02
-1.007135398685932159e-02
-2.687571756541728973e-02
-2.441007085144519806e-02
-3.295223414897918701e-02
-5.032240599393844604e-02
-2.744093164801597595e-02
-6.872060894966125488e-02
-4.478595033288002014e-02
-7.862365245819091797e-02
-6.573171168565750122e-02
-8.180598169565200806e-02
-8.106571435928344727e-02
-8.425855636596679688e-02
-9.137798845767974854e-02
-9.478884190320968628e-02
-9.574117511510848999e-02
-8.489464223384857178e-02
-1.018516272306442261e-01
-8.146855235099792480e-02
-1.189334690570831299e-01
-5.807821825146675110e-02
-1.399063467979431152e-01
-3.362454473972320557e-02
-1.442836970090866089e-01
-2.096604183316230774e-02
-1.370068043470382690e-01
-2.600746043026447296e-02
-1.141619235277175903e-01
-4.391464591026306152e-02
-6.534805148839950562e-02
-7.500790059566497803e-02
-2.194980531930923462e-02
-9.691287577152252197e-02
-1.922829396789893508e-04
-9.435393661260604858e-02
-2.509782207198441029e-04
-7.253354787826538086e-02
-3.930045204469934106e-05
-3.584592044353485107e-02
-1.438500639051198959e-02
-8.023120462894439697e-03
-1.241499558091163635e-02
-2.680686884559690952e-04
-4.046847170684486628e-04
-1.044619479216635227e-03
-2.904263674281537533e-04
2.847477298928424716e-05
1.901052310131490231e-04
2.631456882227212191e-04
-7.019116310402750969e-05
-3.139281470794230700e-04
8.101393177639693022e-06
4.763356409966945648e-04
3.941044269595295191e-04
-4.037387498101452366e-06
2.842749527189880610e-04
1.584395649842917919e-04
4.983043254469521344e-05
-5.318102193996310234e-05
8.401787636103108525e-05
-2.660244063008576632e-04
-2.229156962130218744e-04
2.291998243890702724e-04
4.166467988397926092e-04
-5.000649252906441689e-05
2.003999979933723807e-04
-1.582055847393348813e-04
-1.729025243548676372e-04
2.279202308272942901e-04
1.359960006084293127e-04
-5.135624451213516295e-05
3.649737845989875495e-05
-5.216345889493823051e-04
-1.929310965351760387e-04
-5.208260336075909436e-05
-1.136744904215447605e-04
1.748672075336799026e-04
2.546189061831682920e-04
6.090701572247780859e-05
-1.626739831408485770e-04
1.715541293378919363e-04
4.688599728979170322e-04
-2.440224052406847477e-04
-1.890108542283996940e-04
-2.950658199551980942e-05
-2.952477079816162586e-04
-9.578355820849537849e-05
-1.583691046107560396e-04
-2.759318158496171236e-04
-5.621483978757169098e-06
3.693161706905812025e-04
3.167931572534143925e-04
2.045708824880421162e-04
4.163061385042965412e-05
1.688553747953847051e-04
2.526922035031020641e-04
3.175376332364976406e-04
-8.914738282328471541e-05
-9.476803825236856937e-05
1.886983809527009726e-04
4.710437788162380457e-04
-6.376043311320245266e-04
-5.959606496617197990e-04
1.458108745282515883e-04
2.616077836137264967e-04
1.622205600142478943e-04
2.800554211717098951e-04
-2.252043123007752001e-05
-8.525155135430395603e-05
4.706509935203939676e-04
4.776429850608110428e-04
4.633335629478096962e-05
2.645469212438911200e-04
8.812895976006984711e-05
2.754743327386677265e-04
-4.711105430033057928e-05
1.347189681837335229e-04
1.248739863513037562e-04
1.772367540979757905e-04
4.716382827609777451e-04
4.515567852649837732e-04
5.014308262616395950e-04
-3.773174248635768890e-04
2.777190238703042269e-04
1.305250189034268260e-04
2.208074438385665417e-04
4.824505595024675131e-04
2.119014534400776029e-04
5.138510023243725300e-04
3.599664778448641300e-04
1.484867389081045985e-04
7.126983837224543095e-05
3.413422018638812006e-05
5.759053165093064308e-04
6.247672718018293381e-04
-5.725096561945974827e-04
-2.173219108954071999e-04
3.655599721241742373e-04
3.306523722130805254e-04
1.972769532585516572e-04
-2.960284473374485970e-04
2.422288089292123914e-04
-3.259538345901091816e-07
1.155840946012176573e-04
5.968684563413262367e-04
5.121381836943328381e-04
2.691483823582530022e-04
5.583635065704584122e-04
3.054972621612250805e-04
8.469514432363212109e-04
5.763527005910873413e-04
-3.273052425356581807e-05
2.223297342425212264e-04
-3.624349483288824558e-04
6.692964816465973854e-04
8.146964682964608073e-05
1.908364065457135439e-04
