-4.076874465681612492e-04
-4.731300869025290012e-04
-4.723551101051270962e-04
-3.550251713022589684e-04
-3.071926767006516457e-04
-4.266487376298755407e-04
-5.317987524904310703e-04
-9.148394456133246422e-04
-6.181389326229691505e-04
-1.002993434667587280e-03
-2.317297039553523064e-04
-3.246128035243600607e-04
-8.182452293112874031e-04
-6.018215790390968323e-04
-4.297127015888690948e-04
-6.787988240830600262e-04
-5.135121755301952362e-04
-4.020466294605284929e-04
-6.902081659063696861e-04
-7.221548003144562244e-04
-5.815625190734863281e-04
-4.951863083988428116e-04
-3.939106536563485861e-04
-1.953702449100092053e-04
-6.918703438714146614e-04
-1.241143210791051388e-03
-4.037842154502868652e-04
-5.055514047853648663e-04
-3.741297696251422167e-04
-5.032579065300524235e-04
-8.379812061320990324e-05
-8.487635059282183647e-04
-2.863427507691085339e-04
-2.271559642395004630e-04
-2.165351615985855460e-04
-5.068596146884374321e-05
-2.881345280911773443e-04
-7.468336261808872223e-04
1.413047721143811941e-04
-1.712425146251916885e-04
4.871526107308454812e-05
6.316832150332629681e-04
2.970414643641561270e-04
3.017027338501065969e-04
6.112550036050379276e-04
5.505500594154000282e-04
5.963628063909709454e-04
1.115422346629202366e-03
7.293060771189630032e-04
-9.976284345611929893e-04
6.160548655316233635e-04
9.536221041344106197e-04
1.624191645532846451e-03
1.253966125659644604e-03
1.236460404470562935e-03
1.832937006838619709e-03
1.785630709491670132e-03
2.591080032289028168e-03
2.305526984855532646e-03
1.917548594065010548e-03
2.707981038838624954e-03
2.549833385273814201e-03
2.605543239042162895e-03
2.870726864784955978e-03
3.227471141144633293e-03
3.437957959249615669e-03
3.514476120471954346e-03
3.364143194630742073e-03
3.978672437369823456e-03
3.501504193991422653e-03
3.695825347676873207e-03
3.917073365300893784e-03
3.928692545741796494e-03
3.853758797049522400e-03
5.297394935041666031e-03
3.654099535197019577e-03
4.480970092117786407e-03
4.014801234006881714e-03
4.048690199851989746e-03
4.143682774156332016e-03
4.106324631720781326e-03
4.338115919381380081e-03
4.898019600659608841e-03
4.807312972843647003e-03
4.574164282530546188e-03
4.582138732075691223e-03
4.314356949180364609e-03
4.390464629977941513e-03
5.148718599230051041e-03
4.852571990340948105e-03
5.629054736346006393e-03
5.636399611830711365e-03
5.431954283267259598e-03
5.367085803300142288e-03
4.923443309962749481e-03
6.184859201312065125e-03
6.259714253246784210e-03
6.666781846433877945e-03
5.410558078438043594e-03
6.217558402568101883e-03
7.470089010894298553e-03
6.414724048227071762e-03
6.102141458541154861e-03
7.344177924096584320e-03
7.648053579032421112e-03
7.595031056553125381e-03
7.474798709154129028e-03
7.181139197200536728e-03
8.003777824342250824e-03
8.222289383411407471e-03
6.837108172476291656e-03
7.685960270464420319e-03
7.589068729430437088e-03
8.024291135370731354e-03
7.499950472265481949e-03
7.633984088897705078e-03
5.728997290134429932e-03
5.055311135947704315e-03
5.109778139740228653e-03
4.278090782463550568e-03
4.098278004676103592e-03
3.671241691336035728e-03
3.443797584623098373e-03
2.675745170563459396e-03
2.457730704918503761e-03
3.208615817129611969e-03
3.211631672456860542e-03
3.333576489239931107e-03
5.059886723756790161e-03
4.656498786062002182e-03
5.124005023390054703e-03
4.069160204380750656e-03
3.970514517277479172e-03
3.627527039498090744e-03
3.698691492900252342e-03
2.961117541417479515e-03
2.742312615737318993e-03
-1.445126370526850224e-03
-3.270033979788422585e-03
-2.513194456696510315e-03
-2.185320248827338219e-03
-3.801336046308279037e-03
-2.003092784434556961e-03
-1.306438585743308067e-03
-1.737817074172198772e-03
-2.290070755407214165e-03
-5.189817864447832108e-03
-2.704659476876258850e-03
2.641497412696480751e-03
8.253079839050769806e-03
6.266121752560138702e-03
1.450775563716888428e-02
6.638035643845796585e-03
1.019309181720018387e-02
1.660887338221073151e-02
1.802675612270832062e-02
2.600838057696819305e-02
1.175352372229099274e-02
5.888852290809154510e-03
4.652336239814758301e-03
1.325110252946615219e-02
-4.970428999513387680e-03
3.747428534552454948e-03
-1.493402011692523956e-02
-2.284817164763808250e-03
-1.592120900750160217e-02
-2.574559859931468964e-02
-2.536365063861012459e-03
-1.450608670711517334e-02
3.631569852586835623e-04
-2.431984804570674896e-02
-1.438015606254339218e-02
2.750553190708160400e-02
3.896770533174276352e-03
1.592302881181240082e-02
5.947483703494071960e-03
4.918590188026428223e-03
-2.589322254061698914e-02
3.218327835202217102e-02
2.947686938568949699e-03
1.827732846140861511e-02
-5.431929603219032288e-02
3.455961355939507484e-03
1.157204713672399521e-02
-2.571684122085571289e-02
2.696990594267845154e-02
1.072923913598060608e-01
-7.393852341920137405e-03
-4.635990131646394730e-03
1.073901429772377014e-01
1.974102854728698730e-02
6.207449361681938171e-02
1.897993497550487518e-02
-8.890324085950851440e-02
1.211957540363073349e-02
4.373510554432868958e-02
-2.940659783780574799e-02
4.104197490960359573e-03
-7.641403353773057461e-04
3.964547440409660339e-02
-3.993572294712066650e-02
2.205000631511211395e-02
1.408561039716005325e-02
-4.926088824868202209e-02
-8.541268110275268555e-02
1.620757021009922028e-02
-5.684641376137733459e-02
-2.259509637951850891e-02
-2.826885879039764404e-02
-1.287408825010061264e-02
-2.781297266483306885e-02
4.577698931097984314e-02
2.306499332189559937e-02
-4.083666577935218811e-02
2.256513340398669243e-03
1.208070758730173111e-02
3.098292276263237000e-02
-5.186111479997634888e-02
-2.079339465126395226e-03
-4.828047007322311401e-02
-1.175969745963811874e-02
1.492778887040913105e-03
1.369419693946838379e-02
2.229013014584779739e-03
-1.272036414593458176e-02
-1.624786108732223511e-02
-2.582675591111183167e-02
-2.130732126533985138e-02
1.065361127257347107e-02
-2.303350716829299927e-02
-7.225697860121726990e-03
-3.347306698560714722e-02
-2.580165863037109375e-02
-2.013811282813549042e-02
-2.115392684936523438e-02
-9.576434269547462463e-03
-1.269476301968097687e-02
3.665907308459281921e-03
-9.415543638169765472e-03
-6.482478231191635132e-03
-8.253448642790317535e-03
-2.095377445220947266e-02
-1.856585033237934113e-02
-1.647242531180381775e-02
-1.338618621230125427e-02
-1.214674301445484161e-02
-8.555709384381771088e-03
-7.816915400326251984e-03
-1.728542614728212357e-03
3.888254752382636070e-03
-5.456242244690656662e-03
-2.024356275796890259e-03
7.443472277373075485e-03
5.172424484044313431e-03
1.070736441761255264e-02
1.137836929410696030e-02
8.140855468809604645e-03
4.673070739954710007e-03
2.284671645611524582e-03
-4.495301982387900352e-04
2.873099874705076218e-03
-1.011420681606978178e-04
-1.127754687331616879e-03
-2.629450988024473190e-03
-4.263488110154867172e-03
-5.756798200309276581e-03
-7.511076983064413071e-03
-5.772037897258996964e-03
-7.234835531562566757e-03
-6.433516740798950195e-03
-7.074646651744842529e-03
-7.815035991370677948e-03
-7.217465899884700775e-03
-8.174739778041839600e-03
-9.193514473736286163e-03
-6.960409693419933319e-03
-7.233281154185533524e-03
-6.899985484778881073e-03
-7.955146022140979767e-03
-8.811311796307563782e-03
-7.864379324018955231e-03
-9.491298347711563110e-03
-9.778335690498352051e-03
-8.685264736413955688e-03
-9.141597896814346313e-03
-9.676710702478885651e-03
-1.045675482600927353e-02
-9.988055564463138580e-03
-9.924181737005710602e-03
-1.006514951586723328e-02
-1.120332628488540649e-02
-1.117969118058681488e-02
-1.273819338530302048e-02
-1.200854871422052383e-02
-1.236560568213462830e-02
-1.222778856754302979e-02
-1.116525661200284958e-02
-1.111572049558162689e-02
-1.171252410858869553e-02
-1.107152923941612244e-02
-1.030528079718351364e-02
-9.949079714715480804e-03
-9.938182309269905090e-03
-1.058536581695079803e-02
-1.013091765344142914e-02
-1.080807950347661972e-02
-1.119350921362638474e-02
-1.084563694894313812e-02
-1.131690759211778641e-02
-9.925319813191890717e-03
-1.031155511736869812e-02
-1.013289950788021088e-02
-9.655921719968318939e-03
-1.000007987022399902e-02
-9.767434559762477875e-03
-1.006884779781103134e-02
-9.814590215682983398e-03
-8.750171400606632233e-03
-8.999665267765522003e-03
-9.593008086085319519e-03
-9.846078231930732727e-03
-1.191118732094764709e-02
-1.021943800151348114e-02
-1.019957941025495529e-02
-9.960214607417583466e-03
-1.025373954325914383e-02
-1.027125492691993713e-02
-9.656300768256187439e-03
-9.266735054552555084e-03
-9.116485714912414551e-03
-9.654775261878967285e-03
-8.770558051764965057e-03
-9.005674161016941071e-03
-8.255717344582080841e-03
-8.833144791424274445e-03
-8.291385136544704437e-03
-7.569356355816125870e-03
-8.182674646377563477e-03
-7.476837839931249619e-03
-7.204798981547355652e-03
-7.127346936613321304e-03
-6.982466205954551697e-03
-6.408117245882749557e-03
-6.210790015757083893e-03
-6.022782996296882629e-03
-5.903039593249559402e-03
-5.532837938517332077e-03
-5.270643159747123718e-03
-5.044413730502128601e-03
-5.332568660378456116e-03
-5.006023682653903961e-03
-4.831260535866022110e-03
-4.259835463017225266e-03
-4.506964702159166336e-03
-4.058726597577333450e-03
-3.947019577026367188e-03
-3.390369238331913948e-03
-2.547529758885502815e-03
-3.502102801576256752e-03
-3.614899236708879471e-03
-2.720394404605031013e-03
-2.492578700184822083e-03
-2.383838640525937080e-03
-1.815031631849706173e-03
-2.127439482137560844e-03
-2.507959026843309402e-03
-1.462823944166302681e-03
-1.989060780033469200e-03
-2.112274523824453354e-03
-2.325640525668859482e-03
-1.777058234438300133e-03
-1.568915555253624916e-03
-1.689267228357493877e-03
-1.567511004395782948e-03
-1.537948613986372948e-03
-1.343594514764845371e-03
-1.192527241073548794e-03
-1.081326743587851524e-03
-1.304257777519524097e-03
-1.028475700877606869e-03
-8.400469669140875340e-04
-7.797841099090874195e-04
-7.238247781060636044e-04
-7.316970732063055038e-04
-6.041392334736883640e-04
-3.110547258984297514e-04
-5.965785821899771690e-04
-5.598968127742409706e-04
-4.664338484872132540e-05
-3.857445553876459599e-04
-4.804897762369364500e-04
3.762653213925659657e-04
-3.662165254354476929e-04
-3.682067326735705137e-04
-7.761038141325116158e-04
-5.022445111535489559e-04
-4.980429657734930515e-04
-2.820470836013555527e-04
-9.926981292665004730e-04
-6.556644802913069725e-04
-6.191592547111213207e-04
