3.054393891943618655e-05
3.994047801825217903e-06
3.997442036052234471e-05
-5.760688509326428175e-06
2.240903086203616112e-05
1.526174855825956911e-05
2.202334690082352608e-05
2.629848131618928164e-05
3.801244383794255555e-05
2.619102815515361726e-05
3.567211751942522824e-05
3.605294477893039584e-05
2.683428647287655622e-05
4.485183671931736171e-05
4.127941429032944143e-05
6.288740405580028892e-05
4.410897236084565520e-05
8.055812941165640950e-05
1.021345015033148229e-04
6.818413385190069675e-05
7.937363261589780450e-05
5.819676880491897464e-05
8.876773063093423843e-05
1.130118471337482333e-04
1.082264570868574083e-04
1.077994384104385972e-04
1.261376746697351336e-04
8.746804815018549562e-05
1.288434432353824377e-04
1.489460846642032266e-04
1.509552675997838378e-04
1.365724747302010655e-04
1.400382316205650568e-04
1.793444680515676737e-04
1.714289683150127530e-04
1.707507180981338024e-04
2.106094761984422803e-04
2.116152754751965404e-04
2.249823301099240780e-04
2.136080438503995538e-04
2.134371316060423851e-04
2.392067835899069905e-04
2.280514017911627889e-04
2.506195742171257734e-04
2.908663009293377399e-04
2.703433565329760313e-04
3.159206244163215160e-04
3.115720173809677362e-04
3.407295444048941135e-04
3.475834091659635305e-04
3.422407608013600111e-04
3.769412287510931492e-04
3.987102827522903681e-04
3.854280221275985241e-04
4.363610642030835152e-04
4.499712376855313778e-04
4.682560975197702646e-04
4.705493920482695103e-04
4.582475521601736546e-04
5.332538858056068420e-04
5.046863225288689137e-04
5.409638397395610809e-04
5.465542199090123177e-04
5.688573583029210567e-04
5.745196831412613392e-04
6.270881276577711105e-04
6.332847406156361103e-04
6.363821448758244514e-04
7.253668736666440964e-04
7.257405086420476437e-04
7.293162052519619465e-04
7.862631464377045631e-04
7.818453013896942139e-04
7.906151004135608673e-04
8.114600786939263344e-04
8.313992875628173351e-04
8.762973011471331120e-04
9.037524578161537647e-04
9.030430810526013374e-04
9.372465428896248341e-04
9.819702245295047760e-04
9.960909374058246613e-04
1.042295712977647781e-03
1.069995458237826824e-03
1.101280911825597286e-03
1.102877082303166389e-03
1.156400307081639767e-03
1.176640274934470654e-03
1.217849086970090866e-03
1.244462211616337299e-03
1.214877818711102009e-03
1.273419125936925411e-03
1.337276538833975792e-03
1.355127780698239803e-03
1.400764216668903828e-03
1.353191561065614223e-03
1.438605831936001778e-03
1.479615573771297932e-03
1.459207618609070778e-03
1.525072031654417515e-03
1.530705951154232025e-03
1.602379139512777328e-03
1.641760813072323799e-03
1.665278105065226555e-03
1.688569551333785057e-03
1.734507968649268150e-03
1.812437316402792931e-03
1.805657171644270420e-03
1.834661117754876614e-03
1.919893664307892323e-03
1.942994189448654652e-03
1.993171172216534615e-03
2.027400769293308258e-03
2.056715078651905060e-03
2.087881090119481087e-03
2.130719600245356560e-03
2.168446546420454979e-03
2.226343145594000816e-03
2.248305128887295723e-03
2.252555685117840767e-03
2.376326359808444977e-03
2.391892950981855392e-03
2.413566224277019501e-03
2.480013063177466393e-03
2.500245813280344009e-03
2.592924516648054123e-03
2.632396761327981949e-03
2.750519430264830589e-03
2.721089404076337814e-03
2.834604121744632721e-03
2.812844933941960335e-03
2.891816664487123489e-03
3.003742080181837082e-03
3.091886872425675392e-03
3.121342509984970093e-03
3.192364471033215523e-03
3.280446166172623634e-03
3.332961117848753929e-03
3.450744785368442535e-03
3.547776956111192703e-03
3.660265356302261353e-03
3.667728975415229797e-03
3.808990819379687309e-03
3.919710405170917511e-03
4.027978051453828812e-03
4.046972841024398804e-03
4.213771782815456390e-03
4.216030705720186234e-03
4.339978098869323730e-03
4.481827374547719955e-03
4.571691155433654785e-03
4.699638113379478455e-03
4.741335753351449966e-03
4.941816441714763641e-03
4.884740337729454041e-03
5.007198080420494080e-03
5.217190366238355637e-03
5.256141070276498795e-03
5.279954057186841965e-03
5.426029674708843231e-03
5.467259325087070465e-03
5.614444613456726074e-03
5.538951139897108078e-03
5.738730542361736298e-03
5.832577589899301529e-03
5.797290708869695663e-03
6.049775984138250351e-03
6.012772675603628159e-03
6.015666294842958450e-03
6.160721182823181152e-03
6.258676294237375259e-03
6.439251825213432312e-03
6.595453713089227676e-03
6.695323158055543900e-03
7.040847092866897583e-03
7.045535370707511902e-03
7.248221430927515030e-03
7.525715045630931854e-03
7.968131452798843384e-03
8.027312345802783966e-03
8.254582062363624573e-03
8.476799353957176208e-03
8.468673564493656158e-03
8.617125451564788818e-03
8.986801840364933014e-03
8.437706157565116882e-03
8.688440546393394470e-03
9.134038351476192474e-03
9.167914278805255890e-03
1.192855089902877808e-02
1.447590813040733337e-02
1.774002052843570709e-02
2.240963280200958252e-02
2.879027090966701508e-02
3.620322793722152710e-02
5.885525792837142944e-02
1.064767017960548401e-01
7.209641486406326294e-02
5.019056424498558044e-02
-2.746989019215106964e-02
-7.140497118234634399e-02
2.019699662923812866e-02
2.195807732641696930e-02
4.208737518638372421e-03
3.177959099411964417e-02
1.658706110902130604e-03
-2.414677478373050690e-02
-1.102778315544128418e-02
-7.153751328587532043e-03
-4.146198276430368423e-03
-1.478061545640230179e-03
-1.088615390472114086e-04
8.695648284628987312e-04
1.031734049320220947e-03
1.479205675423145294e-03
1.414914848282933235e-03
1.901328796520829201e-03
2.409989014267921448e-03
2.527415752410888672e-03
2.528343116864562035e-03
2.539754379540681839e-03
2.551759360358119011e-03
2.682454651221632957e-03
2.723152749240398407e-03
2.253276295959949493e-03
2.342115389183163643e-03
2.078089630231261253e-03
2.123491140082478523e-03
1.844663056544959545e-03
1.780725433491170406e-03
1.818230492062866688e-03
1.627570367418229580e-03
1.438279170542955399e-03
1.245557097718119621e-03
1.209633075632154942e-03
1.090045669116079807e-03
1.085968571715056896e-03
1.012879540212452412e-03
9.597856551408767700e-04
8.761687786318361759e-04
8.126334869302809238e-04
7.848964305594563484e-04
7.357506547123193741e-04
7.190687465481460094e-04
6.783554563298821449e-04
6.726247374899685383e-04
6.647785194218158722e-04
5.368513520807027817e-04
6.234222091734409332e-04
6.063487380743026733e-04
5.966391763649880886e-04
5.882157129235565662e-04
5.025524296797811985e-04
5.267646629363298416e-04
5.002401303499937057e-04
4.616871010512113571e-04
4.430586413946002722e-04
4.599012609105557203e-04
4.633325443137437105e-04
4.203492135275155306e-04
4.158031370025128126e-04
4.908000119030475616e-04
4.391093098092824221e-04
4.582157998811453581e-04
4.658526158891618252e-04
4.051992436870932579e-04
3.860289289150387049e-04
3.808738256338983774e-04
4.459322371985763311e-04
4.795692220795899630e-04
4.038412298541516066e-04
3.511633258312940598e-04
3.938919107895344496e-04
3.713107435032725334e-04
4.021703207399696112e-04
3.496836288832128048e-04
3.863032034132629633e-04
3.781950217671692371e-04
4.505724937189370394e-04
4.342680622357875109e-04
4.126141720917075872e-04
4.182772536296397448e-04
3.722179098986089230e-04
3.819206904154270887e-04
4.012218269053846598e-04
3.647327248472720385e-04
3.727941366378217936e-04
3.352626517880707979e-04
3.423183516133576632e-04
3.795434022322297096e-04
3.865294856950640678e-04
3.802327264565974474e-04
3.613748995121568441e-04
3.871578956022858620e-04
3.150950942654162645e-04
3.690604935400187969e-04
3.754093195311725140e-04
3.453863901086151600e-04
3.093056438956409693e-04
3.302499535493552685e-04
3.162646316923201084e-04
3.150821430608630180e-04
2.779863716568797827e-04
3.136844024993479252e-04
2.661319740582257509e-04
3.184465167578309774e-04
2.895536599680781364e-04
2.990949724335223436e-04
3.275173075962811708e-04
2.476546214893460274e-04
2.568021009210497141e-04
1.905686513055115938e-04
2.245445211883634329e-04
2.483186253812164068e-04
2.510678023099899292e-04
2.337353944312781096e-04
2.311988937435671687e-04
2.555435639806091785e-04
2.280923945363610983e-04
2.129512286046519876e-04
1.885943929664790630e-04
1.909457496367394924e-04
1.977395004360005260e-04
1.857306488091126084e-04
1.963671238627284765e-04
1.466395333409309387e-04
1.644661679165437818e-04
1.297890266869217157e-04
1.916841429192572832e-04
1.752109674271196127e-04
1.583781267981976271e-04
1.265880855498835444e-04
1.326499477727338672e-04
1.540098601253703237e-04
1.206775341415777802e-04
1.265567407244816422e-04
1.329821534454822540e-04
1.217945027747191489e-04
1.190436087199486792e-04
1.034157467074692249e-04
1.106095660361461341e-04
1.006953243631869555e-04
9.696187044028192759e-05
1.141929751611314714e-04
9.030469664139673114e-05
6.434560782508924603e-05
2.141749064321629703e-05
1.049764687195420265e-04
3.082927651121281087e-05
8.038216765271499753e-05
5.752680954174138606e-05
9.902614692691713572e-05
5.814779433421790600e-05
6.991781992837786674e-05
5.374091415433213115e-05
4.267540498403832316e-05
7.807365909684449434e-05
7.077696500346064568e-05
3.956793807446956635e-05
1.715377584332600236e-05
2.683898856048472226e-05
5.613849498331546783e-05
4.436920426087453961e-05
2.615901394165121019e-05
2.764144028333248571e-06
4.971505404682829976e-05
2.129036147380247712e-05
-5.233026968198828399e-06
3.610613202909007668e-05
5.907737795496359468e-05
3.636959445429965854e-05
3.515050775604322553e-05
6.106880027800798416e-05
2.358769961574580520e-05
2.998217678396031260e-05
2.906441295635886490e-06
-1.006106322165578604e-05
5.676229193340986967e-06
1.752590105752460659e-05
-2.971865797007922083e-05
1.000704014586517587e-05
-2.636477256601210684e-05
2.018428676819894463e-05
6.706616659357678145e-06
-1.228523069585207850e-05
2.371475238760467619e-05
-6.653111540799727663e-06
4.050255665788426995e-05
-1.211872495332499966e-05
2.867806688300333917e-05
-8.796087968221399933e-06
2.728433901211246848e-05
-1.270393295271787792e-05
-1.354230516881216317e-05
6.663454769295640290e-06
6.314354322967119515e-06
6.961590770515613258e-06
4.857386102230520919e-06
2.243237986476742662e-07
1.893039916467387229e-05
2.694587601581588387e-05
