1.010238484013825655e-04
-3.794157692027511075e-06
-2.375323820160701871e-04
-7.999861554708331823e-05
-3.777579695452004671e-04
-3.298981755506247282e-04
-3.099433379247784615e-04
-5.062366108177229762e-05
-2.545563074818346649e-05
-3.937703149858862162e-04
-5.574930110014975071e-04
-3.836740797851234674e-04
-1.478259218856692314e-04
-2.433305926388129592e-04
-2.962342987302690744e-04
-2.843846159521490335e-04
6.272625341807724908e-06
-7.426392403431236744e-04
-2.883475972339510918e-04
-5.247148219496011734e-04
-7.365865749306976795e-04
-8.805120596662163734e-04
-4.582998808473348618e-04
-5.305088125169277191e-04
-1.671002828516066074e-04
-1.308441133005544543e-04
-2.441297983750700951e-04
-6.465501501224935055e-04
-1.126217757700942457e-04
1.464263768866658211e-04
-4.946976550854742527e-04
-1.708532654447481036e-04
-4.436414164956659079e-04
-2.496330125723034143e-04
-5.379976355470716953e-04
-3.683241957332938910e-04
-2.045812288997694850e-04
-4.786770732607692480e-04
-1.140979657066054642e-04
-1.778982020914554596e-02
-8.204438927350565791e-05
-3.004393947776407003e-04
6.130491237854585052e-05
-4.986992571502923965e-04
-3.592573048081248999e-04
-4.306010960135608912e-04
-2.403744729235768318e-04
-1.099081244319677353e-03
-2.385870611760765314e-04
-2.061829436570405960e-04
-7.490055169910192490e-03
-4.619616665877401829e-04
-8.677045698277652264e-04
-4.342143656685948372e-04
-2.135319955414161086e-04
-3.198927443008869886e-04
-2.550941135268658400e-04
-4.546120180748403072e-04
-6.750128814019262791e-04
-3.364789008628576994e-04
-2.183638140559196472e-02
-2.700797922443598509e-04
-2.773186378180980682e-02
-5.125623647472821176e-05
-3.076594322919845581e-02
-6.757056107744574547e-04
-1.148282550275325775e-03
-4.737226699944585562e-04
-8.407891727983951569e-03
-3.315605572424829006e-04
-2.268279343843460083e-02
-1.424316503107547760e-02
-1.427870301995426416e-04
-3.565353527665138245e-02
-2.474534267093986273e-04
-4.683392122387886047e-02
-1.045601209625601768e-03
-8.904698770493268967e-04
-1.599578186869621277e-02
-2.158961631357669830e-02
-3.783659776672720909e-04
-1.823985204100608826e-02
-3.100766241550445557e-02
-5.734757985919713974e-03
-1.746158860623836517e-02
-5.417035147547721863e-02
-2.207323850598186255e-04
-3.333557024598121643e-02
-4.779511073138564825e-04
-6.711758673191070557e-02
-1.774261327227577567e-04
-6.730826199054718018e-02
-2.984403818845748901e-02
-5.397740751504898071e-02
-6.977855414152145386e-02
-1.027474179863929749e-02
-4.707030951976776123e-02
-8.182575111277401447e-04
-1.027296110987663269e-01
-3.048063954338431358e-04
-8.190264552831649780e-02
-7.814847677946090698e-02
-2.052321215160191059e-04
-7.131183892488479614e-02
-8.828244358301162720e-02
-1.051414664834737778e-02
-8.664160221815109253e-02
-6.591014564037322998e-02
-8.004656061530113220e-03
-6.069909408688545227e-02
-4.370914027094841003e-02
-8.706228435039520264e-02
-1.584800146520137787e-02
-5.448654666543006897e-02
-1.336061488837003708e-02
-9.039665013551712036e-02
-2.206194587051868439e-02
-7.314733415842056274e-02
-1.198633089661598206e-01
-5.794603377580642700e-03
-4.021306708455085754e-02
-7.100641727447509766e-02
-4.408201947808265686e-02
-7.779596745967864990e-02
-4.068647697567939758e-02
-6.614228338003158569e-02
-4.174477979540824890e-02
-3.860873356461524963e-02
-6.511827558279037476e-02
-1.849305443465709686e-02
-1.884046569466590881e-02
-9.972442686557769775e-02
-2.823873423039913177e-02
-2.435443922877311707e-02
-6.752952933311462402e-02
-1.325323618948459625e-02
-4.491107910871505737e-02
-9.728740900754928589e-02
-5.004070699214935303e-02
-1.664120890200138092e-02
-6.857582181692123413e-02
-4.606973379850387573e-03
-7.277180999517440796e-02
-1.770723983645439148e-02
-4.709554091095924377e-02
-1.085978932678699493e-02
-3.986363857984542847e-02
-2.646866813302040100e-02
-3.170309215784072876e-02
-8.050252799876034260e-04
-7.163126766681671143e-02
-5.134285427629947662e-03
1.833086833357810974e-02
-3.175681084394454956e-02
-3.990140103269368410e-04
-4.845460504293441772e-02
-2.466831170022487640e-02
-4.102879902347922325e-04
-3.920425847172737122e-02
-3.277134383097290993e-04
-1.532699447125196457e-02
-1.283058617264032364e-02
-1.529593952000141144e-03
-6.076985737308859825e-04
-2.871260512620210648e-04
5.824672989547252655e-03
4.805801901966333389e-03
-1.075994875282049179e-02
3.160832449793815613e-02
4.356483259471133351e-06
-1.191894616931676865e-02
3.587514860555529594e-03
-1.992761529982089996e-02
-3.154779260512441397e-04
-1.018817711155861616e-04
-7.537510246038436890e-03
-3.021335287485271692e-04
9.335683658719062805e-03
-1.117790210992097855e-02
-3.126883530057966709e-04
-9.696505963802337646e-03
1.783761009573936462e-02
-1.012253109365701675e-02
-1.979769580066204071e-02
-1.094773504883050919e-02
-7.089848630130290985e-03
-4.246118187438696623e-04
-2.623914624564349651e-04
-1.637269929051399231e-02
5.433087050914764404e-02
-8.631226373836398125e-04
-2.175070403609424829e-04
-1.029476337134838104e-02
2.705431729555130005e-02
8.906628936529159546e-03
3.002058155834674835e-02
-7.040079683065414429e-02
3.004396706819534302e-02
-2.169322781264781952e-02
-3.593494370579719543e-02
2.004041522741317749e-02
4.577122628688812256e-03
6.260202499106526375e-04
4.471560195088386536e-02
-3.010633960366249084e-02
-4.582799971103668213e-02
5.186168849468231201e-02
-6.653001531958580017e-03
1.511340681463479996e-02
-4.265371171641163528e-05
-1.367988158017396927e-02
-1.512257196009159088e-02
5.689271911978721619e-02
-2.632786706089973450e-02
-3.860570141114294529e-04
-4.571047611534595490e-04
-3.874781832564622164e-04
1.784086599946022034e-02
-1.566071063280105591e-02
1.397457439452409744e-03
-1.771261543035507202e-02
-3.536785370670258999e-04
-3.641105722635984421e-04
-2.490569313522428274e-04
-6.457255221903324127e-03
7.667364086955785751e-03
-1.564141176640987396e-02
3.245564177632331848e-02
-2.256652223877608776e-04
1.004132442176342010e-03
1.252899412065744400e-02
-2.298232354223728180e-02
3.082941658794879913e-02
-3.197528130840510130e-04
-3.362217394169420004e-04
-5.298692267388105392e-03
-4.096090851817280054e-04
-4.555064369924366474e-04
-5.006431136280298233e-03
-5.923242424614727497e-04
-5.561075638979673386e-03
-3.343509882688522339e-02
-3.710662131197750568e-04
-5.320453783497214317e-04
-3.177512437105178833e-02
-2.447205036878585815e-02
-8.482135832309722900e-03
-4.061411134898662567e-03
-3.626916557550430298e-02
-2.255058148875832558e-03
-5.039173364639282227e-02
-1.870117522776126862e-02
-3.047255985438823700e-02
-6.031965464353561401e-02
-4.387984517961740494e-03
-3.376272320747375488e-02
-3.842508187517523766e-03
-7.884938269853591919e-02
-1.085279230028390884e-02
-5.619072541594505310e-02
-4.486054927110671997e-02
-5.868194624781608582e-02
-3.443232923746109009e-02
-4.104284569621086121e-02
-5.659781023859977722e-02
-3.847521916031837463e-02
-5.538346618413925171e-02
-5.358674004673957825e-02
-3.199692070484161377e-02
-1.146026030182838440e-01
-2.098471112549304962e-02
-8.360382914543151855e-02
-4.848247021436691284e-02
-2.610376104712486267e-02
-9.595936536788940430e-02
-4.258731007575988770e-02
-5.092788115143775940e-02
-3.475706651806831360e-02
-6.225173547863960266e-02
-5.926324799656867981e-02
-3.263812884688377380e-02
-1.100227162241935730e-01
-2.189688384532928467e-02
-5.794905126094818115e-03
-8.545185625553131104e-02
-4.196865484118461609e-02
-3.340817987918853760e-02
-9.017274528741836548e-02
-3.939453884959220886e-02
-9.560520201921463013e-02
-3.311512246727943420e-02
-5.227309465408325195e-02
-3.241743147373199463e-02
-1.858575828373432159e-02
-1.156091019511222839e-01
-1.539447437971830368e-02
-8.876133710145950317e-02
-1.379165984690189362e-02
-7.770819123834371567e-03
-6.692145764827728271e-02
-1.489748945459723473e-03
-4.275361075997352600e-02
-1.902795583009719849e-02
-2.999428845942020416e-02
-3.421213105320930481e-02
-7.025450468063354492e-02
-7.002654485404491425e-03
-4.960007965564727783e-02
-4.870448634028434753e-02
-1.673896913416683674e-03
-5.360596999526023865e-02
-3.006179258227348328e-02
-4.742576926946640015e-02
-1.427681744098663330e-02
-3.167515248060226440e-02
-8.787075057625770569e-03
-2.866295399144291878e-04
-6.019540876150131226e-02
-2.010761090787127614e-04
-2.246410027146339417e-02
-7.283796370029449463e-02
-2.119193377438932657e-04
-6.211048457771539688e-04
-5.450276285409927368e-02
-7.828230969607830048e-03
-3.279135748744010925e-02
-3.261410072445869446e-02
-3.829004417639225721e-04
-2.847161889076232910e-02
-2.718278765678405762e-02
-3.568124084267765284e-04
-6.950323586352169514e-04
-3.661424666643142700e-02
-8.242186158895492554e-03
-1.823539350880309939e-04
-2.556884847581386566e-02
-3.999777836725115776e-04
-1.257266942411661148e-02
-1.021748175844550133e-04
-2.104085683822631836e-02
-3.404195606708526611e-02
-3.252075111959129572e-04
-2.040585875511169434e-02
-5.735536105930805206e-04
-4.035384627059102058e-04
-1.804504729807376862e-02
-7.878042757511138916e-03
-1.984504051506519318e-04
-6.187274120748043060e-03
-3.327336889924481511e-05
-2.204754203557968140e-02
-2.787477278616279364e-04
-2.438452793285250664e-04
-2.984132803976535797e-02
4.513356543611735106e-05
-2.563747111707925797e-04
-7.046788232401013374e-04
-2.748081460595130920e-04
-8.238172740675508976e-04
-5.474080098792910576e-04
-6.748113264620769769e-06
-5.051953485235571861e-04
-3.539450699463486671e-04
-3.977170854341238737e-04
-6.528591620735824108e-05
-6.034299149177968502e-04
-4.024311201646924019e-04
-3.843569429591298103e-04
-4.410957044456154108e-04
-2.675992727745324373e-04
-6.807761383242905140e-04
-3.477360005490481853e-04
-3.514763666316866875e-04
-3.155894519295543432e-04
-4.950074944645166397e-04
-7.473364239558577538e-04
-3.616373578552156687e-04
-1.312518143095076084e-04
-5.278394091874361038e-04
-2.914476790465414524e-04
-2.099400007864460349e-04
-2.493778883945196867e-04
-1.590643264353275299e-02
-2.497789391782134771e-04
-1.210182090289890766e-04
-8.305224037030711770e-05
-1.241049030795693398e-04
-2.036992809735238552e-04
-5.773110897280275822e-04
-1.597241353010758758e-04
-3.287684521637856960e-04
-1.306339545408263803e-04
-4.741986631415784359e-04
-2.626471978146582842e-04
-3.660992078948765993e-04
-4.032660217490047216e-04
-7.722753070993348956e-05
-4.222349380142986774e-04
8.045366848818957806e-05
-2.958910481538623571e-04
-1.316179841523990035e-04
