4.673690127674490213e-04
3.746895818039774895e-04
1.162890112027525902e-03
9.792987257242202759e-04
8.338641491718590260e-04
4.966138512827455997e-04
7.416732260026037693e-04
4.192771157249808311e-04
5.562327569350600243e-04
6.836338434368371964e-04
8.930249605327844620e-04
5.959086120128631592e-04
7.710380014032125473e-04
5.747809191234409809e-04
7.519570644944906235e-04
2.131424407707527280e-04
7.529546855948865414e-04
6.645573303103446960e-04
5.961154820397496223e-04
6.938764126971364021e-04
8.077757665887475014e-04
8.429015288129448891e-04
6.445932667702436447e-04
7.079068454913794994e-04
7.583877886645495892e-04
4.276876279618591070e-04
6.716945208609104156e-04
4.480703792069107294e-04
3.718679363373667002e-04
6.160762859508395195e-04
9.809947805479168892e-04
1.494012190960347652e-03
1.016426249407231808e-03
7.641303236596286297e-04
6.364668370224535465e-04
7.475821184925734997e-04
8.318109321407973766e-04
8.068946772255003452e-04
1.173931173980236053e-03
1.140002510510385036e-03
9.153599967248737812e-04
4.936829209327697754e-04
5.367528647184371948e-04
6.352540804073214531e-04
9.797163074836134911e-04
9.301407262682914734e-04
9.595146402716636658e-04
1.134763704612851143e-03
1.013783738017082214e-03
1.039251452311873436e-03
1.265223021619021893e-03
1.147917588241398335e-03
1.106433803215622902e-03
1.364963944070041180e-03
9.397350950166583061e-04
9.148271055892109871e-04
7.873735739849507809e-04
7.389584206975996494e-04
9.186617680825293064e-04
9.806399466469883919e-04
1.319967443123459816e-03
8.720657788217067719e-04
5.723041249439120293e-04
9.813478682190179825e-04
8.018941152840852737e-04
9.101380128413438797e-04
1.025466248393058777e-03
5.684501957148313522e-04
1.064383657649159431e-03
1.067930017597973347e-03
9.366877493448555470e-04
9.231264702975749969e-04
1.116557628847658634e-03
1.174682634882628918e-03
1.090211211703717709e-03
1.386440126225352287e-03
7.555133197456598282e-04
9.672371670603752136e-04
1.083633629605174065e-03
8.709544781595468521e-04
5.819190992042422295e-04
9.854094823822379112e-04
1.203850144520401955e-03
1.038779737427830696e-03
7.188660092651844025e-04
7.881023338995873928e-04
8.139716810546815395e-04
1.228872453793883324e-03
1.162784756161272526e-03
1.051151310093700886e-03
9.466013289056718349e-04
9.111669496633112431e-04
7.817231118679046631e-03
1.169360824860632420e-03
8.886221796274185181e-03
9.091270039789378643e-04
1.555244345217943192e-02
1.382257672958076000e-03
8.292917162179946899e-03
1.371688675135374069e-03
2.591286785900592804e-02
1.688123680651187897e-02
1.320933341048657894e-03
5.503302067518234253e-02
1.379511551931500435e-03
2.086769975721836090e-02
5.290022864937782288e-02
1.350863720290362835e-03
7.778302580118179321e-02
1.754673779942095280e-03
6.605263799428939819e-02
3.420669585466384888e-02
4.498747363686561584e-02
5.228949710726737976e-02
3.495462238788604736e-02
7.155971974134445190e-02
3.185886517167091370e-02
8.096063882112503052e-02
5.806230753660202026e-02
5.169387534260749817e-02
5.741862952709197998e-02
8.391031622886657715e-02
4.630682989954948425e-02
8.678972721099853516e-02
6.096659973263740540e-02
7.243779301643371582e-02
6.349831819534301758e-02
7.966077327728271484e-02
7.283111661672592163e-02
8.207210153341293335e-02
5.556891858577728271e-02
8.459520339965820312e-02
8.112788200378417969e-02
6.713929027318954468e-02
7.578522711992263794e-02
7.692418992519378662e-02
6.798793375492095947e-02
6.897792220115661621e-02
6.622318923473358154e-02
6.349750608205795288e-02
6.436982750892639160e-02
4.250081628561019897e-02
7.585064321756362915e-02
4.484477266669273376e-02
4.814867302775382996e-02
5.313624441623687744e-02
4.406584426760673523e-02
3.715883940458297729e-02
4.817220941185951233e-02
1.550647802650928497e-02
4.912869632244110107e-02
8.167427964508533478e-03
2.976759336888790131e-02
2.888933382928371429e-02
1.589250378310680389e-02
8.792310021817684174e-03
1.798061467707157135e-02
6.140081677585840225e-03
7.836277596652507782e-03
9.238474071025848389e-03
6.622150074690580368e-03
1.322674681432545185e-03
1.416914397850632668e-03
1.769550610333681107e-03
1.548212487250566483e-03
1.400275970809161663e-03
1.493360730819404125e-03
9.969201637431979179e-04
1.467448193579912186e-03
1.550183165818452835e-03
1.440847758203744888e-03
1.203703228384256363e-03
1.302659977227449417e-03
1.171082258224487305e-03
1.348725054413080215e-03
1.660904614254832268e-03
9.411693317815661430e-04
8.510078187100589275e-04
1.048988196998834610e-03
1.287916791625320911e-03
1.237448654137551785e-03
1.084884395822882652e-03
9.441893198527395725e-04
1.006776816211640835e-03
8.795897592790424824e-04
5.689157405868172646e-04
7.676614332012832165e-04
8.277161978185176849e-04
9.530450915917754173e-04
8.597907144576311111e-04
7.517827325500547886e-04
1.006552600301802158e-03
9.177063475362956524e-04
5.373704480007290840e-04
4.846295923925936222e-04
7.070453139021992683e-04
5.264971405267715454e-04
4.723056626971811056e-04
7.002371130511164665e-04
8.556045359000563622e-04
5.053249187767505646e-04
8.151177898980677128e-04
5.126968026161193848e-04
6.849684868939220905e-04
9.194530430249869823e-04
8.129627676680684090e-04
6.926566129550337791e-04
6.855613901279866695e-04
7.871103589423000813e-04
6.477818824350833893e-04
6.172594148665666580e-04
4.548334109131246805e-04
8.391790906898677349e-04
9.932275861501693726e-04
1.002457225695252419e-03
8.636249112896621227e-04
8.921334519982337952e-04
1.171130686998367310e-03
8.640197920612990856e-04
8.707043016329407692e-04
1.010270090773701668e-03
1.172703108750283718e-03
1.109292032197117805e-03
9.929480729624629021e-04
1.190460752695798874e-03
1.630131388083100319e-03
1.136214123107492924e-03
1.079750596545636654e-03
1.443511224351823330e-03
2.071236027404665947e-03
1.465281704440712929e-03
1.276445225812494755e-03
2.385210944339632988e-03
1.764848246239125729e-03
1.604504999704658985e-03
1.339319744147360325e-03
2.009110525250434875e-03
2.267678035423159599e-03
1.231605303473770618e-03
1.673294790089130402e-02
1.471834490075707436e-03
1.655812491662800312e-03
1.751132495701313019e-02
5.444729235023260117e-03
1.216355618089437485e-02
9.495539590716362000e-03
2.152864076197147369e-02
1.060275454074144363e-02
4.115218296647071838e-02
1.088945195078849792e-02
3.728511184453964233e-02
3.197835013270378113e-02
2.597134560346603394e-02
5.635143816471099854e-02
2.041820995509624481e-02
8.554431051015853882e-02
3.232011198997497559e-02
5.791327729821205139e-02
5.161028355360031128e-02
7.133970409631729126e-02
4.242949932813644409e-02
8.405063301324844360e-02
4.942060634493827820e-02
7.257280498743057251e-02
7.377827912569046021e-02
5.010310187935829163e-02
8.895689994096755981e-02
6.565105915069580078e-02
5.072411894798278809e-02
1.147243380546569824e-01
2.739617042243480682e-02
1.115287393331527710e-01
4.184712097048759460e-02
1.140087991952896118e-01
1.693250238895416260e-02
1.103594452142715454e-01
3.792005777359008789e-02
9.523576498031616211e-02
4.419628530740737915e-02
7.310598343610763550e-02
6.232011318206787109e-02
7.946506142616271973e-02
3.336298093199729919e-02
7.425492256879806519e-02
5.144919082522392273e-02
4.626687988638877869e-02
6.978848576545715332e-02
1.288956403732299805e-02
7.218688726425170898e-02
3.282128274440765381e-02
2.639730274677276611e-02
6.087802723050117493e-02
6.666718516498804092e-03
4.226404055953025818e-02
3.611221909523010254e-02
1.459151040762662888e-03
2.028350718319416046e-02
4.830903559923171997e-02
1.550090615637600422e-03
3.600167483091354370e-02
1.211108407005667686e-03
1.156808109953999519e-03
3.707043826580047607e-02
9.126590448431670666e-04
6.115073803812265396e-03
1.555873663164675236e-03
1.148131559602916241e-03
1.422440051101148129e-03
3.711773548275232315e-03
1.466151094064116478e-03
1.239579869434237480e-03
9.079963201656937599e-04
1.298619550652801991e-03
1.348888035863637924e-03
1.307614264078438282e-03
7.154091144911944866e-04
6.584053626284003258e-04
1.069058664143085480e-03
1.255850074812769890e-03
1.333628431893885136e-03
1.114263082854449749e-03
6.029232754372060299e-04
1.241148333065211773e-03
1.295121386647224426e-03
1.169077004306018353e-03
1.065067248418927193e-03
1.190732931718230247e-03
8.046495495364069939e-04
6.265207775868475437e-04
5.479762912727892399e-04
6.703642429783940315e-04
9.808783652260899544e-04
1.130257733166217804e-03
8.669120143167674541e-04
8.624311885796487331e-04
9.126138174906373024e-04
1.135079306550323963e-03
1.035854336805641651e-03
1.074284082278609276e-03
8.954683435149490833e-04
1.541117671877145767e-03
6.891639786772429943e-04
8.773481822572648525e-04
1.180690829642117023e-03
8.052407647483050823e-04
1.021750271320343018e-03
1.173846190795302391e-03
1.165254856459796429e-03
9.245476103387773037e-04
1.030123443342745304e-03
1.101013855077326298e-03
1.089623896405100822e-03
5.792792071588337421e-04
7.639609975740313530e-04
4.795481509063392878e-04
6.569116376340389252e-04
7.925189565867185593e-04
4.090945294592529535e-04
8.997211116366088390e-04
1.059312256984412670e-03
1.054874504916369915e-03
8.066159789450466633e-04
4.702497390098869801e-04
6.830264464952051640e-04
9.720536763779819012e-04
1.024633180350065231e-03
1.033094013109803200e-03
9.917533025145530701e-04
1.027416321448981762e-03
1.273589907214045525e-03
1.147155300714075565e-03
8.082890417426824570e-04
3.277335781604051590e-04
4.774956905748695135e-04
5.297606694512069225e-04
1.211127382703125477e-03
5.705714575015008450e-04
1.148650655522942543e-03
7.781362510286271572e-04
1.129655633121728897e-03
7.714024395681917667e-04
1.016736263409256935e-03
8.654098492115736008e-04
3.956101718358695507e-04
6.006453768350183964e-04
9.201221982948482037e-04
5.277164163999259472e-04
1.198495738208293915e-03
2.567011397331953049e-04
4.868875257670879364e-04
1.175000914372503757e-03
7.441937341354787350e-04
7.503419183194637299e-04
1.663011935306712985e-04
5.650123930536210537e-04
5.939608672633767128e-04
5.230372189544141293e-04
4.174914211034774780e-04
7.538508507423102856e-04
6.858318811282515526e-04
6.907454226166009903e-04
