-2.190416445955634117e-03
-4.438217729330062866e-03
1.147513510659337044e-03
-1.171948947012424469e-02
-3.989756572991609573e-03
4.880513064563274384e-03
4.831118858419358730e-04
-1.217957236804068089e-03
2.912745345383882523e-03
-3.481585066765546799e-03
4.014526028186082840e-03
1.827266183681786060e-03
2.644679043442010880e-03
4.933068994432687759e-03
-4.394566349219530821e-04
-2.311894902959465981e-03
1.500071957707405090e-04
-1.071948837488889694e-02
-1.129728974774479866e-03
1.862886361777782440e-03
2.050924580544233322e-03
1.079724985174834728e-03
7.413445971906185150e-03
7.831119582988321781e-04
2.147868508473038673e-03
1.696509192697703838e-03
7.985900156199932098e-03
4.002388101071119308e-03
3.349980572238564491e-03
-2.580861793830990791e-03
2.975760772824287415e-02
1.704085059463977814e-02
2.434163819998502731e-03
4.048203583806753159e-03
5.772080738097429276e-03
2.192615298554301262e-03
1.410887110978364944e-03
3.875636029988527298e-03
2.072397153824567795e-03
5.054562352597713470e-03
3.016266273334622383e-03
5.589581094682216644e-03
1.226718537509441376e-03
7.875832729041576385e-03
1.999936532229185104e-03
8.197179995477199554e-03
8.228715509176254272e-03
1.650907658040523529e-02
7.780882529914379120e-03
8.951173163950443268e-03
4.296846222132444382e-03
-5.255893338471651077e-04
5.737275350838899612e-03
6.106042768806219101e-03
-1.637710491195321083e-03
3.504046425223350525e-02
9.723926894366741180e-03
7.008818443864583969e-03
2.455220092087984085e-03
2.058744896203279495e-03
2.657888224348425865e-03
2.094884403049945831e-02
9.467045776546001434e-03
7.499335915781557560e-04
3.332537831738591194e-03
7.972434163093566895e-03
-1.072974875569343567e-02
-7.550390902906656265e-03
3.431662218645215034e-03
3.897316288203001022e-03
3.484271699562668800e-03
-1.502137631177902222e-03
5.261604208499193192e-03
4.300801083445549011e-03
-4.706936888396739960e-04
3.897056216374039650e-03
1.568318461067974567e-03
5.192471202462911606e-03
6.871362216770648956e-03
6.780534982681274414e-03
8.099638856947422028e-03
7.770383264869451523e-03
3.086100565269589424e-03
-3.523240564391016960e-03
-2.061699982732534409e-03
-9.010624140501022339e-03
7.666507270187139511e-03
-8.360115811228752136e-03
-3.153139725327491760e-03
1.173533219844102859e-02
5.110759288072586060e-03
9.548938833177089691e-03
-9.366880403831601143e-04
7.381060160696506500e-03
-1.452274434268474579e-02
-1.124792383052408695e-03
5.025136750191450119e-03
1.672432990744709969e-04
1.472574193030595779e-03
6.486725062131881714e-03
-1.746923080645501614e-03
6.421054247766733170e-03
4.995632451027631760e-03
3.325512399896979332e-03
5.220886087045073509e-04
-6.827253382652997971e-03
3.103353548794984818e-03
8.415792137384414673e-03
2.793550025671720505e-03
-8.073760196566581726e-03
-6.745312828570604324e-03
1.296136761084198952e-03
1.015373691916465759e-02
-2.363301813602447510e-02
6.194316316395998001e-03
-1.931884884834289551e-02
-2.432935172691941261e-03
8.052579127252101898e-03
3.040717216208577156e-03
-5.835700314491987228e-03
4.243357107043266296e-03
-6.452364847064018250e-03
-4.900098312646150589e-03
1.711332798004150391e-02
-1.739352475851774216e-03
6.163694430142641068e-03
5.327339284121990204e-03
2.230823505669832230e-03
-5.813523894175887108e-04
1.505584828555583954e-02
7.369797211140394211e-03
-5.034485366195440292e-03
-1.032927189953625202e-03
-1.415594015270471573e-02
-9.605021215975284576e-03
-2.932860283181071281e-03
-1.635906472802162170e-02
1.003320515155792236e-02
-3.133835969492793083e-03
3.809069748967885971e-03
2.781259128823876381e-03
-4.503107338678091764e-04
-2.727766893804073334e-02
-1.429770234972238541e-02
2.075551077723503113e-02
-1.618041424080729485e-03
1.948824711143970490e-02
9.127984754741191864e-03
-4.454788751900196075e-03
-3.464850131422281265e-03
4.380614496767520905e-03
1.107902498915791512e-03
-3.138402104377746582e-02
-1.250959187746047974e-02
-1.253294409252703190e-03
-3.814457729458808899e-02
9.042573161423206329e-03
-2.193800359964370728e-02
-5.147745460271835327e-02
-2.708404511213302612e-02
-3.245482221245765686e-02
-2.025076886638998985e-03
-9.794847108423709869e-03
-1.548062730580568314e-02
-2.421229146420955658e-02
-2.209021709859371185e-02
-1.012645894661545753e-03
-2.344587258994579315e-02
-3.119260631501674652e-02
-1.192567404359579086e-02
-2.911855839192867279e-02
-3.477295860648155212e-02
1.386881805956363678e-03
-3.423185274004936218e-02
-2.983404509723186493e-02
-2.234541345387697220e-03
-2.123338915407657623e-02
2.393867634236812592e-02
-2.802918851375579834e-02
-2.886971458792686462e-02
5.106911808252334595e-02
-2.338977530598640442e-02
-5.454695224761962891e-02
-5.621999502182006836e-03
-2.678572013974189758e-02
-6.713299453258514404e-02
-2.138415584340691566e-03
-2.594684623181819916e-02
-9.998027235269546509e-03
6.868596374988555908e-02
-7.031437754631042480e-02
-4.048037901520729065e-02
4.694428667426109314e-02
-5.813843384385108948e-02
-5.270864441990852356e-02
8.086752891540527344e-02
-8.247233182191848755e-02
5.292944982647895813e-02
5.182819440960884094e-02
-3.927652537822723389e-02
-8.351077325642108917e-03
3.355051949620246887e-02
3.240307047963142395e-02
2.481688000261783600e-02
6.677135080099105835e-02
7.390520721673965454e-02
1.373577862977981567e-02
1.381053868681192398e-02
-6.375213712453842163e-02
-1.283278036862611771e-02
-1.013423688709735870e-02
-7.323220372200012207e-02
-4.162740707397460938e-02
4.683282691985368729e-03
-1.204987615346908569e-02
3.149838745594024658e-02
-2.861007861793041229e-02
1.348562166094779968e-02
-3.124810755252838135e-03
-1.949480921030044556e-02
-6.044893711805343628e-02
-6.020888686180114746e-02
3.712769597768783569e-02
-4.732115566730499268e-02
1.274261530488729477e-02
-2.238755114376544952e-02
2.455400116741657257e-02
6.332998629659414291e-03
1.600011438131332397e-02
3.267310094088315964e-03
1.501298695802688599e-02
-9.495839476585388184e-03
-2.785080857574939728e-02
-1.791178435087203979e-02
-7.150170393288135529e-03
1.490495447069406509e-02
-1.561547070741653442e-02
-4.158874042332172394e-03
-9.301659651100635529e-03
-1.363303884863853455e-02
1.577803166583180428e-03
-3.209562040865421295e-03
-2.731525804847478867e-03
-3.144699335098266602e-02
-2.903383458033204079e-03
-3.247067332267761230e-02
-2.103855833411216736e-03
1.335588376969099045e-02
4.474531393498182297e-03
-1.503833197057247162e-02
-8.869307115674018860e-03
5.583615275099873543e-04
-2.249755710363388062e-02
-9.183608926832675934e-03
-1.079216506332159042e-02
-2.121814613929018378e-04
-8.552712970413267612e-04
-1.154174376279115677e-02
-7.479093968868255615e-03
-1.291769091039896011e-02
8.702078834176063538e-03
-5.007672589272260666e-04
5.969689227640628815e-04
2.826918661594390869e-02
-3.382944269105792046e-03
-5.674917716532945633e-03
-1.522840466350317001e-02
-5.279922857880592346e-03
-9.776242077350616455e-03
-4.141597077250480652e-03
5.364876240491867065e-03
4.681062884628772736e-03
3.018270013853907585e-03
6.190186366438865662e-03
-2.563164802268147469e-03
2.376797143369913101e-03
9.289751760661602020e-03
3.662801114842295647e-03
6.500456947833299637e-03
1.204323954880237579e-02
6.761962547898292542e-03
3.821179037913680077e-03
-2.698126714676618576e-03
-4.421594610448664753e-07
1.396884908899664879e-03
9.078326635062694550e-03
2.480628900229930878e-03
-8.236889727413654327e-03
2.029357710853219032e-03
-1.507476787082850933e-03
-5.679693538695573807e-03
1.927276886999607086e-02
6.084872409701347351e-03
5.488171707838773727e-03
1.059826463460922241e-02
1.287303492426872253e-02
1.730382815003395081e-02
-3.566506318747997284e-03
2.821479458361864090e-03
-4.980932455509901047e-03
2.725922502577304840e-03
8.221367374062538147e-03
2.073513605864718556e-04
1.341682655038312078e-04
3.155451267957687378e-04
-2.940969541668891907e-03
2.755542052909731865e-03
9.556033182889223099e-04
1.475048018619418144e-03
-2.868086099624633789e-03
-1.822187448851764202e-03
2.004859969019889832e-03
4.332894925028085709e-03
6.429660599678754807e-03
-3.374371910467743874e-03
5.032747518271207809e-03
2.621305873617529869e-03
-6.931180832907557487e-04
3.313085064291954041e-03
-5.200583953410387039e-03
-1.016085408627986908e-02
-3.257793723605573177e-04
1.366915181279182434e-03
2.188568003475666046e-03
5.773966549895703793e-04
-1.214523240923881531e-02
-2.414213377051055431e-04
-3.514628391712903976e-03
4.440219607204198837e-03
-3.302600467577576637e-03
-5.367073230445384979e-03
3.347075777128338814e-03
-3.232623450458049774e-03
-2.064810832962393761e-03
-2.416899194940924644e-03
-7.901265285909175873e-03
-2.459961222484707832e-03
-4.450244829058647156e-03
-3.096382878720760345e-02
-7.633365690708160400e-03
-2.710139378905296326e-03
-3.734330646693706512e-03
-8.771317516220733523e-05
-9.936967864632606506e-03
-7.042823359370231628e-03
-4.462857265025377274e-03
-1.775572658516466618e-03
-1.615263405255973339e-03
-1.651795813813805580e-03
-5.440347362309694290e-03
-3.283208608627319336e-02
-7.360792718827724457e-03
-6.111080944538116455e-02
-8.868450298905372620e-03
3.530399501323699951e-02
-5.272300913929939270e-04
-1.712483912706375122e-02
-1.602243632078170776e-02
-3.632729174569249153e-03
-8.539832197129726410e-03
1.033277437090873718e-02
1.827168976888060570e-03
8.043450303375720978e-03
-7.011787500232458115e-03
-2.040063776075839996e-02
-7.213267497718334198e-03
-4.450380802154541016e-03
-4.045694658998399973e-04
-1.278325449675321579e-03
-1.724728941917419434e-02
-3.386111464351415634e-03
-1.922928728163242340e-03
-5.716337822377681732e-03
-3.090036334469914436e-03
2.973997034132480621e-02
-1.123883877880871296e-03
-1.728217676281929016e-02
-3.941710572689771652e-03
-3.972644917666912079e-03
-7.642162963747978210e-03
-5.421297624707221985e-03
-2.560438355430960655e-03
1.322243828326463699e-03
-2.448775339871644974e-03
-6.552450824528932571e-03
5.911333137191832066e-04
2.273965394124388695e-03
6.305692950263619423e-04
-7.179790176451206207e-03
-2.003458095714449883e-03
-1.788355642929673195e-03
-2.026314474642276764e-02
-6.418255157768726349e-03
-5.284254439175128937e-03
7.155471481382846832e-03
5.764868576079607010e-03
-2.546916948631405830e-03
9.307190193794667721e-04
-5.683324299752712250e-03
3.276732168160378933e-04
1.038603251799941063e-03
