-1.665314630372449756e-04
-2.468221355229616165e-04
-2.582788001745939255e-04
-1.493156887590885162e-04
-1.918305788422003388e-04
-2.369776921113952994e-04
-2.822568640112876892e-04
-3.567970707081258297e-04
-3.980632172897458076e-04
-3.360531991347670555e-04
-3.841245488729327917e-04
-4.536578198894858360e-04
-3.293008776381611824e-04
-4.657764220610260963e-04
-4.352197865955531597e-04
-5.335803725756704807e-04
-6.078765727579593658e-04
-5.863505066372454166e-04
-5.826188717037439346e-04
-5.886399885639548302e-04
-6.952902185730636120e-04
-6.199311465024948120e-04
-7.488162373192608356e-04
-6.705314735881984234e-04
-6.892118253745138645e-04
-7.393695996142923832e-04
-8.592029917053878307e-04
-8.495183428749442101e-04
-8.432678878307342529e-04
-8.642602479085326195e-04
-8.718724711798131466e-04
-8.860288653522729874e-04
-1.023945165798068047e-03
-1.065023709088563919e-03
-9.722345275804400444e-04
-9.457412525080144405e-04
-1.205504755489528179e-03
-1.190765062347054482e-03
-1.163012697361409664e-03
-1.202885061502456665e-03
-1.263326732441782951e-03
-1.271189423277974129e-03
-1.391447149217128754e-03
-1.403603004291653633e-03
-1.409698976203799248e-03
-1.499583013355731964e-03
-1.409082324244081974e-03
-1.357361790724098682e-03
-1.558036892674863338e-03
-1.563166035339236259e-03
-1.597466995008289814e-03
-1.542699406854808331e-03
-1.645990530960261822e-03
-1.730831689201295376e-03
-1.723902998492121696e-03
-1.790231210179626942e-03
-1.805373700335621834e-03
-1.832730835303664207e-03
-1.877175294794142246e-03
-1.951583195477724075e-03
-1.933208550326526165e-03
-2.044268185272812843e-03
-2.024797257035970688e-03
-2.033930737525224686e-03
-2.117995172739028931e-03
-2.074067015200853348e-03
-2.147631952539086342e-03
-2.143929712474346161e-03
-2.270891331136226654e-03
-2.259341068565845490e-03
-2.281747292727231979e-03
-2.349707763642072678e-03
-2.360938815400004387e-03
-2.341323997825384140e-03
-2.329366514459252357e-03
-2.466423669829964638e-03
-2.594372723251581192e-03
-2.474480541422963142e-03
-2.438154304400086403e-03
-2.604419831186532974e-03
-2.581791486591100693e-03
-2.719813492149114609e-03
-2.679775236174464226e-03
-2.772639971226453781e-03
-2.795994048938155174e-03
-2.783436095342040062e-03
-2.939903642982244492e-03
-3.035890636965632439e-03
-2.928826492279767990e-03
-2.982652746140956879e-03
-3.018350107595324516e-03
-3.165988717228174210e-03
-3.075797343626618385e-03
-3.280165838077664375e-03
-3.169476985931396484e-03
-3.276519710198044777e-03
-3.424564143642783165e-03
-3.421669593080878258e-03
-3.448996925726532936e-03
-3.605900797992944717e-03
-3.652054350823163986e-03
-3.706244751811027527e-03
-3.827755805104970932e-03
-3.756964346393942833e-03
-3.965371288359165192e-03
-3.993848804384469986e-03
-4.145800136029720306e-03
-4.130318295210599899e-03
-4.247691947966814041e-03
-4.300696309655904770e-03
-4.550144542008638382e-03
-4.490915685892105103e-03
-4.495718516409397125e-03
-4.703506827354431152e-03
-4.748507402837276459e-03
-4.914129152894020081e-03
-4.920176230370998383e-03
-4.993855021893978119e-03
-5.193074233829975128e-03
-5.182016175240278244e-03
-5.458227358758449554e-03
-5.544938612729310989e-03
-5.547107663005590439e-03
-5.610047373920679092e-03
-5.615402478724718094e-03
-5.804911255836486816e-03
-5.942872725427150726e-03
-5.958400666713714600e-03
-6.157970055937767029e-03
-6.255459506064653397e-03
-6.359349004924297333e-03
-6.475828122347593307e-03
-6.402009632438421249e-03
-6.562659982591867447e-03
-6.571329198777675629e-03
-6.699020508676767349e-03
-6.798064801841974258e-03
-6.917645689100027084e-03
-6.922850850969552994e-03
-6.971879862248897552e-03
-7.066542748361825943e-03
-7.248634938150644302e-03
-7.051546126604080200e-03
-7.215068209916353226e-03
-7.581281010061502457e-03
-7.397592533379793167e-03
-7.484109606593847275e-03
-7.700799964368343353e-03
-7.698880974203348160e-03
-7.828527130186557770e-03
-7.639616262167692184e-03
-7.706133183091878891e-03
-7.652784232050180435e-03
-7.520671933889389038e-03
-7.483304478228092194e-03
-7.427244447171688080e-03
-7.753227371722459793e-03
-7.747775409370660782e-03
-7.636111695319414139e-03
-7.604845799505710602e-03
-7.436234503984451294e-03
-7.572935894131660461e-03
-7.530851289629936218e-03
-7.608789019286632538e-03
-7.450080476701259613e-03
-7.118206936866044998e-03
-7.179222069680690765e-03
-7.201820611953735352e-03
-7.055090740323066711e-03
-6.823602132499217987e-03
-6.557072978466749191e-03
-6.752326153218746185e-03
-6.341017782688140869e-03
-6.173575762659311295e-03
-6.197055801749229431e-03
-5.845183972269296646e-03
-6.223366595804691315e-03
-6.247118581086397171e-03
-6.195602472871541977e-03
-6.222309544682502747e-03
-6.270723883062601089e-03
-5.665766540914773941e-03
-5.153385922312736511e-03
-5.204369314014911652e-03
-5.156990606337785721e-03
-5.149190314114093781e-03
-4.930749535560607910e-03
-4.785783588886260986e-03
-6.110772956162691116e-03
-7.486246991902589798e-03
-2.533138496801257133e-03
6.113032810389995575e-03
1.167902909219264984e-02
1.158118154853582382e-02
1.058007311075925827e-02
-5.562504753470420837e-03
1.889562979340553284e-02
-3.678340231999754906e-03
-3.291532921139150858e-04
-1.977903954684734344e-02
-3.500890685245394707e-03
1.382772531360387802e-02
-4.059174284338951111e-02
9.152008593082427979e-02
-3.602573648095130920e-02
2.005926892161369324e-02
1.675666682422161102e-02
1.533698756247758865e-02
5.885996390134096146e-03
-1.146785216405987740e-04
-9.758396772667765617e-04
-6.220590439625084400e-04
3.707246214617043734e-04
9.679984068498015404e-04
6.839350680820643902e-04
5.723827634938061237e-04
8.571920334361493587e-04
5.255207070149481297e-04
-5.529993723030202091e-05
-1.405507558956742287e-03
-1.308543374761939049e-03
-1.976194093003869057e-03
-2.316595986485481262e-03
-2.521176589652895927e-03
-2.842518966645002365e-03
-3.319774521514773369e-03
-3.671435639262199402e-03
-3.969401121139526367e-03
-4.491399042308330536e-03
-4.738911520689725876e-03
-4.416381474584341049e-03
-5.021314602345228195e-03
-5.168796516954898834e-03
-5.311234388500452042e-03
-5.397483240813016891e-03
-5.529459100216627121e-03
-5.703340750187635422e-03
-5.774756427854299545e-03
-5.661088041961193085e-03
-5.608712323009967804e-03
-5.604559089988470078e-03
-5.695973057299852371e-03
-5.679717287421226501e-03
-5.634132772684097290e-03
-5.797297228127717972e-03
-5.593983922153711319e-03
-5.682117305696010590e-03
-5.770280025899410248e-03
-5.761798005551099777e-03
-5.822139326483011246e-03
-5.812114570289850235e-03
-5.993066355586051941e-03
-6.008684169501066208e-03
-5.956082604825496674e-03
-6.004861090332269669e-03
-6.001681555062532425e-03
-5.882100667804479599e-03
-5.841834470629692078e-03
-5.877462681382894516e-03
-5.797928664833307266e-03
-5.706385709345340729e-03
-5.837321281433105469e-03
-5.709374323487281799e-03
-5.749476142227649689e-03
-5.706155207008123398e-03
-5.678341258317232132e-03
-5.589317996054887772e-03
-5.386829376220703125e-03
-5.461875349283218384e-03
-5.242478102445602417e-03
-5.305900704115629196e-03
-5.275286268442869186e-03
-5.149077158421278000e-03
-5.229006055742502213e-03
-5.097660236060619354e-03
-5.013131536543369293e-03
-4.958907607942819595e-03
-5.050901323556900024e-03
-4.869103897362947464e-03
-4.791536834090948105e-03
-4.804805852472782135e-03
-4.772278014570474625e-03
-4.616959951817989349e-03
-4.647215362638235092e-03
-4.585374146699905396e-03
-4.527184180915355682e-03
-4.371158313006162643e-03
-4.314230754971504211e-03
-4.257467575371265411e-03
-4.092932678759098053e-03
-4.103467334061861038e-03
-3.938384354114532471e-03
-3.940113820135593414e-03
-3.871409920975565910e-03
-3.659091657027602196e-03
-3.529805690050125122e-03
-3.497193101793527603e-03
-3.462906228378415108e-03
-3.408346092328429222e-03
-3.235002281144261360e-03
-3.174207406118512154e-03
-3.085348987951874733e-03
-3.030019579455256462e-03
-2.877380466088652611e-03
-2.843795111402869225e-03
-2.653931267559528351e-03
-2.669352805241942406e-03
-2.619185252115130424e-03
-2.385350642725825310e-03
-2.474164590239524841e-03
-2.419287804514169693e-03
-2.359897131100296974e-03
-2.283733105286955833e-03
-2.122414531186223030e-03
-2.109617460519075394e-03
-2.094064373522996902e-03
-2.022724831476807594e-03
-1.868845778517425060e-03
-2.034467877820134163e-03
-1.818889286369085312e-03
-1.806071260944008827e-03
-1.773192547261714935e-03
-1.744266017340123653e-03
-1.578159281052649021e-03
-1.573527464643120766e-03
-1.524665742181241512e-03
-1.482467399910092354e-03
-1.397575484588742256e-03
-1.408176845870912075e-03
-1.461788313463330269e-03
-1.360527356155216694e-03
-1.264685997739434242e-03
-1.375282066874206066e-03
-1.257398282177746296e-03
-1.297821290791034698e-03
-1.150681055150926113e-03
-1.090929959900677204e-03
-1.099526416510343552e-03
-1.103974878787994385e-03
-9.983830386772751808e-04
-9.487681672908365726e-04
-1.001214724965393543e-03
-1.005474128760397434e-03
-1.008663093671202660e-03
-9.492633398622274399e-04
-8.728725370019674301e-04
-9.946072241291403770e-04
-8.225505007430911064e-04
-8.090081973932683468e-04
-7.468155235983431339e-04
-7.290385547094047070e-04
-7.576158386655151844e-04
-7.692753570154309273e-04
-7.332527311518788338e-04
-6.369454786181449890e-04
-6.549298996105790138e-04
-6.169162224978208542e-04
-6.092337425798177719e-04
-6.397777469828724861e-04
-5.906946607865393162e-04
-4.969182191416621208e-04
-6.352493655867874622e-04
-5.303776124492287636e-04
-4.262859874870628119e-04
-5.302599747665226460e-04
-4.649029579013586044e-04
-3.753507335204631090e-04
-4.556959029287099838e-04
-3.886484773829579353e-04
-4.047592228744179010e-04
-4.205859731882810593e-04
-3.602870856411755085e-04
-3.504776395857334137e-04
-3.707651630975306034e-04
-2.978022675961256027e-04
-3.186386602465063334e-04
-3.668172867037355900e-04
-3.153217257931828499e-04
-2.871591132134199142e-04
-2.147934574168175459e-04
-2.324628148926422000e-04
-2.066592714982107282e-04
-2.538539993111044168e-04
-2.092884969897568226e-04
-3.122243215329945087e-04
-2.207842335337772965e-04
-2.086302120005711913e-04
-1.405954972142353654e-04
-1.782017061486840248e-04
-1.779812591848894954e-04
-1.972069876501336694e-04
-1.452373544452711940e-04
-5.644391058012843132e-05
-1.792816910892724991e-04
-4.546541822492145002e-05
-1.533132162876427174e-04
-1.391904515912756324e-04
-1.491947332397103310e-04
-6.233753811102360487e-05
-9.655814210418611765e-05
-1.102759997593238950e-04
