-3.112574922852218151e-04
-5.417522042989730835e-04
-5.133361555635929108e-04
-4.552592290565371513e-04
-4.851543926633894444e-04
-3.874876128975301981e-04
-4.446064704097807407e-04
-1.331803039647638798e-03
-2.528631594032049179e-04
-1.259413693333044648e-04
-2.435727219562977552e-04
-1.052363542839884758e-03
-3.530820249579846859e-04
-5.493115895660594106e-05
-2.357705961912870407e-04
-2.338727354072034359e-04
-5.454029305838048458e-04
2.079224504996091127e-04
-5.360185168683528900e-04
-6.458806456066668034e-04
-9.786229202290996909e-05
-3.196314210072159767e-04
-3.182602522429078817e-04
-4.776868736371397972e-04
-2.274976723128929734e-04
-4.932432202622294426e-04
-3.054019180126488209e-04
1.997535873670130968e-04
-5.134975071996450424e-04
-9.870229987427592278e-04
-8.531513740308582783e-04
-3.039144794456660748e-04
-3.679475048556923866e-04
-3.683022669065394439e-06
4.319491563364863396e-05
-9.899914730340242386e-04
-5.599909345619380474e-04
-6.387407775036990643e-04
-3.551043628249317408e-04
-6.315878126770257950e-04
-2.247969823656603694e-04
4.723573147202841938e-05
-7.337693823501467705e-04
-3.388248442206531763e-04
6.300029053818434477e-05
1.100566078093834221e-04
1.957906497409567237e-04
-3.034623805433511734e-04
-3.897120186593383551e-04
-2.064363943645730615e-04
3.171062562614679337e-04
3.418901469558477402e-04
-3.818232216872274876e-04
9.041607700055465102e-05
-3.451851080171763897e-04
3.813220188021659851e-03
-5.241801263764500618e-04
7.650226325495168567e-05
-4.809405654668807983e-04
-3.059225855395197868e-04
-1.044929740601219237e-04
-7.351877138717100024e-05
-4.322667082305997610e-04
-3.496705903671681881e-04
-1.692700170679017901e-04
-2.997204137500375509e-04
-2.824314578901976347e-04
1.772402320057153702e-04
1.057718764059245586e-03
1.411632256349548697e-04
8.689890615642070770e-03
-2.421302924631163478e-04
-3.315874200779944658e-04
7.056083995848894119e-03
-3.403006994631141424e-04
1.118654385209083557e-02
4.821539914701133966e-04
4.285077011445537210e-05
-3.442706292844377458e-05
-2.977630065288394690e-04
1.824899576604366302e-02
5.361213348805904388e-03
1.650344021618366241e-02
-2.971143112517893314e-04
1.097686495631933212e-02
-1.948182907653972507e-04
5.742976441979408264e-02
-4.107679615117376670e-06
1.213704887777566910e-02
5.253431200981140137e-02
-1.453224103897809982e-04
4.894629865884780884e-02
-9.623246296541765332e-05
6.887131184339523315e-02
8.465517021249979734e-05
3.384078666567802429e-02
5.749621987342834473e-02
1.064336299896240234e-02
4.273710027337074280e-02
5.413528531789779663e-02
1.834977231919765472e-02
6.148087978363037109e-02
4.705911874771118164e-02
2.748572826385498047e-02
7.551232725381851196e-02
2.370173111557960510e-02
3.677484765648841858e-02
7.966157793998718262e-02
5.175513774156570435e-02
3.684530407190322876e-02
3.813533484935760498e-02
6.451237201690673828e-02
8.703193813562393188e-02
6.224693730473518372e-03
1.071508377790451050e-01
2.495298348367214203e-02
8.234816789627075195e-02
2.907274477183818817e-02
1.068898141384124756e-01
2.782195620238780975e-02
9.350439161062240601e-02
4.173837229609489441e-02
5.672693252563476562e-02
1.049370393157005310e-01
2.355576492846012115e-02
8.863704651594161987e-02
6.796946376562118530e-02
4.906388744711875916e-02
5.317401885986328125e-02
6.646405160427093506e-02
8.324205130338668823e-02
5.067899450659751892e-02
6.169133633375167847e-02
5.018343776464462280e-02
6.280668079853057861e-02
5.548397824168205261e-02
2.370584011077880859e-02
8.104155957698822021e-02
3.698592260479927063e-02
4.803385213017463684e-02
3.247741237282752991e-02
6.573426723480224609e-02
1.527980621904134750e-02
2.510254457592964172e-02
6.489171832799911499e-02
6.052267737686634064e-03
3.819420933723449707e-02
3.821341693401336670e-02
5.782426800578832626e-03
2.608620375394821167e-02
1.692850701510906219e-02
3.734049573540687561e-02
3.008124651387333870e-03
8.947744965553283691e-03
2.228892222046852112e-02
3.941102477256208658e-04
1.958541758358478546e-02
2.470328705385327339e-03
2.314347075298428535e-03
6.338619277812540531e-04
1.891730935312807560e-03
1.281545264646410942e-03
3.771150368265807629e-04
3.794151416514068842e-04
3.580838383641093969e-04
6.200086791068315506e-04
-4.569488010019995272e-05
1.736227859510108829e-04
8.768097904976457357e-05
8.351884753210470080e-05
3.243078826926648617e-04
-5.643112672260031104e-05
-1.955082370841410011e-05
1.329099322902038693e-04
-1.143489862442947924e-04
-1.197271194541826844e-04
-2.675621653907001019e-04
-3.477217687759548426e-04
-3.848775231745094061e-04
-5.010707536712288857e-04
-5.609962390735745430e-04
-5.376610788516700268e-04
-2.145298203686252236e-04
-5.026641883887350559e-04
-6.316016661003232002e-04
-6.357918609865009785e-04
-5.996949039399623871e-04
-7.433340069837868214e-04
-8.947318419814109802e-04
2.232184167951345444e-03
-8.751665591262280941e-04
-8.762293145991861820e-04
-7.171552279032766819e-04
-2.976636751554906368e-04
-5.558026605285704136e-04
2.489980310201644897e-02
-4.037461429834365845e-02
8.345429705514106899e-06
1.269655860960483551e-02
-1.360851898789405823e-02
1.304968493059277534e-03
6.980611477047204971e-03
2.170759216824080795e-05
7.141962123569101095e-05
2.423542551696300507e-03
-3.991322882939130068e-04
-3.781055856961756945e-04
-4.705170867964625359e-04
-5.171675584279000759e-04
-6.075459532439708710e-04
-6.277489592321217060e-04
-5.993488011881709099e-04
-4.765804333146661520e-04
-5.977026303298771381e-04
-6.803199648857116699e-04
-6.382679566740989685e-04
-5.039206589572131634e-04
-3.115851432085037231e-04
-3.237096534576267004e-04
-6.466244813054800034e-04
-6.253477768041193485e-04
-1.618376409169286489e-04
-1.442227512598037720e-04
-4.895961028523743153e-04
-5.095581291243433952e-04
7.884837941674049944e-06
-2.270769182359799743e-04
1.053806918207556009e-04
-1.288305502384901047e-04
-1.046286051860079169e-04
-1.260643184650689363e-04
1.438676408724859357e-04
-1.554759219288825989e-04
-1.272240187972784042e-04
-3.629236016422510147e-05
1.170125251519493759e-04
1.549031148897483945e-04
-3.166682436130940914e-04
1.012943219393491745e-03
5.902569973841309547e-04
1.100812456570565701e-03
5.583450547419488430e-04
4.368817317299544811e-04
8.665611385367810726e-04
6.022223737090826035e-03
4.883846268057823181e-03
1.130538154393434525e-02
9.516829624772071838e-03
2.196511439979076385e-02
6.297703366726636887e-03
9.186030365526676178e-03
3.506644815206527710e-02
6.676240358501672745e-03
3.680273890495300293e-02
1.124387700110673904e-02
3.738522157073020935e-02
3.265834599733352661e-02
3.025601990520954132e-02
4.250345379114151001e-02
1.494411285966634750e-02
7.239343971014022827e-02
4.400286078453063965e-02
1.652080938220024109e-02
1.022519990801811218e-01
1.849975809454917908e-02
6.802190095186233521e-02
3.503632545471191406e-02
7.131216675043106079e-02
5.368215963244438171e-02
4.508803784847259521e-02
8.456693589687347412e-02
3.821402415633201599e-02
7.517842948436737061e-02
6.693586707115173340e-02
4.803358763456344604e-02
6.610682606697082520e-02
7.739452272653579712e-02
3.787570074200630188e-02
7.066871225833892822e-02
7.191812992095947266e-02
5.693463608622550964e-02
7.951949536800384521e-02
4.126918688416481018e-02
7.852058112621307373e-02
2.594753354787826538e-02
9.041011333465576172e-02
6.129251420497894287e-02
2.451584674417972565e-02
7.295556366443634033e-02
4.757425934076309204e-02
2.178108133375644684e-02
9.880085289478302002e-02
2.554347552359104156e-02
5.466988310217857361e-02
6.268119812011718750e-02
2.327809482812881470e-02
9.663116931915283203e-02
3.607844468206167221e-03
5.876418203115463257e-02
4.441037774085998535e-02
1.042493898421525955e-02
6.554783880710601807e-02
1.827476732432842255e-02
4.130301252007484436e-02
3.918262571096420288e-02
2.108786068856716156e-02
3.765383362770080566e-02
7.772157900035381317e-03
5.095389485359191895e-02
1.170031260699033737e-02
2.415078692138195038e-02
4.437550902366638184e-03
2.237146347761154175e-02
3.808926418423652649e-02
-1.683610607869923115e-04
2.368724159896373749e-02
2.538174390792846680e-02
-2.934795338660478592e-05
3.903366625308990479e-02
-8.840645023155957460e-05
3.091963881161063910e-04
3.405346721410751343e-02
-2.501932904124259949e-04
1.189254876226186752e-02
1.062717009335756302e-02
-3.226225380785763264e-04
1.120594888925552368e-02
3.122099951724521816e-05
5.726722883991897106e-05
9.304909326601773500e-05
-2.490936312824487686e-04
6.813830696046352386e-03
-2.080756385112181306e-04
-1.040426723193377256e-04
-4.203218559268862009e-04
-3.303425910416990519e-04
-3.785609151236712933e-04
-4.561340319924056530e-04
-5.390921724028885365e-04
-6.113621930126100779e-05
-1.223962462972849607e-04
-5.182468448765575886e-04
-4.845511575695127249e-04
-2.067478344542905688e-04
-6.885668844915926456e-04
6.527122604893520474e-05
2.212998806498944759e-04
-4.019984335172921419e-04
-4.899981431663036346e-04
6.910789670655503869e-05
-2.150203072233125567e-04
-5.555013776756823063e-04
-5.976982065476477146e-04
-4.564391274470835924e-04
2.792209386825561523e-03
-4.523074894677847624e-04
-2.372569579165428877e-04
-8.652821270516142249e-05
-1.192655181512236595e-04
1.928424753714352846e-04
-4.270253994036465883e-04
-1.479328348068520427e-04
-3.103863564319908619e-04
-6.715419003739953041e-04
-1.783884363248944283e-04
-4.213421489112079144e-04
-8.296144078485667706e-04
-3.806326712947338820e-04
-3.290527674835175276e-04
-4.068339876539539546e-06
-5.488798342412337661e-05
1.081998925656080246e-04
-3.383933799341320992e-04
2.067351015284657478e-04
-4.244646697770804167e-04
-6.641268264502286911e-04
7.415625077555887401e-06
-3.367770987097173929e-04
-3.684434341266751289e-04
-1.540995290270075202e-04
-2.514465304557234049e-04
6.273951294133439660e-05
-5.013074260205030441e-04
-1.385071547701954842e-03
-3.024848701898008585e-04
-2.070011541945859790e-04
-4.118461220059543848e-04
-1.415975420968607068e-04
-7.018829346634447575e-04
-6.951473187655210495e-04
-1.264682621695101261e-03
-2.831970632541924715e-04
-6.933261756785213947e-04
-9.407476172782480717e-04
-2.043155982391908765e-04
-1.605748257134109735e-04
-7.374251435976475477e-05
-5.491588381119072437e-04
-5.780574865639209747e-04
-4.491152358241379261e-04
-8.043163106776773930e-04
