-9.485275950282812119e-04
-1.123866997659206390e-03
-1.449487986974418163e-03
-1.123403082601726055e-03
-1.190806739032268524e-03
-1.283697201870381832e-03
-1.451231888495385647e-03
-1.463043969124555588e-03
-1.474428921937942505e-03
-1.873152796179056168e-03
-1.773483236320316792e-03
-1.761046703904867172e-03
-1.783158397302031517e-03
-2.164355246350169182e-03
-1.896265544928610325e-03
-2.052609808743000031e-03
-2.208513440564274788e-03
-2.234657760709524155e-03
-2.307920949533581734e-03
-2.539558801800012589e-03
-2.569521544501185417e-03
-2.642901614308357239e-03
-2.568873111158609390e-03
-2.613893011584877968e-03
-2.834835555404424667e-03
-2.959538716822862625e-03
-2.868557348847389221e-03
-2.957294695079326630e-03
-3.607942955568432808e-03
-3.324402030557394028e-03
-3.180919215083122253e-03
-3.424345050007104874e-03
-3.386443015187978745e-03
-3.443990368396043777e-03
-3.275531111285090446e-03
-3.382195020094513893e-03
-3.636064007878303528e-03
-3.588699735701084137e-03
-3.655267879366874695e-03
-3.680682741105556488e-03
-3.718972206115722656e-03
-3.622950054705142975e-03
-3.575593000277876854e-03
-3.645831719040870667e-03
-3.711534431204199791e-03
-3.803227329626679420e-03
-3.695872845128178596e-03
-3.736341372132301331e-03
-3.826747415587306023e-03
-3.683722345158457756e-03
-3.794850548729300499e-03
-3.989161457866430283e-03
-3.756543155759572983e-03
-3.856881987303495407e-03
-3.737094812095165253e-03
-3.535755211487412453e-03
-3.638778813183307648e-03
-3.572157584130764008e-03
-3.741412889212369919e-03
-3.564110025763511658e-03
-3.591355402022600174e-03
-3.606949467211961746e-03
-3.537639509886503220e-03
-3.566375700756907463e-03
-3.548450535163283348e-03
-3.497067140415310860e-03
-3.561140270903706551e-03
-3.636606503278017044e-03
-3.567062551155686378e-03
-3.616319270804524422e-03
-3.343897871673107147e-03
-3.455021185800433159e-03
-3.563659265637397766e-03
-3.436353988945484161e-03
-3.583088750019669533e-03
-3.397259162738919258e-03
-3.394423751160502434e-03
-3.413703991100192070e-03
-3.462132532149553299e-03
-3.377354005351662636e-03
-3.213088260963559151e-03
-3.445092588663101196e-03
-3.292448585852980614e-03
-3.286972874775528908e-03
-3.307286184281110764e-03
-3.325868863612413406e-03
-3.506947541609406471e-03
-3.281358862295746803e-03
-3.373260376974940300e-03
-3.540885634720325470e-03
-3.440567990764975548e-03
-3.326901700347661972e-03
-3.333493601530790329e-03
-3.451238851994276047e-03
-3.556466661393642426e-03
-3.735872684046626091e-03
-3.784379456192255020e-03
-3.863422665745019913e-03
-3.968116361647844315e-03
-4.272067919373512268e-03
-4.245340358465909958e-03
-4.110782872885465622e-03
-4.486057441681623459e-03
-4.524896387010812759e-03
-4.907518159598112106e-03
-4.418878350406885147e-03
-4.787860438227653503e-03
-4.978615324944257736e-03
-5.135040730237960815e-03
-5.351096391677856445e-03
-5.734697915613651276e-03
-5.674320273101329803e-03
-5.796722602099180222e-03
-5.590814631432294846e-03
-6.136034615337848663e-03
-6.202978547662496567e-03
-6.416320800781250000e-03
-6.982233840972185135e-03
-6.975017488002777100e-03
-7.366536185145378113e-03
-7.335129193961620331e-03
-7.755673024803400040e-03
-7.582635153084993362e-03
-7.786830887198448181e-03
-7.849662564694881439e-03
-7.982288487255573273e-03
-7.761143147945404053e-03
-7.919059135019779205e-03
-8.218236267566680908e-03
-8.246033452451229095e-03
-8.337983861565589905e-03
-8.171479217708110809e-03
-7.927986793220043182e-03
-7.817662321031093597e-03
-7.842740975320339203e-03
-8.174260146915912628e-03
-8.011435158550739288e-03
-7.718970999121665955e-03
-7.519891951233148575e-03
-7.642254699021577835e-03
-7.689362857490777969e-03
-8.269233629107475281e-03
-7.514061871916055679e-03
-8.217900060117244720e-03
-8.821974508464336395e-03
-9.119920432567596436e-03
-9.096576832234859467e-03
-9.852825663983821869e-03
-9.294711984694004059e-03
-9.262138977646827698e-03
-9.275378659367561340e-03
-9.272661991417407990e-03
-8.090727962553501129e-03
-7.893352769315242767e-03
-8.056917227804660797e-03
-8.111190050840377808e-03
-7.751467172056436539e-03
-6.935741286724805832e-03
-6.418835837393999100e-03
-6.708600558340549469e-03
-6.194627843797206879e-03
-6.348658818751573563e-03
-7.913815788924694061e-03
-7.624817080795764923e-03
-6.310698576271533966e-03
-4.703423008322715759e-03
-5.325944162905216217e-03
-4.551209509372711182e-03
-3.255579387769103050e-03
-2.985228784382343292e-03
-4.053946177009493113e-04
-3.851948305964469910e-03
-3.399413777515292168e-03
-5.528768058866262436e-03
-8.519926108419895172e-03
-1.147844549268484116e-02
-1.404997892677783966e-02
-1.096441876143217087e-02
-1.221739593893289566e-02
-1.590373925864696503e-02
-1.806659065186977386e-02
-5.373617750592529774e-04
5.950787570327520370e-03
1.056525763124227524e-02
4.219563677906990051e-03
9.313065675087273121e-04
-6.945518776774406433e-03
-4.915043711662292480e-03
1.340784132480621338e-02
-2.850418910384178162e-02
-8.479850366711616516e-03
5.312772840261459351e-02
2.695210091769695282e-02
5.196437239646911621e-02
1.683801598846912384e-02
-1.879415474832057953e-02
4.427585378289222717e-02
-8.161538280546665192e-03
-2.046792581677436829e-02
-9.877749718725681305e-03
-3.128100652247667313e-03
2.243838738650083542e-03
-6.224632635712623596e-02
1.195487454533576965e-01
-9.515512734651565552e-02
4.245959967374801636e-02
2.046212367713451385e-02
2.208813093602657318e-02
4.278043285012245178e-02
-3.885961696505546570e-02
8.023949339985847473e-03
-1.952411048114299774e-02
9.938020957633852959e-04
-1.482260529883205891e-03
4.444300197064876556e-03
-7.707368116825819016e-03
-2.006452716886997223e-02
1.996659440919756889e-03
4.614505916833877563e-03
6.347397174977231771e-06
1.138730440288782120e-02
-1.188694732263684273e-03
-2.531608566641807556e-03
-3.554813098162412643e-03
5.179448635317385197e-04
1.731461496092379093e-03
-3.790029324591159821e-03
-4.208051832392811775e-04
-2.261086134240031242e-03
-4.586579278111457825e-03
-4.460541531443595886e-04
-1.273228786885738373e-03
-8.462716941721737385e-04
-2.583320252597332001e-03
-1.560497679747641087e-03
-3.080263733863830566e-03
-2.901940140873193741e-03
-3.562756115570664406e-03
-4.122891929000616074e-03
-4.063167609274387360e-03
-4.492382053285837173e-03
-5.006406456232070923e-03
-4.535139072686433792e-03
-3.638909896835684776e-03
-4.198670387268066406e-03
-2.798069035634398460e-03
-2.632369520142674446e-03
-3.199451137334108353e-03
-2.744659315794706345e-03
-2.232766244560480118e-03
-2.735968446359038353e-03
-3.287125844508409500e-03
-3.992572892457246780e-03
-3.939114976674318314e-03
-4.296921659260988235e-03
-4.711938090622425079e-03
-5.420337431132793427e-03
-5.520989652723073959e-03
-5.523746833205223083e-03
-5.597243085503578186e-03
-5.600036587566137314e-03
-6.273689679801464081e-03
-5.869974382221698761e-03
-5.871698725968599319e-03
-5.691917147487401962e-03
-5.738292355090379715e-03
-5.752883851528167725e-03
-5.593431647866964340e-03
-5.188050214201211929e-03
-5.334119312465190887e-03
-4.828343633562326431e-03
-4.957720171660184860e-03
-5.152432247996330261e-03
-5.147468298673629761e-03
-4.698818083852529526e-03
-4.781954921782016754e-03
-5.277406424283981323e-03
-5.094193853437900543e-03
-4.941241350024938583e-03
-5.348629783838987350e-03
-5.404589697718620300e-03
-5.166240967810153961e-03
-5.559549666941165924e-03
-5.959210917353630066e-03
-6.077506113797426224e-03
-6.121566053479909897e-03
-6.250443868339061737e-03
-6.387533619999885559e-03
-6.260036025196313858e-03
-6.297048181295394897e-03
-6.184307392686605453e-03
-6.395756267011165619e-03
-6.517951842397451401e-03
-6.465545389801263809e-03
-6.606138776987791061e-03
-6.173629313707351685e-03
-6.395117845386266708e-03
-6.141500081866979599e-03
-6.031633820384740829e-03
-5.874318070709705353e-03
-5.987905897200107574e-03
-5.792821291834115982e-03
-5.582251586019992828e-03
-5.374657921493053436e-03
-5.456627346575260162e-03
-5.336541216820478439e-03
-5.043304059654474258e-03
-4.896703176200389862e-03
-4.814702551811933517e-03
-4.443479701876640320e-03
-4.461042117327451706e-03
-4.272879566997289658e-03
-4.298871848732233047e-03
-3.979395609349012375e-03
-3.879141062498092651e-03
-3.767679911106824875e-03
-3.461069427430629730e-03
-3.469377523288130760e-03
-3.316725837066769600e-03
-3.094404935836791992e-03
-3.086745738983154297e-03
-2.955268602818250656e-03
-2.913705771788954735e-03
-2.776222536340355873e-03
-2.624985529109835625e-03
-2.513418206945061684e-03
-2.255863277241587639e-03
-2.243134425953030586e-03
-2.022414002567529678e-03
-2.114481292665004730e-03
-2.099152654409408569e-03
-1.959861023351550102e-03
-1.876572263427078724e-03
-1.731535419821739197e-03
-1.424896763637661934e-03
-1.560582430101931095e-03
-1.444864319637417793e-03
-1.415817416273057461e-03
-1.405919319950044155e-03
-1.267995103262364864e-03
-9.931768290698528290e-04
-9.651732398197054863e-04
-1.097293803468346596e-03
-8.470378234051167965e-04
-7.074315799400210381e-04
-7.038756157271564007e-04
-4.247769829817116261e-04
-4.876386083196848631e-04
-4.893382429145276546e-04
-3.131926932837814093e-04
-3.026378690265119076e-04
-5.284256185404956341e-04
-1.985499984584748745e-04
-2.056606754194945097e-04
-2.085344021907076240e-04
6.629356357734650373e-05
2.418162512185517699e-05
4.389329842524603009e-05
8.432103641098365188e-05
2.284301881445571780e-04
2.452952321618795395e-04
1.924816206155810505e-05
2.720535558182746172e-04
3.686042909976094961e-04
3.981212212238460779e-04
4.234318039380013943e-04
4.274365201126784086e-04
4.706566978711634874e-04
3.516302385833114386e-04
4.737006674986332655e-04
3.795556549448519945e-04
3.499127051327377558e-04
2.871178730856627226e-04
4.130592278670519590e-04
4.994543851353228092e-04
4.053742450196295977e-04
3.128745884168893099e-04
3.724373527802526951e-04
4.447057726792991161e-04
4.892780561931431293e-04
4.800519673153758049e-04
3.667471755761653185e-04
3.196212055627256632e-04
3.421023138798773289e-04
2.720186312217265368e-04
3.685888659674674273e-04
3.280581731814891100e-04
2.353258751099929214e-04
2.226254000561311841e-04
3.106728254351764917e-04
2.349652058910578489e-04
2.308319235453382134e-04
2.502158458810299635e-04
2.760554198175668716e-04
2.643823099788278341e-04
9.697829227661713958e-05
1.644622388994321227e-04
1.298835850320756435e-04
1.935904583660885692e-04
8.747773972572758794e-05
2.241260153823532164e-05
