-3.643647069111466408e-04
-1.890351122710853815e-04
1.187614761875011027e-04
2.407711726846173406e-04
3.545167419360950589e-05
-1.695435057627037168e-04
-2.233583654742687941e-04
9.003278137242887169e-06
-6.395877426257357001e-05
1.255739043699577451e-04
-4.045964451506733894e-04
-5.359560600481927395e-05
-2.979623095598071814e-04
2.301552376593463123e-05
9.882428275886923075e-05
2.801155787892639637e-04
-5.381644587032496929e-05
4.425275838002562523e-04
-3.721721295733004808e-04
-1.238541335624177009e-05
-5.204576882533729076e-05
-8.013159094844013453e-05
-2.412548783468082547e-04
-3.968622186221182346e-04
-7.078450289554893970e-04
-3.447580675128847361e-04
-1.577962248120456934e-04
-2.004052803386002779e-04
1.731148804537951946e-04
1.797092554625123739e-04
-1.027147809509187937e-04
-4.056644684169441462e-04
-3.251677262596786022e-04
-5.158839630894362926e-04
-3.588535764720290899e-04
-3.307808074168860912e-04
-3.620166971813887358e-04
1.420970656909048557e-04
8.289855759358033538e-05
-3.296193317510187626e-04
-5.908972816541790962e-04
-5.749581614509224892e-04
-2.550043864175677299e-04
-1.328642683802172542e-04
-6.097286823205649853e-04
-5.790874711237847805e-04
-3.216672921553254128e-04
-2.972809306811541319e-04
-4.563884285744279623e-04
-4.856501182075589895e-04
-1.925696269609034061e-04
-3.156670427415519953e-04
-1.594652858329936862e-04
-1.254413218703120947e-04
-6.612354773096740246e-04
-1.090065226890146732e-03
-9.840816492214798927e-04
-9.706265991553664207e-04
-6.417019758373498917e-04
-4.608884628396481276e-04
-2.375348994974046946e-04
-3.211059665773063898e-04
-5.289163673296570778e-04
-2.485833247192203999e-04
-4.459282208699733019e-04
-1.530628796899691224e-04
-8.359808125533163548e-04
-8.294204599224030972e-04
-6.820789421908557415e-04
-5.987802287563681602e-04
-6.783425924368202686e-04
-7.597227231599390507e-04
-8.635492413304746151e-04
-7.792483083903789520e-04
-6.417604745365679264e-04
-4.245420277584344149e-04
-1.308701117523014545e-03
-7.731799851171672344e-04
-7.654280052520334721e-04
-8.388864225707948208e-04
-8.252538391388952732e-04
-6.072834949009120464e-04
-8.516195812262594700e-04
-9.419521084055304527e-04
-7.015534793026745319e-04
-1.006826409138739109e-03
-8.143760496750473976e-04
-5.657565197907388210e-04
-8.303169161081314087e-04
-9.340549004264175892e-04
-9.873087983578443527e-04
-9.638296905905008316e-04
-8.249995298683643341e-04
-3.616581961978226900e-04
-8.149354252964258194e-04
-2.829524164553731680e-04
-5.109361954964697361e-04
-4.902097862213850021e-04
-6.937291473150253296e-04
-8.434311603195965290e-04
-8.295763982459902763e-04
-9.471047087572515011e-04
-6.414244417101144791e-04
-9.335583308711647987e-04
-1.030902261845767498e-03
-1.229355111718177795e-03
-1.004230813123285770e-03
-1.261280500330030918e-03
-1.570881227962672710e-03
-1.130766933783888817e-03
-1.393758784979581833e-02
-1.313580665737390518e-03
-4.019053652882575989e-02
-1.076996792107820511e-03
-4.535679519176483154e-02
-1.640011672861874104e-03
-6.373523175716400146e-02
-2.012875117361545563e-02
-5.060284584760665894e-02
-5.854348465800285339e-02
-3.178002685308456421e-02
-1.008852720260620117e-01
-2.818389236927032471e-02
-1.090623363852500916e-01
-4.935885593295097351e-02
-1.021125540137290955e-01
-7.742264866828918457e-02
-9.172327071428298950e-02
-9.608065336942672729e-02
-9.450492262840270996e-02
-1.046038642525672913e-01
-9.134184569120407104e-02
-1.016955748200416565e-01
-1.060782447457313538e-01
-8.655258268117904663e-02
-1.175473183393478394e-01
-8.075769990682601929e-02
-1.099344193935394287e-01
-8.777741342782974243e-02
-9.435568749904632568e-02
-8.330123126506805420e-02
-8.463894575834274292e-02
-7.869391888380050659e-02
-6.342178583145141602e-02
-5.790138989686965942e-02
-5.782191827893257141e-02
-3.815850615501403809e-02
-4.888081550598144531e-02
-3.051006980240345001e-02
-3.388455882668495178e-02
-1.874625496566295624e-02
-1.482919603586196899e-02
-1.121317781507968903e-02
-7.550303824245929718e-03
-2.462484873831272125e-03
-2.124323975294828415e-03
-1.587621984072029591e-03
-1.274731941521167755e-03
-1.443021465092897415e-03
-1.511852606199681759e-03
-1.794978976249694824e-03
-1.386530580930411816e-03
-1.241363352164626122e-03
-1.521522179245948792e-03
-1.338786794804036617e-03
-1.557826763018965721e-03
-1.425229129381477833e-03
-1.751395990140736103e-03
-2.113563241437077522e-03
-1.291509368456900120e-03
-1.047805184498429298e-03
-9.875997202470898628e-04
-1.231138594448566437e-03
-1.016474561765789986e-03
-9.555467404425144196e-04
-1.090529141947627068e-03
-1.166832516901195049e-03
-1.060391659848392010e-03
-1.096576335839927197e-03
-9.389721089974045753e-04
-8.638453437015414238e-04
-9.128805832006037235e-04
-8.802596712484955788e-04
-9.562094928696751595e-04
-4.298394487705081701e-04
-4.154474590905010700e-04
-5.066862795501947403e-04
-4.138990771025419235e-04
-2.586986192909535021e-05
-1.465397363062947989e-04
-7.752036617603152990e-05
1.032733198371715844e-04
-3.322458651382476091e-04
1.022660653688944876e-04
-1.174964199890382588e-04
-1.818203018046915531e-04
-7.079064380377531052e-05
3.222696250304579735e-04
1.660829293541610241e-04
-1.869883999461308122e-04
3.088624507654458284e-04
4.479769850149750710e-04
3.539517056196928024e-04
-1.206001688842661679e-04
-7.623833953402936459e-04
-8.005300769582390785e-04
-4.410260298755019903e-04
-2.403276448603719473e-04
1.907983969431370497e-04
6.528379744850099087e-04
-8.673162665218114853e-05
-3.161298518534749746e-04
-2.527719188947230577e-04
-4.584297712426632643e-04
-3.431590739637613297e-04
-6.062170723453164101e-04
-8.471803157590329647e-04
-8.401913219131529331e-04
-8.406743290834128857e-04
-5.279582110233604908e-04
-8.771498687565326691e-04
-9.596374584361910820e-04
-8.638352737762033939e-04
-1.059117494150996208e-03
-1.222139690071344376e-03
-1.086885458789765835e-03
-5.924393190070986748e-04
-1.405295566655695438e-03
-1.171303912997245789e-03
-9.408385958522558212e-04
-1.587151084095239639e-03
-1.781905069947242737e-03
-1.732862554490566254e-03
-1.457813195884227753e-03
-1.112275756895542145e-03
-1.061512739397585392e-03
-1.118840766139328480e-03
-1.215377240441739559e-03
-1.319457194767892361e-03
-1.080213347449898720e-03
-1.464419881813228130e-03
-1.096203923225402832e-03
-1.973212230950593948e-03
-1.485731336288154125e-03
-1.526670646853744984e-03
-1.627535209991037846e-03
-2.791040576994419098e-03
-4.267419222742319107e-03
-1.528032403439283371e-02
-1.285677216947078705e-02
-2.555957064032554626e-02
-2.050800435245037079e-02
-3.280682489275932312e-02
-5.098928883671760559e-02
-3.441901504993438721e-02
-7.699993997812271118e-02
-3.857870027422904968e-02
-9.418772906064987183e-02
-4.903803020715713501e-02
-1.048238500952720642e-01
-5.834218859672546387e-02
-1.237418502569198608e-01
-6.017218902707099915e-02
-1.326835751533508301e-01
-7.008213549852371216e-02
-1.222743913531303406e-01
-8.705323189496994019e-02
-1.142068058252334595e-01
-9.367526322603225708e-02
-1.079594716429710388e-01
-8.375230431556701660e-02
-1.162241250276565552e-01
-5.895297974348068237e-02
-1.318162828683853149e-01
-3.848877549171447754e-02
-1.306662112474441528e-01
-2.782817557454109192e-02
-1.157544404268264771e-01
-3.458989411592483521e-02
-7.628373801708221436e-02
-5.326540768146514893e-02
-5.783849954605102539e-02
-4.740975052118301392e-02
-3.545512631535530090e-02
-4.472531378269195557e-02
-2.175365015864372253e-02
-2.775531820952892303e-02
-2.009894512593746185e-02
-1.783980987966060638e-02
-1.171807665377855301e-02
-8.146741427481174469e-03
-1.473780721426010132e-03
-1.109102973714470863e-03
-1.248481334187090397e-03
-1.207847497425973415e-03
-9.681046358309686184e-04
-1.359799061901867390e-03
-1.051565515808761120e-03
-8.066780865192413330e-04
-8.024670532904565334e-04
-9.264801628887653351e-04
-1.350870239548385143e-03
-1.260887249372899532e-03
-1.267686136998236179e-03
-9.649252169765532017e-04
-7.156318752095103264e-04
-4.610824689734727144e-04
-6.476839189417660236e-04
-1.128741540014743805e-03
-1.245090155862271786e-03
-6.410408532246947289e-04
-6.762049160897731781e-04
-7.104479009285569191e-04
-8.221078314818441868e-04
-7.597533985972404480e-04
-5.076813977211713791e-04
-6.441292935051023960e-04
-7.146770367398858070e-04
-4.755856643896549940e-04
-1.086258213035762310e-03
-9.648698614910244942e-04
-7.872581481933593750e-04
-4.401560581754893064e-04
-3.972911799792200327e-04
-7.449092227034270763e-04
-1.006107428111135960e-03
-4.584598354995250702e-04
-6.682944367639720440e-04
-7.000557961873710155e-04
-6.101784529164433479e-04
-7.597330259159207344e-04
-3.080603783018887043e-04
-9.431532089365646243e-05
-9.465856710448861122e-04
-9.936331771314144135e-04
-1.069421996362507343e-03
-8.976797107607126236e-04
-9.249516297131776810e-04
-3.783002612181007862e-04
-3.079457674175500870e-04
-4.110700683668255806e-05
-8.750345441512763500e-04
-4.673970397561788559e-04
-5.498679820448160172e-04
-6.926014903001487255e-04
-4.487292899284511805e-04
1.058541311067529023e-04
-1.114840924856252968e-04
9.450224752072244883e-05
-3.956719883717596531e-04
-8.143652812577784061e-04
-1.680498389760032296e-04
-5.406641284935176373e-04
-4.557044594548642635e-04
1.264622842427343130e-04
3.834613380604423583e-05
-3.828827466350048780e-04
-4.968174616806209087e-04
-2.499879628885537386e-04
-6.915610283613204956e-04
-4.572950711008161306e-04
-4.941996303386986256e-04
-4.834937863051891327e-04
-2.194226690335199237e-04
-5.843063117936253548e-04
-1.091328886104747653e-04
-4.867748939432203770e-04
-4.462437937036156654e-05
-3.250280860811471939e-04
-2.523090515751391649e-04
-4.164965648669749498e-04
-1.017788090393878520e-04
-1.091820304282009602e-04
-5.294699803926050663e-04
-9.739504457684233785e-05
1.586106518516317010e-04
-1.480520295444875956e-04
1.766073255566880107e-04
-4.348855291027575731e-04
-3.912108659278601408e-04
-7.168834563344717026e-04
-6.074535776861011982e-04
-7.366164936684072018e-04
-1.880760682979598641e-04
-2.089043700834736228e-04
-2.575878752395510674e-04
8.988341141957789660e-05
-7.023820653557777405e-04
-2.835606865119189024e-04
-2.798285568132996559e-04
-2.924595610238611698e-04
-4.928459529764950275e-04
1.264048914890736341e-04
-7.142649847082793713e-04
-7.244429434649646282e-04
-6.119051831774413586e-04
4.408443928696215153e-04
-8.978419646155089140e-05
-3.402226138859987259e-04
-1.879910851130262017e-04
-3.490772796794772148e-04
