-3.136453160550445318e-04
8.287704076792579144e-06
-2.360516518820077181e-04
-6.267713615670800209e-04
-2.525076852180063725e-04
-4.910617135465145111e-04
-4.891647840850055218e-04
-1.845677179517224431e-04
-4.138199146836996078e-04
-1.673173683229833841e-04
-2.375650656176730990e-04
-9.513628174318000674e-05
-5.015862989239394665e-04
-5.170773365534842014e-04
-1.201447958010248840e-04
-2.801383961923420429e-04
-7.986557902768254280e-04
-8.328964468091726303e-04
-5.605922779068350792e-04
-2.196106797782704234e-04
-3.348562458995729685e-04
-7.812660187482833862e-04
-2.357475750613957644e-04
-3.647998382803052664e-04
-2.678057935554534197e-04
-1.195788281620480120e-04
-1.953838072950020432e-04
-3.781096020247787237e-04
-1.473460579290986061e-04
-3.699825610965490341e-04
-6.157028838060796261e-04
-5.807932466268539429e-04
-3.076186985708773136e-04
-6.973853305680677295e-05
-3.032438107766211033e-04
-1.922115916386246681e-04
4.558930813800543547e-04
-6.123224156908690929e-04
-2.123684098478406668e-04
-4.190938198007643223e-04
-2.676046569831669331e-04
-2.175449772039428353e-04
-2.545896277297288179e-04
-3.052429819945245981e-04
-2.306926326127722859e-04
-2.235552965430542827e-04
-1.673349179327487946e-04
-2.320038329344242811e-04
-3.683733229991048574e-04
-6.219841889105737209e-04
-2.313631412107497454e-04
1.066577387973666191e-04
3.501420433167368174e-04
-1.842361234594136477e-04
-1.731000083964318037e-04
-9.086773206945508718e-05
-3.630578576121479273e-04
-1.403929054504260421e-04
-1.549889420857653022e-04
-3.000489377882331610e-04
-2.013090561376884580e-04
-5.011856555938720703e-04
-8.041004766710102558e-04
-5.565079627558588982e-04
-3.509871603455394506e-04
-1.268272317247465253e-04
-1.743401080602779984e-04
-1.991397002711892128e-04
-1.151921314885839820e-04
-1.656519016250967979e-04
1.286364713450893760e-04
-1.411627163179218769e-04
-4.607620066963136196e-04
-3.506292996462434530e-04
-7.336674607358872890e-04
-2.871547476388514042e-04
-4.483232260099612176e-05
-1.907188852783292532e-04
-4.491928120842203498e-05
-2.122609876096248627e-04
-4.937338526360690594e-04
-2.955517265945672989e-04
-1.459907070966437459e-04
-3.010942600667476654e-04
-2.745969395618885756e-04
-3.106959629803895950e-04
-3.015182737726718187e-04
-2.094898372888565063e-04
-8.098538819467648864e-05
-2.204783959314227104e-04
-4.426747618708759546e-04
-2.667789231054484844e-04
-2.026179281529039145e-04
-2.445706049911677837e-04
-4.851363701163791120e-05
-1.510501897428184748e-04
-8.046490256674587727e-05
-3.721656394191086292e-04
-3.249921428505331278e-04
-1.597247901372611523e-04
-1.205250009661540389e-04
1.341077950200997293e-05
-2.177524584112688899e-04
1.900439895689487457e-02
1.846238774305675179e-05
-8.443811384495347738e-05
2.972153946757316589e-02
-5.737805258831940591e-05
5.325968936085700989e-02
1.195029835798777640e-04
4.853195697069168091e-02
1.384063251316547394e-02
2.649176120758056641e-02
3.651285171508789062e-02
1.998309604823589325e-02
5.883743613958358765e-02
1.958720386028289795e-02
6.793531030416488647e-02
4.363715648651123047e-02
5.038127303123474121e-02
4.901511967182159424e-02
7.811169326305389404e-02
4.248853400349617004e-02
8.308838307857513428e-02
5.227993801236152649e-02
7.478322833776473999e-02
6.398564577102661133e-02
7.848878204822540283e-02
7.184546440839767456e-02
8.611281961202621460e-02
6.173590198159217834e-02
8.716039359569549561e-02
8.391973376274108887e-02
7.581493258476257324e-02
8.144514262676239014e-02
8.435763418674468994e-02
7.916228473186492920e-02
8.045753836631774902e-02
7.548615336418151855e-02
7.419878989458084106e-02
7.539674639701843262e-02
5.373227968811988831e-02
8.433915674686431885e-02
5.241383984684944153e-02
6.266190111637115479e-02
5.772465094923973083e-02
5.390882864594459534e-02
4.445425420999526978e-02
5.482620373368263245e-02
2.106735296547412872e-02
5.289147049188613892e-02
1.553729269653558731e-02
3.418237343430519104e-02
2.638581953942775726e-02
1.893684640526771545e-02
9.893035516142845154e-03
1.379612926393747330e-02
3.077175468206405640e-03
3.654444823041558266e-03
4.931500647217035294e-03
1.381675130687654018e-03
2.142258745152503252e-04
3.450837102718651295e-04
-3.167905742884613574e-05
-4.594046185957267880e-05
4.911024370812810957e-05
2.486734592821449041e-04
-1.057446279446594417e-04
2.791014230751898140e-05
2.337473233637865633e-05
-1.716393453534692526e-04
-1.575343485455960035e-04
3.679206929518841207e-05
7.183165143942460418e-05
3.692964310175739229e-05
-1.472807780373841524e-04
3.759718674700707197e-05
-1.819218305172398686e-04
-6.006127805449068546e-04
-4.495216126088052988e-04
-1.937226770678535104e-04
-2.653198898769915104e-04
-4.015183658339083195e-04
-1.337661087745800614e-04
-8.381656371057033539e-04
-6.032726378180086613e-04
-4.133608308620750904e-04
-8.175956318154931068e-04
-5.441220127977430820e-04
-7.328114588744938374e-04
-6.671429146081209183e-04
-8.272561826743185520e-04
-9.963567135855555534e-04
-9.411713690496981144e-04
-1.236179959960281849e-03
-5.071389605291187763e-04
-2.704770304262638092e-04
-6.867691408842802048e-04
-9.230116265825927258e-04
-9.472035453654825687e-04
-1.422964851371943951e-03
-1.245051273144781590e-03
-1.224230974912643433e-03
-9.575393632985651493e-04
-9.174715960398316383e-04
-7.531389128416776657e-04
-4.546497657429426908e-04
-6.352414493449032307e-04
-7.987222634255886078e-04
-6.634598830714821815e-04
-4.623841086868196726e-04
-2.746253157965838909e-04
-4.226986784487962723e-04
-7.229438051581382751e-04
-5.034364876337349415e-04
-4.655542434193193913e-04
-1.654176448937505484e-04
-6.021942244842648506e-04
-2.868157462216913700e-04
-2.938936813734471798e-04
-3.813815128523856401e-04
-3.009765350725501776e-04
-5.514847580343484879e-04
-3.219571663066744804e-04
-7.355778507189825177e-05
-1.290732761844992638e-04
2.152114211639855057e-05
-8.765757229411974549e-05
2.776290057227015495e-05
-1.030413986882194877e-04
-2.108039188897237182e-04
1.440540218027308583e-04
1.607649610377848148e-04
1.178952588816173375e-04
-3.062626774408272468e-06
9.855038661044090986e-05
-1.160431202151812613e-04
-2.337187324883416295e-04
-2.507879253244027495e-05
3.129854798316955566e-03
2.749447594396770000e-04
-1.865061640273779631e-04
8.507523685693740845e-03
1.889491570182144642e-03
1.140333525836467743e-02
7.615926209837198257e-03
2.300534956157207489e-02
1.010604575276374817e-02
4.126246646046638489e-02
1.540525909513235092e-02
4.510487243533134460e-02
3.775754198431968689e-02
3.489169478416442871e-02
6.264415383338928223e-02
2.802256867289543152e-02
9.031812101602554321e-02
4.350552335381507874e-02
6.912600249052047729e-02
6.036461517214775085e-02
8.124971389770507812e-02
5.351460352540016174e-02
9.322910010814666748e-02
6.072793155908584595e-02
8.262550830841064453e-02
8.490228652954101562e-02
6.699763238430023193e-02
9.248167276382446289e-02
8.011946827173233032e-02
5.781967937946319580e-02
1.168848574161529541e-01
3.166922181844711304e-02
1.209652274847030640e-01
3.421918302774429321e-02
1.180977597832679749e-01
1.802137307822704315e-02
1.158852651715278625e-01
3.186556324362754822e-02
9.580580890178680420e-02
4.130981117486953735e-02
6.843371689319610596e-02
5.005589500069618225e-02
7.432288676500320435e-02
2.403952740132808685e-02
6.498220562934875488e-02
3.707473725080490112e-02
3.325619921088218689e-02
5.965170264244079590e-02
2.444096026010811329e-04
5.659358948469161987e-02
1.704736240208148956e-02
9.197649545967578888e-03
4.312425106763839722e-02
-1.680655987001955509e-04
2.123472467064857483e-02
1.295621413737535477e-02
1.740388397593051195e-04
4.040740896016359329e-05
1.287403050810098648e-02
-1.613263739272952080e-04
-8.038060332182794809e-05
9.715701708046253771e-06
-4.102315142517909408e-05
-2.537383988965302706e-04
1.820431643864139915e-04
-1.213185241795144975e-04
-4.582256369758397341e-04
-2.063322026515379548e-04
-6.360802672134013847e-06
2.168568607885390520e-05
-3.990292898379266262e-04
3.909900551661849022e-04
-3.215988108422607183e-04
-1.778509758878499269e-04
-2.549429336795583367e-05
-3.526861255522817373e-04
-2.634085249155759811e-04
-3.431214718148112297e-04
-1.918639463838189840e-04
-4.769600636791437864e-04
-2.446385915391147137e-04
-2.830678713507950306e-04
-3.625199315138161182e-04
-5.501158884726464748e-04
-1.084885661839507520e-04
-2.136415132554247975e-04
-2.011617470998317003e-04
-3.627578844316303730e-04
-4.877516767010092735e-04
-2.602968306746333838e-04
-1.627836536499671638e-05
-1.533681934233754873e-04
-5.870382301509380341e-04
-7.244973094202578068e-04
-1.826258521759882569e-04
-5.118696208228357136e-05
-2.524137962609529495e-04
-2.353949967073276639e-04
-6.908972864039242268e-04
-3.049091319553554058e-04
-4.009893746115267277e-04
-8.854672341840341687e-05
-2.215348067693412304e-04
-5.649586673825979233e-04
-2.023546112468466163e-04
-4.854182770941406488e-04
-4.131675814278423786e-04
-1.488511916249990463e-04
-1.042554285959340632e-04
-2.807927667163312435e-04
-4.655744705814868212e-04
-3.675008774735033512e-04
-4.223541182000190020e-04
-2.474557259120047092e-04
-8.321548230014741421e-04
-8.607961935922503471e-04
-3.556697920430451632e-04
-2.897778176702558994e-05
-2.882661938201636076e-04
-2.651796676218509674e-04
-7.800090679666027427e-05
-1.438148174202069640e-04
-4.833419734495691955e-05
-3.254717739764600992e-04
-6.077296566218137741e-04
5.266400694381445646e-05
-1.614132343092933297e-04
-5.403203540481626987e-04
-6.200813222676515579e-04
-4.468615807127207518e-04
-5.326970131136476994e-04
-4.406267835292965174e-04
-1.855794107541441917e-04
-2.274927101098001003e-04
-1.552353933220729232e-05
-7.515701872762292624e-05
8.952974894782528281e-05
-3.547868982423096895e-04
-5.982688162475824356e-04
-4.932887386530637741e-04
-3.724718990270048380e-04
-9.193402947857975960e-04
-3.428721975069493055e-04
-2.090423658955842257e-04
-3.274013943155296147e-05
-5.291922134347259998e-04
-4.433556750882416964e-04
-2.501866838429123163e-04
-4.610251344274729490e-04
-6.405658205039799213e-04
-2.188485523220151663e-04
-5.156447878107428551e-04
-4.354089614935219288e-04
-7.216933299787342548e-04
-6.584798684343695641e-04
-1.687061012489721179e-04
-5.405970150604844093e-04
-1.132086181314662099e-04
-2.580333384685218334e-04
3.173639415763318539e-04
-1.877911563497036695e-04
-6.595982704311609268e-04
