-4.601132823154330254e-04
-6.415869574993848801e-04
-7.032365538179874420e-04
-6.175135495141148567e-04
-6.705512059852480888e-04
-7.104275282472372055e-04
-7.454603910446166992e-04
-7.856747834011912346e-04
-7.997899665497243404e-04
-9.707646677270531654e-04
-9.551720577292144299e-04
-9.729521116241812706e-04
-1.034767716191709042e-03
-1.202485756948590279e-03
-1.105944160372018814e-03
-1.226365217007696629e-03
-1.302216551266610622e-03
-1.352214952930808067e-03
-1.370847574435174465e-03
-1.512784976512193680e-03
-1.535988878458738327e-03
-1.670208876021206379e-03
-1.521327532827854156e-03
-1.601808471605181694e-03
-1.759034465067088604e-03
-1.803037128411233425e-03
-1.719254301860928535e-03
-1.877694157883524895e-03
-2.093715127557516098e-03
-2.099354984238743782e-03
-2.060166560113430023e-03
-2.165608340874314308e-03
-2.232501516118645668e-03
-2.247151453047990799e-03
-2.248809905722737312e-03
-2.308110008016228676e-03
-2.420773962512612343e-03
-2.478898502886295319e-03
-2.521457616239786148e-03
-2.623315667733550072e-03
-2.599721075966954231e-03
-2.639951184391975403e-03
-2.474610228091478348e-03
-2.813436789438128471e-03
-2.746718237176537514e-03
-2.867554547265172005e-03
-2.801235765218734741e-03
-2.911344869062304497e-03
-2.943740691989660263e-03
-2.964943414553999901e-03
-3.026410937309265137e-03
-3.137787804007530212e-03
-3.061410505324602127e-03
-3.130097640678286552e-03
-3.060097806155681610e-03
-3.020941512659192085e-03
-3.123191883787512779e-03
-3.185024950653314590e-03
-3.274465911090373993e-03
-3.236749675124883652e-03
-3.237698925659060478e-03
-3.180229105055332184e-03
-3.257225034758448601e-03
-3.282596822828054428e-03
-3.275967435911297798e-03
-3.265609964728355408e-03
-3.362247953191399574e-03
-3.338328329846262932e-03
-3.358667017892003059e-03
-3.372706705704331398e-03
-3.336744848638772964e-03
-3.357331501320004463e-03
-3.399630542844533920e-03
-3.374747699126601219e-03
-3.355688182637095451e-03
-3.318592440336942673e-03
-3.440474858507514000e-03
-3.367353463545441628e-03
-3.395481966435909271e-03
-3.345723729580640793e-03
-3.333030035719275475e-03
-3.423606278374791145e-03
-3.409923287108540535e-03
-3.500121878460049629e-03
-3.489847527816891670e-03
-3.531101392582058907e-03
-3.535663709044456482e-03
-3.460383508354425430e-03
-3.561575897037982941e-03
-3.558030351996421814e-03
-3.588654100894927979e-03
-3.587465500459074974e-03
-3.681820351630449295e-03
-3.614409128203988075e-03
-3.633508458733558655e-03
-3.721419489011168480e-03
-3.831694833934307098e-03
-3.834444563835859299e-03
-3.966303542256355286e-03
-4.093303810805082321e-03
-4.185205325484275818e-03
-4.223347641527652740e-03
-4.208564758300781250e-03
-4.330932162702083588e-03
-4.520367830991744995e-03
-4.395182710140943527e-03
-4.626107867807149887e-03
-4.717038478702306747e-03
-4.861506633460521698e-03
-5.040865391492843628e-03
-5.177768878638744354e-03
-5.244694650173187256e-03
-5.287024192512035370e-03
-5.248488858342170715e-03
-5.602456163614988327e-03
-5.728512071073055267e-03
-5.764367524534463882e-03
-6.067060399800539017e-03
-6.217404734343290329e-03
-6.363908760249614716e-03
-6.505476776510477066e-03
-6.719892378896474838e-03
-6.642302963882684708e-03
-6.852290593087673187e-03
-6.914919707924127579e-03
-7.022849749773740768e-03
-7.075174245983362198e-03
-7.279410958290100098e-03
-7.430383469909429550e-03
-7.445221301168203354e-03
-7.522584404796361923e-03
-7.782858330756425858e-03
-7.614167872816324234e-03
-7.674074266105890274e-03
-7.603261154145002365e-03
-7.809257134795188904e-03
-7.740047760307788849e-03
-7.731806021183729172e-03
-7.622736506164073944e-03
-7.822116836905479431e-03
-7.816273719072341919e-03
-8.007300086319446564e-03
-7.638814859092235565e-03
-7.956209592521190643e-03
-8.426925167441368103e-03
-8.350818417966365814e-03
-8.343373425304889679e-03
-8.786477148532867432e-03
-8.563961833715438843e-03
-8.607723750174045563e-03
-8.507829159498214722e-03
-8.322351612150669098e-03
-7.961783558130264282e-03
-7.871760055422782898e-03
-7.947111502289772034e-03
-8.147024549543857574e-03
-7.773254998028278351e-03
-7.408393546938896179e-03
-7.287971209734678268e-03
-7.287199608981609344e-03
-6.748919840902090073e-03
-6.706415675580501556e-03
-7.262772414833307266e-03
-7.068904116749763489e-03
-6.665505468845367432e-03
-6.507123820483684540e-03
-6.369986571371555328e-03
-6.041841581463813782e-03
-5.625805817544460297e-03
-5.265053827315568924e-03
-4.905697423964738846e-03
-5.425771698355674744e-03
-4.775455221533775330e-03
-5.213621072471141815e-03
-6.835888139903545380e-03
-6.651647388935089111e-03
-8.199029602110385895e-03
-8.009754121303558350e-03
-8.687436580657958984e-03
-9.772418998181819916e-03
-1.019778568297624588e-02
-4.965543281286954880e-03
-1.919564674608409405e-03
1.938816058100201190e-05
-2.002482302486896515e-03
-9.631142602302134037e-04
-4.214898217469453812e-03
-3.375767497345805168e-03
1.558200921863317490e-03
-1.896063238382339478e-02
-4.381140694022178650e-03
3.637459129095077515e-02
2.473415434360504150e-02
3.904025256633758545e-02
1.529129780828952789e-02
-1.642769947648048401e-02
3.619939088821411133e-02
-6.306235678493976593e-03
-1.198195107281208038e-02
-1.325554493814706802e-02
-3.356692614033818245e-03
4.431033041328191757e-03
-5.900330841541290283e-02
1.159891337156295776e-01
-8.034329861402511597e-02
3.743295371532440186e-02
2.148470468819141388e-02
2.264438569545745850e-02
2.622136287391185760e-02
-2.174331620335578918e-02
1.203042920678853989e-03
-1.187603361904621124e-02
-9.725370910018682480e-04
-2.032200107350945473e-03
7.462070789188146591e-04
-3.520170226693153381e-03
-4.179885610938072205e-03
1.736462116241455078e-03
3.130787052214145660e-03
9.802111890166997910e-04
3.942963667213916779e-03
5.133532686159014702e-04
2.016257785726338625e-04
-9.726042480906471610e-05
-2.285299415234476328e-04
-4.520682559814304113e-04
-2.165964571759104729e-03
-2.392582828179001808e-03
-2.941616345196962357e-03
-3.712150501087307930e-03
-2.663636347278952599e-03
-3.309676889330148697e-03
-3.567913081496953964e-03
-3.879172727465629578e-03
-3.561384743079543114e-03
-4.045298323035240173e-03
-4.138666670769453049e-03
-4.470989108085632324e-03
-4.546474199742078781e-03
-4.486647434532642365e-03
-4.410580266267061234e-03
-4.706678446382284164e-03
-4.453559871762990952e-03
-4.324018023908138275e-03
-4.373083822429180145e-03
-4.170583095401525497e-03
-3.999485634267330170e-03
-4.410616122186183929e-03
-4.286107141524553299e-03
-4.366581793874502182e-03
-4.459359217435121536e-03
-4.595748614519834518e-03
-4.999155644327402115e-03
-4.991272464394569397e-03
-5.205770954489707947e-03
-5.437102634459733963e-03
-5.639332812279462814e-03
-5.752682685852050781e-03
-5.743519403040409088e-03
-5.764917004853487015e-03
-5.680555012077093124e-03
-5.929181817919015884e-03
-5.802068393677473068e-03
-5.770877469331026077e-03
-5.787523463368415833e-03
-5.794620141386985779e-03
-5.716429091989994049e-03
-5.715614650398492813e-03
-5.613055545836687088e-03
-5.578916519880294800e-03
-5.483054555952548981e-03
-5.424037110060453415e-03
-5.619945935904979706e-03
-5.515091586858034134e-03
-5.270687863230705261e-03
-5.431069061160087585e-03
-5.403728224337100983e-03
-5.621379707008600235e-03
-5.566878709942102432e-03
-5.423254799097776413e-03
-5.566089414060115814e-03
-5.538312718272209167e-03
-5.706139374524354935e-03
-5.867042578756809235e-03
-5.726256873458623886e-03
-5.720471031963825226e-03
-5.709154065698385239e-03
-5.778505001217126846e-03
-5.689895711839199066e-03
-5.719370674341917038e-03
-5.610940977931022644e-03
-5.490922834724187851e-03
-5.522115156054496765e-03
-5.294976755976676941e-03
-5.421909969300031662e-03
-5.190768279135227203e-03
-5.155059508979320526e-03
-4.955697339028120041e-03
-4.912952892482280731e-03
-4.855751525610685349e-03
-4.743368830531835556e-03
-4.518978297710418701e-03
-4.291230347007513046e-03
-4.293077159672975540e-03
-4.246045835316181183e-03
-3.981593530625104904e-03
-3.929941449314355850e-03
-3.683209186419844627e-03
-3.608478000387549400e-03
-3.519613528624176979e-03
-3.422523615881800652e-03
-3.318225499242544174e-03
-3.283943748101592064e-03
-3.017881652340292931e-03
-3.055690787732601166e-03
-2.896826248615980148e-03
-2.891960553824901581e-03
-2.634888514876365662e-03
-2.526197116822004318e-03
-2.331924857571721077e-03
-2.357459627091884613e-03
-2.378331264480948448e-03
-2.241131616756320000e-03
-2.092562383040785789e-03
-1.979608088731765747e-03
-1.988471485674381256e-03
-1.774399890564382076e-03
-1.763134030625224113e-03
-1.661190181039273739e-03
-1.714319689199328423e-03
-1.616371795535087585e-03
-1.552441972307860851e-03
-1.617629313841462135e-03
-1.454862300306558609e-03
-1.246709260158240795e-03
-1.336516696028411388e-03
-1.223218860104680061e-03
-1.151431119069457054e-03
-1.191516523249447346e-03
-1.001432072371244431e-03
-8.764606900513172150e-04
-8.861312526278197765e-04
-9.204624220728874207e-04
-8.272218983620405197e-04
-6.887097842991352081e-04
-6.101836333982646465e-04
-6.768111488781869411e-04
-5.601301672868430614e-04
-6.413413793779909611e-04
-4.594619385898113251e-04
-4.937711055390536785e-04
-4.226229793857783079e-04
-4.912028671242296696e-04
-3.679749497678130865e-04
-3.550876281224191189e-04
-2.196907298639416695e-04
-2.998739364556968212e-04
-3.128802636638283730e-04
-2.282637287862598896e-04
-2.466031000949442387e-04
-2.239187742816284299e-04
-3.250148438382893801e-04
-1.883566001197323203e-04
-8.031531615415588021e-05
-1.043129959725774825e-04
-1.875091220426838845e-05
-2.009334275498986244e-05
-9.620261698728427291e-05
-1.140392487286590040e-04
-7.922834629425778985e-05
-1.067644407157786191e-04
-9.312466863775625825e-05
-1.335519482381641865e-04
-3.022660166607238352e-06
1.109012191591318697e-05
-3.154460137011483312e-05
-8.847788558341562748e-05
4.715550676337443292e-05
6.875729923194739968e-07
7.106798875611275434e-05
4.772070315084420145e-05
-2.291864257131237537e-05
-4.107676431885920465e-05
6.967795343371108174e-05
-1.205051448778249323e-04
2.706334498725482263e-06
-4.650572736863978207e-05
-1.011884069157531485e-05
3.621639552875421941e-05
-1.807997978175990283e-05
1.129783631768077612e-04
-5.082087227492593229e-05
-1.360024180030450225e-04
-6.414448307623388246e-06
-7.139021181501448154e-05
-5.127078838995657861e-05
3.600065247155725956e-05
-5.947871250100433826e-05
-7.576382631668820977e-05
-4.343256659922190011e-05
1.938452624017372727e-05
