1.599841192364692688e-02
-9.563353378325700760e-04
3.280634758993983269e-03
1.056484645232558250e-03
3.232151269912719727e-02
7.162879221141338348e-03
2.523624338209629059e-03
1.791070448234677315e-03
9.921829914674162865e-04
5.724476650357246399e-03
3.585953672882169485e-04
-3.262958198320120573e-04
5.381911061704158783e-03
1.534235663712024689e-03
-8.998792036436498165e-04
-2.457061549648642540e-03
-1.056274631991982460e-03
-2.171611646190285683e-03
2.254847669973969460e-03
1.947043812833726406e-03
-1.085469685494899750e-02
5.716877058148384094e-04
1.789971720427274704e-03
-2.227826043963432312e-03
-4.879768006503582001e-03
2.730674110352993011e-03
2.543320006225258112e-04
-2.144457073882222176e-03
7.057302631437778473e-03
6.300582084804773331e-03
3.687729127705097198e-03
-8.182488963939249516e-04
-2.961196703836321831e-03
-3.591562155634164810e-03
2.804765943437814713e-03
1.009807083755731583e-02
2.797915134578943253e-03
5.760057829320430756e-04
4.260886460542678833e-03
-5.851301248185336590e-04
-1.114738080650568008e-02
2.722805074881762266e-04
3.368282690644264221e-03
-1.113513018935918808e-03
9.992484934628009796e-03
-1.316588465124368668e-02
-4.121615085750818253e-03
-4.111227113753557205e-03
-1.487094094045460224e-03
1.345289405435323715e-03
6.844354327768087387e-03
3.468536073341965675e-03
7.663173601031303406e-03
8.845325792208313942e-04
4.594156984239816666e-03
9.767963550984859467e-03
5.945133510977029800e-03
3.757079830393195152e-03
1.303491741418838501e-02
2.306586690247058868e-02
-4.568674485199153423e-04
3.174756653606891632e-03
-1.229914836585521698e-03
9.180855005979537964e-03
5.522128194570541382e-03
8.609432727098464966e-03
7.615117821842432022e-03
1.127129289670847356e-04
5.512188654392957687e-03
1.995346322655677795e-02
8.245534263551235199e-03
8.362328633666038513e-03
4.955790936946868896e-03
3.175234887748956680e-03
2.726220292970538139e-03
2.936091041192412376e-03
-1.700957072898745537e-03
3.878344316035509109e-03
-4.046678077429533005e-03
-2.896456979215145111e-03
-4.727741703391075134e-03
6.446102634072303772e-03
7.870308123528957367e-03
1.385280955582857132e-02
2.759301802143454552e-03
2.047689864411950111e-03
1.242237281985580921e-03
-4.017574712634086609e-03
-2.605595160275697708e-03
7.392510306090116501e-03
1.124601624906063080e-02
-7.184782996773719788e-03
-1.166521012783050537e-02
-2.226620214059948921e-03
-9.269227273762226105e-03
-5.041485652327537537e-03
-1.266526244580745697e-02
-1.864323392510414124e-02
-4.693389404565095901e-03
9.565491229295730591e-03
1.545092742890119553e-02
6.126509048044681549e-03
4.268725868314504623e-03
-1.984684169292449951e-02
8.635422214865684509e-03
-1.053842809051275253e-02
1.396276894956827164e-02
6.575250998139381409e-03
-5.975763313472270966e-03
-9.532195399515330791e-04
8.131352253258228302e-03
3.935985267162322998e-03
-4.673441872000694275e-03
-6.547202821820974350e-03
-2.039917372167110443e-02
-4.281246569007635117e-03
9.580787154845893383e-04
1.700819848338142037e-04
-1.282963808625936508e-02
9.359467774629592896e-03
-3.615065710619091988e-03
5.887491628527641296e-03
-1.067819353193044662e-02
9.218108025379478931e-04
-6.842783186584711075e-03
-5.931294057518243790e-03
-3.203568980097770691e-02
-7.920147851109504700e-03
5.472628865391016006e-03
-1.061602868139743805e-02
-9.177872911095619202e-03
-1.928750309161841869e-03
-1.436382997781038284e-02
-1.452130265533924103e-02
8.841929957270622253e-03
8.995642885565757751e-03
2.994784153997898102e-02
9.541240287944674492e-04
2.131183259189128876e-02
8.140879683196544647e-03
5.076672881841659546e-03
1.318053342401981354e-02
-2.852989593520760536e-03
4.025143105536699295e-03
1.401612162590026855e-02
7.221587933599948883e-03
6.966040004044771194e-03
-1.548760849982500076e-02
1.067610923200845718e-02
1.451578922569751740e-02
-4.094614996574819088e-04
-3.130406886339187622e-02
-6.751003209501504898e-03
-4.748444259166717529e-02
-5.544478073716163635e-03
5.877736257389187813e-04
2.693597786128520966e-02
2.033254690468311310e-02
1.024800539016723633e-02
-3.502117097377777100e-02
3.749568015336990356e-02
-1.147633884102106094e-02
-2.399110235273838043e-02
1.589516550302505493e-02
-2.159437909722328186e-02
-2.791508659720420837e-02
-4.552370682358741760e-02
-2.528059482574462891e-02
3.529010340571403503e-02
-5.199885927140712738e-03
2.801436185836791992e-02
-1.169716287404298782e-02
-1.569754211232066154e-03
3.161105141043663025e-02
2.491854317486286163e-02
-1.529984083026647568e-02
4.779688641428947449e-02
5.878357682377099991e-03
-2.699260413646697998e-02
7.321709301322698593e-03
-3.630416095256805420e-02
3.474751487374305725e-02
-2.331023663282394409e-02
1.708513312041759491e-02
-1.428454834967851639e-02
-1.292647235095500946e-02
-3.456429019570350647e-02
-1.986401621252298355e-03
-3.718379884958267212e-02
1.013741921633481979e-02
-2.880871109664440155e-02
6.569293327629566193e-03
4.832125455141067505e-02
2.922477200627326965e-02
-3.083301149308681488e-02
-1.390311401337385178e-02
-1.671496406197547913e-02
2.552421391010284424e-02
-7.312390953302383423e-02
5.363284423947334290e-02
4.646991193294525146e-02
-4.375520721077919006e-02
-8.610504120588302612e-02
-2.641692990437150002e-03
4.577340930700302124e-02
4.443247243762016296e-02
4.757342487573623657e-02
3.184798359870910645e-02
-1.109857764095067978e-02
2.243130840361118317e-02
-5.660708621144294739e-02
-1.275908052921295166e-01
-7.435652613639831543e-02
-1.471138652414083481e-02
-1.688132435083389282e-02
2.764573507010936737e-02
-2.777477260679006577e-03
-3.626557067036628723e-03
-1.899364218115806580e-02
-2.941545844078063965e-02
7.517813704907894135e-03
-2.716950513422489166e-02
1.099366322159767151e-02
-2.245094068348407745e-02
-2.059191092848777771e-02
-2.414810657501220703e-02
-2.941211126744747162e-02
-3.700439631938934326e-02
5.382351111620664597e-03
-4.492129012942314148e-02
-2.244731038808822632e-02
6.186009850353002548e-04
-2.548929117619991302e-02
8.558295667171478271e-03
1.358184404671192169e-02
3.574842587113380432e-02
-3.671893151476979256e-03
-3.176816552877426147e-02
2.080279402434825897e-02
-2.906870283186435699e-02
2.529357932507991791e-02
2.661875449120998383e-03
-1.698858221061527729e-03
-2.012723498046398163e-02
-2.600559219717979431e-02
-1.972736231982707977e-02
2.645728364586830139e-02
1.529734395444393158e-02
2.858850732445716858e-02
3.268257156014442444e-02
3.896169736981391907e-02
-6.363635882735252380e-03
2.357004210352897644e-02
-1.858716248534619808e-03
4.424947313964366913e-03
1.723514311015605927e-02
-1.014844793826341629e-02
2.275704778730869293e-02
-1.098535675555467606e-02
-1.706310315057635307e-03
-1.300851814448833466e-02
2.355964109301567078e-02
-3.559963777661323547e-03
5.921092815697193146e-03
-1.671924442052841187e-02
1.084261341020464897e-03
2.149357832968235016e-02
1.483499817550182343e-02
4.315502941608428955e-03
9.470715187489986420e-03
1.780319027602672577e-03
8.149925619363784790e-03
-3.856508759781718254e-03
-2.933853771537542343e-03
1.152929384261369705e-02
-1.600448414683341980e-02
-1.770986476913094521e-03
1.054211170412600040e-03
-1.672790199518203735e-02
-4.899960476905107498e-03
-1.925548654980957508e-03
9.124137461185455322e-03
-1.134914997965097427e-02
-9.193841251544654369e-04
-3.495809854939579964e-03
9.977857116609811783e-04
2.199118491262197495e-03
7.647149031981825829e-04
-5.175033211708068848e-02
-7.546853739768266678e-03
-1.193255372345447540e-02
-1.402654964476823807e-02
-4.113770555704832077e-03
-1.255075354129076004e-02
6.055205594748258591e-04
-2.745745470747351646e-03
-1.019035186618566513e-02
-1.204178552143275738e-03
-4.187253769487142563e-03
1.495255506597459316e-03
-4.589273128658533096e-03
-1.276249531656503677e-02
-4.448656924068927765e-03
-2.299800049513578415e-03
5.060235969722270966e-03
3.873930312693119049e-03
-1.188035029917955399e-02
-4.702535457909107208e-03
1.657936372794210911e-03
9.353933855891227722e-03
2.971504000015556812e-04
-8.880713954567909241e-03
-8.903725072741508484e-03
-1.046636141836643219e-03
-7.760857261018827558e-05
3.673640545457601547e-03
2.129762433469295502e-03
-2.190991304814815521e-02
1.823828904889523983e-03
-4.172005690634250641e-03
3.661164373625069857e-04
-2.039786661043763161e-03
-6.574771367013454437e-03
-5.650799721479415894e-03
4.838229157030582428e-03
-9.217476472258567810e-03
5.422755610197782516e-03
-3.989183809608221054e-03
2.522625494748353958e-03
-2.863452536985278130e-03
-3.174813464283943176e-03
-3.165324404835700989e-02
-1.601592171937227249e-03
3.753228811547160149e-03
-2.748341532424092293e-03
-6.742068100720643997e-03
-6.339289247989654541e-03
3.263211692683398724e-04
1.145374495536088943e-02
-3.657173831015825272e-03
-3.569660708308219910e-02
-3.778164507821202278e-03
1.023773336783051491e-03
3.935849759727716446e-03
-2.572325756773352623e-03
-3.059604018926620483e-02
1.224615407409146428e-04
-2.772545907646417618e-03
5.030219908803701401e-03
6.148692220449447632e-03
9.381987154483795166e-03
1.812578178942203522e-02
1.117260660976171494e-02
2.307939575985074043e-03
-1.446570549160242081e-02
1.376274623908102512e-03
4.659137222915887833e-03
1.231029909104108810e-02
-4.557365085929632187e-03
3.015274181962013245e-03
4.339338280260562897e-03
1.083560381084680557e-02
4.036163911223411560e-03
8.287151344120502472e-03
9.863513521850109100e-03
-5.779152736067771912e-03
8.767249993979930878e-03
8.709794492460787296e-04
7.201931905001401901e-03
4.555151797831058502e-03
1.015455927699804306e-02
2.536864951252937317e-03
1.392473932355642319e-03
1.413893536664545536e-03
4.566486459225416183e-03
5.436348728835582733e-03
7.005993742495775223e-03
2.417163364589214325e-02
9.052357636392116547e-03
1.512848306447267532e-02
1.850250293500721455e-03
2.476521302014589310e-03
1.073586847633123398e-02
2.714029140770435333e-02
5.160034634172916412e-03
1.821856596507132053e-03
-1.210430287756025791e-03
1.305636670440435410e-02
-1.780125685036182404e-02
1.715186866931617260e-03
6.220969371497631073e-03
1.446193899028003216e-03
1.366115640848875046e-02
-1.598343835212290287e-03
-1.133019919507205486e-03
1.202910090796649456e-03
7.496139733120799065e-04
2.038551901932805777e-04
1.864042831584811211e-03
2.086732769384980202e-03
-2.780336188152432442e-03
