-1.239871722646057606e-03
8.234056644141674042e-03
-6.526349461637437344e-04
-2.519916975870728493e-03
-4.515687003731727600e-03
-9.567704983055591583e-03
-1.524520572274923325e-03
4.292780533432960510e-03
7.392879342660307884e-04
-3.943629271816462278e-04
-1.149590685963630676e-02
-2.783402567729353905e-03
-3.016190137714147568e-03
-1.481604413129389286e-03
3.967507276684045792e-03
2.577035920694470406e-04
1.769566908478736877e-02
2.477703616023063660e-03
1.722690835595130920e-02
-6.340785417705774307e-03
-1.590216183103621006e-03
-1.976456260308623314e-03
-6.790956016629934311e-03
8.271955884993076324e-03
-2.125659026205539703e-03
1.474524731747806072e-03
-2.519462443888187408e-02
-3.866964485496282578e-03
1.611880492419004440e-03
8.184727281332015991e-03
-1.282858010381460190e-02
7.314089685678482056e-03
3.711396828293800354e-03
-2.133460657205432653e-04
-2.657974604517221451e-03
4.645428620278835297e-03
8.280424517579376698e-04
1.534406444989144802e-03
5.183438304811716080e-03
1.933629624545574188e-03
1.551470370031893253e-03
-1.667979918420314789e-02
-7.509524002671241760e-03
-2.301555126905441284e-02
8.760333992540836334e-03
1.610342785716056824e-02
2.746961079537868500e-03
2.887707669287919998e-03
-6.557305809110403061e-03
-1.533695030957460403e-02
1.218441047967644408e-05
1.181939058005809784e-02
3.713103942573070526e-03
-2.413322217762470245e-02
4.366616252809762955e-03
7.915583439171314240e-03
-1.510437577962875366e-03
-5.888979882001876831e-03
1.102397777140140533e-02
2.838473068550229073e-03
1.020927913486957550e-02
1.824481971561908722e-02
-4.514020401984453201e-03
8.234463166445493698e-04
4.431738052517175674e-03
-1.238466612994670868e-02
1.308559346944093704e-02
3.314541187137365341e-03
-1.830992288887500763e-03
6.856251042336225510e-03
1.208625733852386475e-02
1.743579166941344738e-03
7.205645088106393814e-03
-1.464902888983488083e-02
-8.656627032905817032e-04
9.064799174666404724e-03
6.966472603380680084e-03
1.542764133773744106e-03
4.732218221761286259e-04
5.573505535721778870e-03
7.954920642077922821e-03
1.654487848281860352e-02
1.480260677635669708e-02
-2.906483039259910583e-02
-4.113961476832628250e-03
-1.252461597323417664e-02
-5.491638556122779846e-03
8.326113224029541016e-03
2.328094793483614922e-03
-3.367172554135322571e-03
-1.448722742497920990e-02
-1.349932700395584106e-02
4.417370073497295380e-03
-6.249312311410903931e-03
6.211681291460990906e-03
1.533287670463323593e-02
6.866269744932651520e-03
3.923212643712759018e-03
6.087643653154373169e-02
-3.362768329679965973e-04
7.049059029668569565e-03
2.729287836700677872e-03
-6.865724455565214157e-03
7.644268684089183807e-03
-2.348997443914413452e-02
1.850647968240082264e-03
-1.178460009396076202e-02
1.551817520521581173e-03
9.681521914899349213e-03
3.316425904631614685e-02
1.198577508330345154e-02
-3.798553254455327988e-03
9.149624034762382507e-03
-1.196739263832569122e-02
-9.747257456183433533e-03
-4.960175137966871262e-03
1.230611465871334076e-02
1.114272628910839558e-03
3.600839525461196899e-02
9.950400562956929207e-04
-1.168393529951572418e-02
1.579547300934791565e-02
1.392086688429117203e-02
-2.244104258716106415e-02
8.179203607141971588e-03
-1.437088567763566971e-02
1.390129048377275467e-02
-6.017434410750865936e-03
6.892128847539424896e-03
-7.791163399815559387e-03
3.453395096585154533e-03
2.668816014192998409e-04
-4.295847844332456589e-03
4.026333335787057877e-03
-9.290125221014022827e-03
6.577466148883104324e-03
9.536969475448131561e-03
1.073751784861087799e-02
7.282406091690063477e-03
1.880373992025852203e-02
1.722631044685840607e-02
5.250980611890554428e-03
-1.381456502713263035e-03
1.787877455353736877e-02
1.945916190743446350e-02
1.378812454640865326e-02
1.147801429033279419e-02
1.611337997019290924e-02
-5.600812379270792007e-03
1.146344188600778580e-02
2.638389356434345245e-02
1.522603677585721016e-03
-2.704601734876632690e-02
5.716997664421796799e-03
-4.335035756230354309e-02
-5.623772274702787399e-03
-8.619555272161960602e-03
1.535949204117059708e-02
-3.430882934480905533e-03
2.744631783571094275e-04
-1.861175894737243652e-02
3.599064797163009644e-02
-2.754605375230312347e-03
5.091250408440828323e-03
2.224666252732276917e-02
3.780317306518554688e-02
-1.141953654587268829e-02
1.074746903032064438e-02
2.788987243548035622e-03
3.729056939482688904e-02
1.664645969867706299e-02
-1.191276591271162033e-02
-2.495735324919223785e-02
-3.431436792016029358e-02
1.603128970600664616e-03
2.180043607950210571e-02
-1.779821142554283142e-02
4.171426221728324890e-02
-1.506604626774787903e-02
1.639524661004543304e-02
-4.056045413017272949e-02
4.054371267557144165e-03
-4.087010025978088379e-02
2.209851518273353577e-02
9.613841027021408081e-02
-4.477258771657943726e-02
1.419526152312755585e-02
-1.647991873323917389e-02
3.821511194109916687e-02
-7.739610970020294189e-02
6.924942135810852051e-02
4.849706776440143585e-03
9.055460244417190552e-02
-5.141131114214658737e-03
-4.700486734509468079e-02
-4.839234054088592529e-02
-7.097385823726654053e-02
9.619640186429023743e-03
-3.271377086639404297e-02
-1.349602360278367996e-02
3.676975145936012268e-02
1.291157212108373642e-02
-6.043175980448722839e-02
-2.809080481529235840e-02
2.653693407773971558e-02
7.416734844446182251e-02
-3.165374277159571648e-03
4.863777756690979004e-02
-3.170203045010566711e-02
4.020431265234947205e-02
3.574709594249725342e-02
4.053466767072677612e-02
3.268328681588172913e-02
-1.607249863445758820e-02
6.359897553920745850e-02
6.158279627561569214e-02
-2.953641861677169800e-02
1.340697519481182098e-02
1.594036817550659180e-02
1.435687881894409657e-03
3.712583333253860474e-02
3.337203059345483780e-03
-4.229990392923355103e-02
7.531444076448678970e-03
2.840393222868442535e-02
6.481450982391834259e-03
-6.912101060152053833e-03
-3.471261262893676758e-02
3.571866545826196671e-03
-2.102898620069026947e-02
-2.012053877115249634e-02
2.350572496652603149e-02
4.246885329484939575e-02
-1.609176862984895706e-03
2.299926243722438812e-02
1.415606122463941574e-02
-1.710731349885463715e-02
1.063216477632522583e-02
-1.726115820929408073e-03
3.149963170289993286e-02
3.725070878863334656e-02
-7.552395574748516083e-03
1.964349113404750824e-02
5.919456598348915577e-04
-9.079495444893836975e-03
-4.090415022801607847e-04
-1.652304641902446747e-02
-6.170968990772962570e-03
8.509662933647632599e-03
2.409440651535987854e-02
3.531584143638610840e-02
2.461430616676807404e-02
-8.486581966280937195e-03
-1.610626466572284698e-02
-1.314926426857709885e-02
-2.000110410153865814e-02
-2.005341462790966034e-02
-2.203939715400338173e-03
-3.031988814473152161e-02
-2.166479639708995819e-02
2.702361904084682465e-02
1.553786336444318295e-03
1.937743090093135834e-02
1.519763190299272537e-02
-6.599699147045612335e-03
8.063278160989284515e-03
-1.012691203504800797e-02
-2.126730605959892273e-02
1.034646108746528625e-02
6.439896300435066223e-03
1.349824364297091961e-03
-3.593018744140863419e-03
-3.230060217902064323e-03
4.654222633689641953e-03
1.936060003936290741e-02
-7.840163074433803558e-03
-2.618088945746421814e-02
1.606295257806777954e-02
1.904085837304592133e-02
-1.492739096283912659e-02
-1.293937821174040437e-04
-2.508680149912834167e-02
2.363980747759342194e-03
1.678813807666301727e-02
3.347057383507490158e-03
9.326240047812461853e-03
1.256829034537076950e-02
1.607652870006859303e-03
-6.890284828841686249e-03
-3.054297994822263718e-03
2.052780054509639740e-02
8.140899240970611572e-03
1.039816881529986858e-03
-1.128601375967264175e-02
5.405754782259464264e-03
6.167326122522354126e-03
1.329131610691547394e-02
4.587079398334026337e-03
5.076295346952974796e-04
-1.083724480122327805e-02
1.450082287192344666e-02
-4.247767385095357895e-03
1.205591601319611073e-03
9.396823123097419739e-03
1.019487809389829636e-02
6.292924750596284866e-03
9.039203636348247528e-03
-1.078294496983289719e-02
5.489215720444917679e-03
-8.576307445764541626e-03
-1.374899968504905701e-02
1.464212778955698013e-02
-7.807727903127670288e-03
-1.171489525586366653e-02
-2.846445189788937569e-03
-1.300281565636396408e-02
8.198078721761703491e-03
9.058545343577861786e-03
7.216392084956169128e-03
3.939646296203136444e-03
-4.873922094702720642e-02
-2.448526676744222641e-03
-1.172198913991451263e-02
-1.228129956871271133e-03
-1.965708797797560692e-03
4.677842836827039719e-03
1.099033188074827194e-02
-1.277417689561843872e-02
6.246508564800024033e-03
1.042073243297636509e-03
6.717764772474765778e-03
6.954713724553585052e-03
-5.116419401019811630e-03
4.444242455065250397e-03
-8.623951114714145660e-03
-8.322297595441341400e-03
9.025420295074582100e-04
2.820291928946971893e-02
-7.290816865861415863e-03
-6.697205360978841782e-03
4.165107384324073792e-03
2.318882383406162262e-03
1.287595368921756744e-03
-3.312009619548916817e-03
-7.505074609071016312e-04
-1.417853776365518570e-02
-7.512865122407674789e-03
5.488247610628604889e-03
-7.399840280413627625e-03
-1.159896980971097946e-02
4.570197779685258865e-03
5.041757132858037949e-03
7.018339238129556179e-04
5.080196540802717209e-03
-2.249207900604233146e-04
-6.332555320113897324e-03
-1.558506628498435020e-03
-2.314368961378931999e-03
-8.730119094252586365e-03
-1.029496546834707260e-03
5.925910081714391708e-03
-1.547900727018713951e-03
9.883252903819084167e-03
2.224250783910974860e-04
-5.186527967453002930e-03
4.389418754726648331e-03
9.938282892107963562e-04
-6.613744888454675674e-03
4.206956829875707626e-03
9.738164953887462616e-03
9.897838346660137177e-03
-1.614298322238028049e-03
2.243836643174290657e-03
2.184437820687890053e-03
-1.440193504095077515e-02
-1.177493599243462086e-03
3.124207258224487305e-03
-5.165426060557365417e-03
2.536829793825745583e-03
-4.451291635632514954e-03
4.945504013448953629e-03
-3.182917716912925243e-04
3.496134886518120766e-04
-7.183197885751724243e-03
-7.844438077881932259e-04
3.203834593296051025e-02
-1.824405230581760406e-02
-2.377861877903342247e-03
1.415334083139896393e-02
-6.415476649999618530e-02
2.111176028847694397e-03
-2.315126592293381691e-03
-1.921569113619625568e-03
-2.113877236843109131e-02
-2.610607771202921867e-03
1.931687933392822742e-03
4.284018650650978088e-04
5.402954295277595520e-03
2.308758441358804703e-03
-2.123257517814636230e-02
-2.012593206018209457e-03
