1.599977351725101471e-02
-9.513254044577479362e-04
3.285429207608103752e-03
1.061859540641307831e-03
3.232036530971527100e-02
7.167064119130373001e-03
2.529958030208945274e-03
1.796197611838579178e-03
9.990554535761475563e-04
5.730478093028068542e-03
3.640946815721690655e-04
-3.187776310369372368e-04
5.387279205024242401e-03
1.541073434054851532e-03
-8.931463817134499550e-04
-2.450894564390182495e-03
-1.047609024681150913e-03
-2.163549419492483139e-03
2.261274959892034531e-03
1.952794031240046024e-03
-1.084892265498638153e-02
5.778949125669896603e-04
1.795923686586320400e-03
-2.221203874796628952e-03
-4.871423821896314621e-03
2.736716298386454582e-03
2.628990623634308577e-04
-2.136897994205355644e-03
7.061272859573364258e-03
6.304498761892318726e-03
3.694598563015460968e-03
-8.101586136035621166e-04
-2.954233670607209206e-03
-3.583161858841776848e-03
2.814533887431025505e-03
1.010233350098133087e-02
2.805280499160289764e-03
5.839053774252533913e-04
4.268415272235870361e-03
-5.775787285529077053e-04
-1.113950554281473160e-02
2.805378753691911697e-04
3.374257124960422516e-03
-1.104590017348527908e-03
9.996050968766212463e-03
-1.315819658339023590e-02
-4.113165196031332016e-03
-4.102575592696666718e-03
-1.479633967392146587e-03
1.355323824100196362e-03
6.850734353065490723e-03
3.475197125226259232e-03
7.669875398278236389e-03
8.932105265557765961e-04
4.603369161486625671e-03
9.776378981769084930e-03
5.954490974545478821e-03
3.765330882743000984e-03
1.304271072149276733e-02
2.307031489908695221e-02
-4.472057044040411711e-04
3.187763970345258713e-03
-1.217983663082122803e-03
9.192050434648990631e-03
5.531684961169958115e-03
8.617457002401351929e-03
7.625656668096780777e-03
1.250860514119267464e-04
5.521966610103845596e-03
1.995865441858768463e-02
8.253514766693115234e-03
8.378852158784866333e-03
4.966980312019586563e-03
3.190407762303948402e-03
2.735303249210119247e-03
2.947558183223009109e-03
-1.688527758233249187e-03
3.890142776072025299e-03
-4.034182988107204437e-03
-2.885128604248166084e-03
-4.715279210358858109e-03
6.455699913203716278e-03
7.879814133048057556e-03
1.386146433651447296e-02
2.772934967651963234e-03
2.058978891000151634e-03
1.255880808457732201e-03
-4.006997216492891312e-03
-2.594113117083907127e-03
7.400945294648408890e-03
1.125359348952770233e-02
-7.173153106123209000e-03
-1.165289152413606644e-02
-2.214790554717183113e-03
-9.253473021090030670e-03
-5.030469503253698349e-03
-1.265183743089437485e-02
-1.863144524395465851e-02
-4.682059399783611298e-03
9.574539028108119965e-03
1.546020619571208954e-02
6.136470474302768707e-03
4.280028399080038071e-03
-1.983259990811347961e-02
8.644755929708480835e-03
-1.052456907927989960e-02
1.397045981138944626e-02
6.584420800209045410e-03
-5.965158343315124512e-03
-9.405040764249861240e-04
8.141409605741500854e-03
3.947751130908727646e-03
-4.662772174924612045e-03
-6.532165221869945526e-03
-2.038387209177017212e-02
-4.270387813448905945e-03
9.692716412246227264e-04
1.797583099687471986e-04
-1.281435508280992508e-02
9.365841746330261230e-03
-3.602623939514160156e-03
5.894362926483154297e-03
-1.066619250923395157e-02
9.294977644458413124e-04
-6.831791251897811890e-03
-5.922074429690837860e-03
-3.202256932854652405e-02
-7.909141480922698975e-03
5.481637548655271530e-03
-1.060776412487030029e-02
-9.167149662971496582e-03
-1.916856039315462112e-03
-1.434938609600067139e-02
-1.450759358704090118e-02
8.848410099744796753e-03
9.001722559332847595e-03
2.994892932474613190e-02
9.619386983104050159e-04
2.131254598498344421e-02
8.144206367433071136e-03
5.082168150693178177e-03
1.318367384374141693e-02
-2.848401432856917381e-03
4.029816947877407074e-03
1.401403173804283142e-02
7.222590968012809753e-03
6.966431159526109695e-03
-1.548392418771982193e-02
1.066886354237794876e-02
1.450949627906084061e-02
-4.158132069278508425e-04
-3.129926696419715881e-02
-6.755721289664506912e-03
-4.747354611754417419e-02
-5.551462061703205109e-03
5.766599788330495358e-04
2.690065093338489532e-02
2.030606940388679504e-02
1.023271027952432632e-02
-3.501726686954498291e-02
3.745503723621368408e-02
-1.148863788694143295e-02
-2.399786375463008881e-02
1.585607789456844330e-02
-2.161764353513717651e-02
-2.792568132281303406e-02
-4.553841426968574524e-02
-2.531377412378787994e-02
3.521698340773582458e-02
-5.237077828496694565e-03
2.793416939675807953e-02
-1.172861363738775253e-02
-1.613941974937915802e-03
3.153457120060920715e-02
2.483068220317363739e-02
-1.533281896263360977e-02
4.767459258437156677e-02
5.783583968877792358e-03
-2.704801410436630249e-02
7.190411910414695740e-03
-3.634756430983543396e-02
3.456517681479454041e-02
-2.338236570358276367e-02
1.689137518405914307e-02
-1.447932235896587372e-02
-1.309635117650032043e-02
-3.474803641438484192e-02
-2.224696101620793343e-03
-3.729588165879249573e-02
9.724854491651058197e-03
-2.894341200590133667e-02
6.218330934643745422e-03
4.787567257881164551e-02
2.890222147107124329e-02
-3.092200681567192078e-02
-1.424419973045587540e-02
-1.729947142302989960e-02
2.365464903414249420e-02
-7.391412556171417236e-02
5.402187630534172058e-02
4.691058769822120667e-02
-4.424104467034339905e-02
-8.693791925907135010e-02
-3.128587035462260246e-03
4.522843658924102783e-02
4.412441328167915344e-02
4.722361639142036438e-02
3.152389824390411377e-02
-1.121872756630182266e-02
2.202921919524669647e-02
-5.682554468512535095e-02
-1.276088207960128784e-01
-7.446873933076858521e-02
-1.485855784267187119e-02
-1.700575836002826691e-02
2.740466222167015076e-02
-2.925095614045858383e-03
-3.780463477596640587e-03
-1.911061257123947144e-02
-2.948933467268943787e-02
7.387704681605100632e-03
-2.722811512649059296e-02
1.084777154028415680e-02
-2.251814492046833038e-02
-2.066640555858612061e-02
-2.419054135680198669e-02
-2.946919016540050507e-02
-3.703440353274345398e-02
5.309553816914558411e-03
-4.495063051581382751e-02
-2.247804403305053711e-02
5.687802331522107124e-04
-2.551292814314365387e-02
8.523866534233093262e-03
1.354611478745937347e-02
3.569414839148521423e-02
-3.692824626341462135e-03
-3.177566453814506531e-02
2.076503075659275055e-02
-2.907023206353187561e-02
2.526310645043849945e-02
2.642397768795490265e-03
-1.713190576992928982e-03
-2.013259008526802063e-02
-2.600396052002906799e-02
-1.972094736993312836e-02
2.644246257841587067e-02
1.529049687087535858e-02
2.857755497097969055e-02
3.267150744795799255e-02
3.894764184951782227e-02
-6.357024889439344406e-03
2.356644906103610992e-02
-1.853740075603127480e-03
4.428133368492126465e-03
1.723195053637027740e-02
-1.013876404613256454e-02
2.275357767939567566e-02
-1.097455993294715881e-02
-1.702081877738237381e-03
-1.299956999719142914e-02
2.355858683586120605e-02
-3.548943437635898590e-03
5.927065387368202209e-03
-1.670634001493453979e-02
1.093398197554051876e-03
2.149575389921665192e-02
1.483796350657939911e-02
4.324426874518394470e-03
9.480932727456092834e-03
1.790694193914532661e-03
8.155541494488716125e-03
-3.846993669867515564e-03
-2.924294443801045418e-03
1.153682824224233627e-02
-1.599066704511642456e-02
-1.756930840201675892e-03
1.067283446900546551e-03
-1.671137474477291107e-02
-4.885900765657424927e-03
-1.916433800943195820e-03
9.131331928074359894e-03
-1.133696921169757843e-02
-9.062076569534838200e-04
-3.483304521068930626e-03
1.011499203741550446e-03
2.209379803389310837e-03
7.740572327747941017e-04
-5.173660442233085632e-02
-7.534563075751066208e-03
-1.191409397870302200e-02
-1.401398051530122757e-02
-4.102436359971761703e-03
-1.253639906644821167e-02
6.170074921101331711e-04
-2.733482513576745987e-03
-1.017709542065858841e-02
-1.193754724226891994e-03
-4.175045061856508255e-03
1.505140331573784351e-03
-4.576626699417829514e-03
-1.275041233748197556e-02
-4.433479160070419312e-03
-2.283547772094607353e-03
5.070770625025033951e-03
3.884762292727828026e-03
-1.186891645193099976e-02
-4.691075533628463745e-03
1.669285236857831478e-03
9.361028671264648438e-03
3.090711252298206091e-04
-8.870122954249382019e-03
-8.894233964383602142e-03
-1.031792140565812588e-03
-6.817696703365072608e-05
3.682886715978384018e-03
2.140717348083853722e-03
-2.190142311155796051e-02
1.833632704801857471e-03
-4.161201417446136475e-03
3.778039827011525631e-04
-2.029649447649717331e-03
-6.566336844116449356e-03
-5.638048984110355377e-03
4.847472999244928360e-03
-9.204817935824394226e-03
5.431736353784799576e-03
-3.978014457970857620e-03
2.532727550715208054e-03
-2.852973062545061111e-03
-3.162706270813941956e-03
-3.164617717266082764e-02
-1.590027357451617718e-03
3.762068692594766617e-03
-2.736864844337105751e-03
-6.730465684086084366e-03
-6.329884286969900131e-03
3.317434457130730152e-04
1.145999040454626083e-02
-3.644739277660846710e-03
-3.568986058235168457e-02
-3.769611706957221031e-03
1.033071312122046947e-03
3.942473325878381729e-03
-2.563204383477568626e-03
-3.058876283466815948e-02
1.315519621130079031e-04
-2.763214288279414177e-03
5.038994830101728439e-03
6.156579591333866119e-03
9.387611411511898041e-03
1.812949590384960175e-02
1.117869839072227478e-02
2.316742669790983200e-03
-1.445905119180679321e-02
1.385242678225040436e-03
4.666069988161325455e-03
1.231534034013748169e-02
-4.550421144813299179e-03
3.023364813998341560e-03
4.347451962530612946e-03
1.084109488874673843e-02
4.043094813823699951e-03
8.293186314404010773e-03
9.869577363133430481e-03
-5.771799013018608093e-03
8.775476366281509399e-03
8.771154098212718964e-04
7.208045572042465210e-03
4.562038928270339966e-03
1.015901286154985428e-02
2.546938601881265640e-03
1.401912653818726540e-03
1.421564607881009579e-03
4.573341459035873413e-03
5.442947614938020706e-03
7.011507172137498856e-03
2.417288534343242645e-02
9.056696668267250061e-03
1.513158157467842102e-02
1.858116476796567440e-03
2.481704344972968102e-03
1.073965709656476974e-02
2.714067697525024414e-02
5.165750626474618912e-03
1.828296924941241741e-03
-1.204822096042335033e-03
1.305899955332279205e-02
-1.779518462717533112e-02
1.720729749649763107e-03
6.225387565791606903e-03
1.455197227187454700e-03
1.366351172327995300e-02
-1.591731212101876736e-03
-1.126475748606026173e-03
1.209923299029469490e-03
7.531692390330135822e-04
2.099863049807026982e-04
1.869623898528516293e-03
2.092061098664999008e-03
-2.773276297375559807e-03
