-6.075254059396684170e-04
-8.030530298128724098e-04
-1.964199909707531333e-04
-4.921734216623008251e-04
1.190313196275383234e-04
4.558053842629306018e-05
-4.355539931566454470e-05
-5.365543183870613575e-04
-4.535541229415684938e-04
-4.086875997018069029e-04
-3.823389706667512655e-04
5.048352759331464767e-04
3.513043920975178480e-04
1.796546857804059982e-04
-2.952720096800476313e-04
-3.844342136289924383e-04
-4.627905727829784155e-04
-7.375030545517802238e-04
-6.340462277876213193e-05
-3.234889663872309029e-05
-5.566449253819882870e-04
-1.675726089160889387e-04
2.862057008314877748e-04
3.579320327844470739e-04
2.395610499661415815e-04
-5.757390317739918828e-05
2.753407752607017756e-04
-6.064693443477153778e-04
2.901685074903070927e-04
4.010200791526585817e-04
-1.249888446182012558e-04
4.308612460590666160e-06
-2.066280649160034955e-05
-6.763341370970010757e-04
-5.312784924171864986e-04
-1.738148421281948686e-05
1.112861136789433658e-04
-2.207302459282800555e-04
-5.361005314625799656e-04
-4.510499129537492990e-04
-8.683195919729769230e-04
1.860202901298180223e-04
5.175202386453747749e-04
2.057065721601247787e-04
-4.962940583936870098e-04
-3.745054418686777353e-04
1.602477132109925151e-04
3.046093297598417848e-05
-5.257053417153656483e-04
-5.085838347440585494e-05
4.993978654965758324e-04
-3.557092859409749508e-04
-5.495325895026326180e-04
5.189230432733893394e-05
2.788122219499200583e-04
-1.942217786563560367e-04
6.448609929066151381e-05
3.457247512415051460e-04
2.178344875574111938e-04
3.257553544244728982e-05
-2.174279215978458524e-04
-7.514728931710124016e-04
4.492573207244277000e-04
-4.416587398736737669e-05
8.222655014833435416e-05
3.690548182930797338e-04
-6.793395004933699965e-05
-2.061827253783121705e-04
-3.999592445325106382e-04
4.490125866141170263e-04
-3.750353644136339426e-04
-8.838257781462743878e-05
-1.713661476969718933e-04
-1.247788022737950087e-04
-9.023414895636960864e-05
-1.354332780465483665e-04
2.354354801354929805e-04
3.370795166119933128e-04
-1.893741136882454157e-05
2.518931578379124403e-04
-1.119350636145099998e-04
1.101637899409979582e-04
3.015494439750909805e-04
8.400140359299257398e-05
-2.761977375485002995e-04
-4.209568942314945161e-05
-1.924876996781677008e-04
2.712855639401823282e-04
-6.653791933786123991e-05
-3.615310124587267637e-04
-5.256004515103995800e-04
-9.695504559203982353e-04
2.568642375990748405e-04
-4.822206683456897736e-04
-1.454730954719707370e-04
1.154393539763987064e-04
-1.547500869492068887e-05
7.538447243859991431e-05
-3.139086766168475151e-05
-2.144240716006606817e-04
1.356009597657248378e-04
1.413675363437505439e-05
-8.428831642959266901e-05
3.960779940825887024e-05
-3.505636777845211327e-05
-7.170905973907792941e-06
-1.639477522985544056e-05
6.485135527327656746e-04
-2.262438792968168855e-04
-3.078371810261160135e-04
-2.571130462456494570e-04
-2.857069775927811861e-04
-6.811743602156639099e-03
-2.867511939257383347e-04
-1.705746352672576904e-02
-4.942695159115828574e-05
-3.792015835642814636e-02
-5.735656246542930603e-03
-3.097407892346382141e-02
-4.725373908877372742e-02
-1.455318648368120193e-02
-8.135358244180679321e-02
-1.917074248194694519e-02
-9.296827018260955811e-02
-3.835226595401763916e-02
-9.064253419637680054e-02
-6.819830834865570068e-02
-8.555839210748672485e-02
-8.962446451187133789e-02
-9.644251316785812378e-02
-1.033537313342094421e-01
-9.875120222568511963e-02
-1.029018163681030273e-01
-1.115140095353126526e-01
-9.992960840463638306e-02
-1.245103627443313599e-01
-9.556129574775695801e-02
-1.166455149650573730e-01
-9.741506725549697876e-02
-1.055760160088539124e-01
-9.145333617925643921e-02
-9.822250902652740479e-02
-8.982745558023452759e-02
-7.841213792562484741e-02
-7.125158607959747314e-02
-6.675013899803161621e-02
-4.988678917288780212e-02
-5.732087418437004089e-02
-3.461533039808273315e-02
-3.717573359608650208e-02
-2.410385012626647949e-02
-1.788865216076374054e-02
-9.457050822675228119e-03
-6.809955928474664688e-03
-1.953365979716181755e-03
-6.929751252755522728e-04
-2.585934707894921303e-04
-3.357301757205277681e-04
-3.851182700600475073e-04
-2.480279072187840939e-04
-2.879889216274023056e-04
-3.506295324768871069e-04
-6.806220335420221090e-05
3.649208883871324360e-05
-2.495658991392701864e-04
-3.983573697041720152e-04
-4.550619341898709536e-04
-7.126342825358733535e-05
-3.525031570461578667e-05
-3.135737788397818804e-04
-3.422312438488006592e-04
9.102884359890595078e-05
-2.579126157797873020e-04
-1.457163452869281173e-04
2.448363811708986759e-04
7.650152838323265314e-05
-3.333576314616948366e-04
-6.772503256797790527e-04
-3.968616365455091000e-04
1.699022541288286448e-04
-2.252939739264547825e-04
3.623417869675904512e-04
1.913517480716109276e-04
1.397478627040982246e-04
4.116613708902150393e-04
4.423362042871303856e-05
1.965425326488912106e-04
3.008045314345508814e-04
7.176203653216362000e-04
3.224129904992878437e-04
6.257859640754759312e-04
8.865479030646383762e-04
1.183861517347395420e-03
6.372812204062938690e-04
9.972450789064168930e-04
5.573672242462635040e-04
1.288228668272495270e-03
1.261870260350406170e-03
6.827848264947533607e-04
1.158022321760654449e-03
4.559466906357556581e-04
6.219774368219077587e-04
8.458035881631076336e-04
6.976508884690701962e-04
1.068793819285929203e-03
6.241869996301829815e-04
8.544854936189949512e-04
6.402354338206350803e-04
1.067588338628411293e-03
1.164403860457241535e-03
6.400576676242053509e-04
1.640735426917672157e-04
1.088156364858150482e-03
1.022371114231646061e-03
4.868035030085593462e-04
1.711026998236775398e-04
3.487447975203394890e-05
1.212809438584372401e-04
1.878411130746826530e-04
1.059636924765072763e-04
1.927817211253568530e-04
9.195184975396841764e-05
-2.856985665857791901e-04
-1.061705479514785111e-04
5.876843351870775223e-05
-2.372072231082711369e-05
7.411798287648707628e-05
-5.162539309822022915e-04
-1.179196173325181007e-03
-8.135691168718039989e-04
-5.035191425122320652e-04
-3.079128509853035212e-04
-5.189440562389791012e-04
3.777132860705023631e-06
-2.845135168172419071e-04
-3.113320854026824236e-04
-8.908070740289986134e-04
-3.698932778206653893e-05
-3.738487430382519960e-04
-8.639408624731004238e-04
-2.922981802839785814e-04
-8.795462781563401222e-05
-2.431559405522421002e-04
1.969607110368087888e-04
-1.262897567357867956e-04
-9.183138608932495117e-04
-2.968303160741925240e-03
-2.778352471068501472e-03
-1.610945165157318115e-02
-1.357950549572706223e-02
-2.670156210660934448e-02
-2.935843355953693390e-02
-4.078012704849243164e-02
-5.590522661805152893e-02
-4.507786408066749573e-02
-8.237131685018539429e-02
-4.710638523101806641e-02
-1.009983345866203308e-01
-6.373165547847747803e-02
-1.158469840884208679e-01
-7.180472463369369507e-02
-1.326489448547363281e-01
-7.329459488391876221e-02
-1.386974453926086426e-01
-8.422049134969711304e-02
-1.324631869792938232e-01
-9.728698432445526123e-02
-1.195031106472015381e-01
-9.440889209508895874e-02
-1.128233745694160461e-01
-8.515025675296783447e-02
-1.173946410417556763e-01
-5.647587403655052185e-02
-1.300688236951828003e-01
-3.269413486123085022e-02
-1.179993748664855957e-01
-2.146762236952781677e-02
-1.016162335872650146e-01
-2.883580140769481659e-02
-6.441815197467803955e-02
-3.562826290726661682e-02
-3.949465975165367126e-02
-2.892779372632503510e-02
-1.924907043576240540e-02
-2.703846059739589691e-02
-2.926932880654931068e-03
-9.314775466918945312e-03
-1.215868396684527397e-03
3.393887309357523918e-04
-2.752624568529427052e-04
-2.732073189690709114e-04
4.773151522385887802e-05
-1.397857558913528919e-04
-3.309066232759505510e-05
-3.906943311449140310e-04
4.593330086208879948e-04
4.739301220979541540e-04
1.470628194510936737e-05
-9.646556691222940572e-07
1.139436881203437224e-05
-3.050812811125069857e-04
-7.588075095554813743e-05
-2.153620007447898388e-04
3.608219558373093605e-04
2.072764182230457664e-04
-2.344643917240318842e-06
2.361482911510393023e-04
9.760176908457651734e-05
-2.386269043199717999e-04
-2.870338175853248686e-05
-1.305299429077422246e-05
5.310117194312624633e-05
-6.802265943406382576e-06
-3.817810793407261372e-04
-2.133030502591282129e-04
5.623092292807996273e-04
3.969841636717319489e-04
1.705838221823796630e-04
2.908786700572818518e-04
2.953083094325847924e-05
-1.374160056002438068e-04
1.416096056345850229e-04
-1.318478171015158296e-04
-2.892842749133706093e-04
-9.457424312131479383e-05
-1.644530129851773381e-04
-1.377540756948292255e-04
1.913234154926612973e-04
5.800187354907393456e-04
4.625344881787896156e-04
-4.336790589150041342e-04
-5.858492222614586353e-04
-1.321730669587850571e-04
2.841816749423742294e-04
-3.398035478312522173e-04
1.999429805437102914e-04
-2.406838320894166827e-04
1.229137997142970562e-04
-1.117441352107562125e-04
7.539080979768186808e-05
-1.071610968210734427e-04
-5.936180241405963898e-04
-3.695612249430269003e-04
-2.664170460775494576e-04
-5.948913167230784893e-04
2.621530074975453317e-05
-6.302361725829541683e-05
1.239383891515899450e-05
-3.117861924692988396e-04
-1.946658012457191944e-04
-1.797476870706304908e-04
-1.092035381589084864e-04
-1.418315077899023890e-04
2.031341427937150002e-04
1.897809852380305529e-04
6.301478715613484383e-04
-1.255487295566126704e-04
2.757740148808807135e-04
-1.684553171799052507e-05
-5.318274270393885672e-05
2.131695655407384038e-04
-3.996989107690751553e-05
-4.592267578118480742e-05
2.972158545162528753e-04
-5.563320592045783997e-04
1.068813216988928616e-04
2.444469719193875790e-04
7.408956298604607582e-05
-3.954932981287129223e-05
4.362885665614157915e-04
3.348818863742053509e-04
-1.389570970786735415e-04
4.215110675431787968e-04
1.867694663815200329e-05
-3.808322944678366184e-04
-1.720146246952936053e-04
-1.976912171812728047e-04
-1.611744664842262864e-04
-1.539778168080374599e-04
1.092100937967188656e-04
2.606607158668339252e-04
1.628917962079867721e-04
-3.612789732869714499e-04
1.341112329100724310e-05
-3.959548394050216302e-06
4.832329286728054285e-04
-3.412487858440726995e-04
-5.295542723615653813e-05
1.592929911566898227e-04
5.347598926164209843e-04
6.358492828439921141e-05
2.270062977913767099e-04
3.029306826647371054e-04
1.788068329915404320e-04
1.155392237706109881e-04
3.678134526126086712e-04
4.775291890837252140e-04
-1.558350777486339211e-05
-4.621782863978296518e-04
4.041085776407271624e-04
-6.475934787886217237e-05
