2.449332503601908684e-03
-2.356963814236223698e-04
6.527603545691817999e-05
-1.056645880453288555e-03
2.832575002685189247e-03
2.455453854054212570e-03
-1.725720707327127457e-03
6.203583325259387493e-04
5.932286148890852928e-04
1.045384537428617477e-02
-5.722249858081340790e-03
4.826915974263101816e-04
-1.751873060129582882e-03
-3.418223350308835506e-04
-1.048144535161554813e-03
-4.581092856824398041e-03
-6.075642537325620651e-03
-8.603474125266075134e-03
-2.909431350417435169e-04
3.724626003531739116e-05
-3.346329904161393642e-04
-1.667289761826395988e-03
-1.288184616714715958e-02
-5.520509090274572372e-03
-1.964724157005548477e-03
-3.707598196342587471e-03
1.329751219600439072e-03
-1.324806828051805496e-03
-9.109019301831722260e-04
-3.648894140496850014e-03
-2.269634744152426720e-03
-3.503084415569901466e-03
1.098002656362950802e-03
-1.413796871929662302e-05
5.001206300221383572e-04
-5.313703324645757675e-03
1.347533776424825191e-03
-2.704066038131713867e-02
-3.933036234229803085e-03
-2.967674518004059792e-03
1.597525551915168762e-04
-1.111446064896881580e-03
-4.254913423210382462e-03
-1.216110889799892902e-03
-6.612655241042375565e-03
-9.869303554296493530e-03
-3.190720686689019203e-03
-4.731621127575635910e-03
-4.329275339841842651e-03
-1.007034536451101303e-02
-2.446437953040003777e-03
-5.561002530157566071e-03
-9.756444022059440613e-03
-7.962580770254135132e-03
-1.508286804892122746e-03
-1.629416714422404766e-03
2.725787344388663769e-04
-2.764349337667226791e-03
-1.079718954861164093e-02
-5.267257802188396454e-03
-6.498370785266160965e-03
-1.302157901227474213e-02
-6.347971502691507339e-03
-1.096190698444843292e-02
4.407005384564399719e-03
-3.579959738999605179e-03
-2.642052015289664268e-03
3.967762924730777740e-03
-9.999721078202128410e-04
1.644827425479888916e-03
-3.533925162628293037e-03
-7.094697095453739166e-03
4.520157817751169205e-03
-4.003455489873886108e-02
-4.154544323682785034e-03
-1.620974391698837280e-02
1.827197593229357153e-05
2.555147372186183929e-02
-1.492146495729684830e-02
1.016337703913450241e-02
5.432987585663795471e-03
-3.145790891721844673e-03
-5.223312415182590485e-03
1.611304818652570248e-03
-5.091465543955564499e-03
2.277833176776766777e-03
-3.147789044305682182e-03
4.530585429165512323e-04
1.068839803338050842e-02
2.204989781603217125e-03
7.852269336581230164e-03
-9.214378660544753075e-04
5.714806262403726578e-03
-7.238566409796476364e-03
1.241766847670078278e-02
-7.331285160034894943e-03
-1.585183665156364441e-03
1.711531658656895161e-03
3.851160872727632523e-03
5.263654747977852821e-04
6.870919372886419296e-03
3.262048121541738510e-03
-6.323219742625951767e-03
5.391060374677181244e-03
1.704350463114678860e-03
5.818839650601148605e-03
5.029758904129266739e-03
1.908860169351100922e-02
5.122120678424835205e-02
1.882628537714481354e-02
1.526602823287248611e-02
-1.129777263849973679e-02
7.755079306662082672e-03
5.921738222241401672e-03
9.887152351438999176e-03
2.704441733658313751e-02
8.339634165167808533e-03
-7.838382734917104244e-04
-1.504317484796047211e-02
4.343538545072078705e-03
2.126821130514144897e-02
-4.795435816049575806e-03
3.687727730721235275e-03
3.599744290113449097e-03
1.284286286681890488e-02
6.913991644978523254e-03
1.824908703565597534e-02
1.219531614333391190e-02
-1.325032860040664673e-02
4.169299500063061714e-04
1.337808929383754730e-02
1.416756492108106613e-02
-1.648387499153614044e-02
1.479368936270475388e-02
7.723406888544559479e-03
-1.875233277678489685e-02
-8.687785826623439789e-03
-7.095373701304197311e-03
-1.018111594021320343e-02
-9.599508717656135559e-03
1.171479560434818268e-02
-1.296806707978248596e-02
4.388365428894758224e-03
5.077039822936058044e-02
-1.888808794319629669e-02
-1.049545407295227051e-02
-7.430586498230695724e-03
1.065940689295530319e-02
6.617170292884111404e-04
2.799593098461627960e-02
-7.675380446016788483e-03
4.219655878841876984e-03
1.796512864530086517e-03
1.037924317643046379e-03
-1.148274168372154236e-02
2.262899186462163925e-03
-3.675783053040504456e-02
-1.847610995173454285e-02
-8.899911772459745407e-04
3.673018515110015869e-02
2.028143778443336487e-02
1.553733274340629578e-02
4.666223004460334778e-02
1.402604114264249802e-02
-2.045786380767822266e-02
1.791472174227237701e-02
3.250728547573089600e-02
-1.428827550262212753e-02
2.158813923597335815e-02
3.467365168035030365e-03
3.918275982141494751e-02
-1.773888804018497467e-02
-2.929248474538326263e-02
1.180125772953033447e-02
3.017843887209892273e-02
-3.825057297945022583e-03
5.238789319992065430e-02
2.164768427610397339e-02
2.837416529655456543e-02
-2.536434680223464966e-02
8.119064383208751678e-03
7.598945405334234238e-03
-2.082076243823394179e-04
5.715138837695121765e-02
2.528318017721176147e-02
-1.056664902716875076e-02
-4.893212392926216125e-02
4.310056567192077637e-02
3.694265708327293396e-02
-3.935513086616992950e-03
5.702186003327369690e-02
1.143082417547702789e-02
3.991945087909698486e-02
-2.672391384840011597e-02
-5.872645229101181030e-02
-2.439869567751884460e-02
-3.093474730849266052e-02
3.636403009295463562e-02
1.113569736480712891e-02
-2.943081967532634735e-02
-7.242569327354431152e-02
-1.090633682906627655e-02
-5.713421478867530823e-02
-2.430227957665920258e-02
5.209792777895927429e-02
-3.850382938981056213e-02
-1.006967276334762573e-01
6.256142258644104004e-02
-8.222328871488571167e-02
-1.071619801223278046e-03
-3.575124079361557961e-03
-5.546611268073320389e-03
-1.956385187804698944e-02
1.431497558951377869e-02
2.675782516598701477e-02
-1.525032985955476761e-02
-2.703989483416080475e-02
5.917863175272941589e-02
-2.185375429689884186e-02
-2.569866925477981567e-02
2.391951624304056168e-03
-5.679477751255035400e-02
3.295264020562171936e-02
2.390045672655105591e-02
-2.273448556661605835e-02
8.362939581274986267e-03
-1.534509501652792096e-04
-4.681492969393730164e-02
-3.207332640886306763e-02
3.033420257270336151e-02
2.047075331211090088e-02
4.448424652218818665e-02
-2.701291628181934357e-02
4.886948969215154648e-03
-2.086218632757663727e-02
-5.236659664660692215e-03
1.906966418027877808e-02
2.122551947832107544e-02
2.729945257306098938e-02
-1.599816419184207916e-02
1.890564104542136192e-03
-2.314446866512298584e-02
-2.351975254714488983e-02
7.989719510078430176e-03
1.201318018138408661e-02
-1.282038353383541107e-02
-8.136278949677944183e-03
-1.461874507367610931e-02
-2.410836704075336456e-02
3.462899848818778992e-02
-4.850924946367740631e-03
1.751127280294895172e-02
1.012435369193553925e-02
1.524488325230777264e-03
4.661968443542718887e-03
7.346190512180328369e-03
1.202357746660709381e-02
1.029419712722301483e-02
-8.055602200329303741e-03
-1.002190355211496353e-02
-9.967852383852005005e-03
-1.636583171784877777e-02
-1.007856708019971848e-02
-2.162744989618659019e-03
1.572322659194469452e-02
-2.348270267248153687e-02
7.197556085884571075e-03
2.170514781028032303e-03
1.998082268983125687e-03
-2.946757711470127106e-02
3.545737359672784805e-03
-3.554194467142224312e-03
7.744283415377140045e-03
-7.526714354753494263e-03
-2.853006590157747269e-03
-1.090597361326217651e-02
-1.479818485677242279e-02
-2.506209304556250572e-03
-5.889923125505447388e-02
-8.460550568997859955e-03
-4.708727821707725525e-03
2.308911271393299103e-02
-7.711271755397319794e-04
-1.567384041845798492e-02
-5.722243222407996655e-04
4.724693950265645981e-03
-1.518087694421410561e-03
2.576485043391585350e-03
6.762454286217689514e-03
4.453809931874275208e-03
-1.170788425952196121e-02
-1.172486925497651100e-03
-6.502580363303422928e-03
1.045172847807407379e-02
-1.153731369413435459e-03
-6.563686300069093704e-03
-7.903367280960083008e-03
1.589515712112188339e-03
-7.177525665611028671e-03
-2.839422551915049553e-03
1.595050655305385590e-02
-1.650914316996932030e-03
-3.877724157064221799e-05
1.069368142634630203e-02
-1.155214384198188782e-02
-1.515747234225273132e-02
-4.713303409516811371e-03
8.367610163986682892e-03
1.445357315242290497e-02
-3.514388576149940491e-03
-3.015607828274369240e-03
7.431682664901018143e-03
9.328122250735759735e-03
-3.274374082684516907e-02
7.737560197710990906e-03
-1.022708835080265999e-03
-2.264466136693954468e-03
-3.523714840412139893e-03
-7.278331089764833450e-03
-7.449170108884572983e-03
-3.881324082612991333e-02
-1.588177122175693512e-02
2.687970176339149475e-02
-4.385441541671752930e-03
-5.314877256751060486e-03
1.856264891102910042e-03
-8.216183632612228394e-03
-4.485157318413257599e-03
-1.086259353905916214e-02
-6.201570853590965271e-03
-8.604574017226696014e-03
4.851648409385234118e-04
9.540673345327377319e-03
-7.464203517884016037e-03
-3.889987012371420860e-03
-3.172533120959997177e-03
-6.108556408435106277e-03
1.414984813891351223e-03
2.746348909568041563e-04
-8.069101721048355103e-03
-7.888274267315864563e-03
-3.753580851480364799e-03
2.731986111029982567e-03
-1.138531416654586792e-02
-8.527643978595733643e-03
-5.413569975644350052e-03
-4.498071968555450439e-03
-7.948925718665122986e-03
-6.329936906695365906e-03
-4.854736849665641785e-03
-6.338475272059440613e-03
-1.943640410900115967e-02
-1.064522191882133484e-02
-1.375776156783103943e-02
-3.983630333095788956e-03
-2.535701729357242584e-03
-2.262811409309506416e-03
-2.133574103936553001e-03
-1.466660643927752972e-03
-2.495252992957830429e-03
-3.140114480629563332e-03
-2.984484657645225525e-03
-2.068305155262351036e-03
1.105338428169488907e-02
-3.388363984413444996e-05
-1.840539160184562206e-03
-2.526195254176855087e-03
-7.955342531204223633e-03
-3.281266894191503525e-03
-5.020973272621631622e-03
2.468948019668459892e-03
-4.639169201254844666e-02
-7.344030775129795074e-03
-8.152219466865062714e-03
-5.603092722594738007e-03
-3.082520095631480217e-03
-4.243870265781879425e-03
-2.805282594636082649e-03
-8.851286955177783966e-03
-2.616407582536339760e-03
-4.248808603733778000e-03
-2.762869233265519142e-03
-3.782200627028942108e-03
-1.000008895061910152e-03
-3.896929556503891945e-03
-1.401749905198812485e-03
-1.645221025682985783e-03
-7.168323732912540436e-03
-9.054057300090789795e-03
1.028307015076279640e-03
-4.767192993313074112e-03
-9.922462049871683121e-05
-4.064924549311399460e-03
-2.470522187650203705e-03
-3.546331077814102173e-03
-1.565632526762783527e-03
-1.981341280043125153e-03
1.217492297291755676e-02
-6.703540566377341747e-04
-1.078865607269108295e-03
5.691780243068933487e-03
