-1.449547271477058530e-04
-1.115314080379903316e-04
-2.340184582863003016e-04
-3.286666469648480415e-04
-1.042801450239494443e-04
-3.445720649324357510e-04
-3.368444449733942747e-04
-2.595377154648303986e-04
-4.600921529345214367e-04
-5.473723867908120155e-04
-5.742189241573214531e-04
-5.546216270886361599e-04
-6.926996284164488316e-04
-6.488463259302079678e-04
-7.631648913957178593e-04
-7.377910078503191471e-04
-9.734955965541303158e-04
-9.846847970038652420e-04
-1.041662064380943775e-03
-1.157022779807448387e-03
-1.225063228048384190e-03
-1.357230474241077900e-03
-1.496552373282611370e-03
-1.506211468949913979e-03
-1.590866013430058956e-03
-1.593113644048571587e-03
-1.823700265958905220e-03
-1.930911326780915260e-03
-2.031333046033978462e-03
-2.089926507323980331e-03
-2.169791376218199730e-03
-2.284934045746922493e-03
-2.403938211500644684e-03
-2.489957492798566818e-03
-2.650630194693803787e-03
-2.755885245278477669e-03
-2.872755518183112144e-03
-2.938462421298027039e-03
-3.351372899487614632e-03
-3.130464814603328705e-03
-3.338888054713606834e-03
-3.372018225491046906e-03
-3.389126155525445938e-03
-3.521285718306899071e-03
-3.659019246697425842e-03
-3.816951299086213112e-03
-3.812399227172136307e-03
-3.976772539317607880e-03
-4.101044498383998871e-03
-4.246677737683057785e-03
-4.204087425023317337e-03
-4.392236005514860153e-03
-4.397232551127672195e-03
-4.584178794175386429e-03
-4.614043049514293671e-03
-4.740668460726737976e-03
-4.852870479226112366e-03
-4.960377700626850128e-03
-5.009522195905447006e-03
-4.985982086509466171e-03
-5.219914950430393219e-03
-5.198565777391195297e-03
-5.174792837351560593e-03
-5.116841290146112442e-03
-5.390907637774944305e-03
-5.329549778252840042e-03
-5.321817938238382339e-03
-5.358631722629070282e-03
-5.398401524871587753e-03
-5.481325555592775345e-03
-5.252044647932052612e-03
-5.451402161270380020e-03
-5.519943311810493469e-03
-5.341901909559965134e-03
-5.491183605045080185e-03
-5.362818948924541473e-03
-5.349507089704275131e-03
-5.418504122644662857e-03
-5.278910975903272629e-03
-5.315106362104415894e-03
-5.208034068346023560e-03
-5.070631857961416245e-03
-5.140485707670450211e-03
-5.325040314346551895e-03
-5.222408566623926163e-03
-5.041575990617275238e-03
-5.011277273297309875e-03
-5.085804034024477005e-03
-4.888805095106363297e-03
-4.750238731503486633e-03
-4.884549416601657867e-03
-4.732616245746612549e-03
-4.654468037188053131e-03
-4.724460188299417496e-03
-4.549635574221611023e-03
-4.551970399916172028e-03
-4.476835951209068298e-03
-4.423896316438913345e-03
-4.319040570408105850e-03
-4.281062167137861252e-03
-4.134997725486755371e-03
-4.066151101142168045e-03
-3.959355410188436508e-03
-3.970126155763864517e-03
-3.649686463177204132e-03
-3.439279273152351379e-03
-3.569987369701266289e-03
-3.432557918131351471e-03
-3.344344673678278923e-03
-3.121128771454095840e-03
-2.947325352579355240e-03
-2.719104290008544922e-03
-2.825130941346287727e-03
-2.577488543465733528e-03
-2.069655107334256172e-03
-1.740495557896792889e-03
-1.944688963703811169e-03
-1.456507714465260506e-03
-1.387891825288534164e-03
-9.811550844460725784e-04
-6.265137926675379276e-04
-4.619498213287442923e-04
-2.061534760287031531e-04
1.913523738039657474e-05
5.077867535874247551e-04
3.457599377725273371e-04
7.908137049525976181e-04
1.066309749148786068e-03
1.036074943840503693e-03
1.497203833423554897e-03
1.435585087165236473e-03
1.922308700159192085e-03
2.264612121507525444e-03
2.349623246118426323e-03
2.844303613528609276e-03
2.780781127512454987e-03
2.676028525456786156e-03
3.361052367836236954e-03
3.566985251381993294e-03
3.578976029530167580e-03
3.887846367433667183e-03
4.147514235228300095e-03
4.039497114717960358e-03
4.269380588084459305e-03
5.088774953037500381e-03
5.272401496767997742e-03
5.762665066868066788e-03
5.740673281252384186e-03
6.380236707627773285e-03
6.723465397953987122e-03
7.256648968905210495e-03
7.038113661110401154e-03
7.317549549043178558e-03
7.520174141973257065e-03
8.184839040040969849e-03
8.229746483266353607e-03
8.352394215762615204e-03
8.575022220611572266e-03
9.378382936120033264e-03
9.434775449335575104e-03
9.651473723351955414e-03
9.846521541476249695e-03
8.685143664479255676e-03
9.703956544399261475e-03
9.599118493497371674e-03
9.522234089672565460e-03
9.691038168966770172e-03
9.627502411603927612e-03
9.103103540837764740e-03
8.631302043795585632e-03
7.534685079008340836e-03
6.887932773679494858e-03
6.235061679035425186e-03
5.817658267915248871e-03
4.186840727925300598e-03
3.412393620237708092e-03
2.783453091979026794e-03
1.957003958523273468e-03
2.139590447768568993e-03
3.449700016062706709e-04
-6.520287715829908848e-04
-3.469734510872513056e-04
-2.024454530328512192e-03
-2.779529662802815437e-03
-2.744797617197036743e-03
-2.200087299570441246e-03
4.811239487025886774e-04
5.460470914840698242e-03
1.005889382213354111e-02
1.191040151752531528e-03
-4.106041043996810913e-03
-1.652411743998527527e-02
-5.458608735352754593e-03
2.119031967595219612e-03
-1.870646327733993530e-02
-6.955230142921209335e-03
-8.934631012380123138e-03
4.444665834307670593e-02
4.090546071529388428e-02
1.689351163804531097e-02
-2.425142191350460052e-02
1.613471540622413158e-03
-6.734371650964021683e-03
3.759709000587463379e-02
-2.065486274659633636e-02
3.679676447063684464e-03
-1.503748260438442230e-02
-3.711910219863057137e-03
-7.766379509121179581e-03
-4.375237505882978439e-03
-9.928095154464244843e-03
-1.285069435834884644e-02
-8.564366027712821960e-03
-8.413945906795561314e-04
1.942254486493766308e-03
3.963565919548273087e-03
5.507005378603935242e-03
7.789542898535728455e-03
8.142706938087940216e-03
8.935020305216312408e-03
9.192100726068019867e-03
9.074468165636062622e-03
1.061311271041631699e-02
9.981562383472919464e-03
9.824507869780063629e-03
9.002251550555229187e-03
7.120433263480663300e-03
6.641168612986803055e-03
5.403637420386075974e-03
4.230162594467401505e-03
3.057370427995920181e-03
2.916362602263689041e-03
2.677360316738486290e-03
1.874362700618803501e-03
1.574730966240167618e-03
9.666483965702354908e-04
1.009166822768747807e-03
5.470188916660845280e-04
4.897883045487105846e-04
-2.291545970365405083e-04
-2.196392015321180224e-04
-5.920175462961196899e-04
-1.539635268272832036e-04
-2.195491688326001167e-04
-4.256885149516165257e-04
-9.210774010171007831e-07
-5.184887559153139591e-04
-4.107754502911120653e-04
-4.835870931856334209e-04
-9.942501783370971680e-04
-3.470835217740386724e-04
-5.932708154432475567e-05
-2.068288886221125722e-04
2.816986234392970800e-04
1.954382605617865920e-04
4.660785198211669922e-04
7.533625466749072075e-04
5.947272875346243382e-04
8.820040966384112835e-04
1.037492533214390278e-03
1.052397186867892742e-03
1.310726045630872250e-03
1.405778573825955391e-03
1.915582688525319099e-03
2.047476125881075859e-03
2.072898438200354576e-03
2.144557423889636993e-03
2.278711646795272827e-03
2.913534175604581833e-03
3.189870854839682579e-03
3.203177824616432190e-03
3.434398211538791656e-03
3.767554415389895439e-03
3.878556890413165092e-03
4.246071912348270416e-03
4.586546216160058975e-03
5.080696195363998413e-03
4.885508213192224503e-03
5.560574121773242950e-03
5.982974078506231308e-03
6.044830195605754852e-03
6.374948192387819290e-03
6.728700362145900726e-03
6.721533369272947311e-03
7.122049573808908463e-03
7.488055620342493057e-03
7.625703234225511551e-03
7.750360295176506042e-03
8.140804246068000793e-03
8.151242509484291077e-03
8.371309377253055573e-03
8.537905290722846985e-03
8.690240792930126190e-03
8.908431977033615112e-03
8.918507955968379974e-03
9.162266738712787628e-03
9.044935926795005798e-03
9.169477038085460663e-03
9.167265146970748901e-03
9.379547089338302612e-03
9.443701244890689850e-03
9.518618695437908173e-03
9.353319182991981506e-03
9.605608880519866943e-03
9.441432543098926544e-03
9.660419076681137085e-03
9.645644575357437134e-03
9.630825370550155640e-03
9.859544225037097931e-03
9.632111527025699615e-03
9.933697991073131561e-03
9.781821630895137787e-03
9.559077210724353790e-03
9.625650942325592041e-03
9.719738736748695374e-03
9.654900059103965759e-03
9.758324362337589264e-03
9.624832309782505035e-03
9.658256545662879944e-03
9.446416050195693970e-03
9.603090584278106689e-03
9.522172622382640839e-03
9.433683007955551147e-03
9.355066344141960144e-03
9.550500661134719849e-03
9.282733313739299774e-03
9.045539423823356628e-03
9.080298244953155518e-03
8.979775942862033844e-03
8.998530916869640350e-03
9.041934274137020111e-03
8.753492496907711029e-03
8.619748987257480621e-03
8.630843833088874817e-03
8.455487899482250214e-03
8.376498706638813019e-03
8.421359583735466003e-03
8.225082419812679291e-03
8.133540861308574677e-03
7.921643555164337158e-03
7.830508984625339508e-03
7.761431857943534851e-03
7.509625982493162155e-03
7.328880019485950470e-03
7.236168719828128815e-03
7.110832724720239639e-03
7.134377025067806244e-03
6.890522781759500504e-03
6.608622148633003235e-03
6.412668153643608093e-03
6.328340619802474976e-03
6.206211168318986893e-03
5.990830250084400177e-03
5.808048415929079056e-03
5.758986342698335648e-03
5.459625739604234695e-03
5.326803773641586304e-03
5.104172043502330780e-03
5.179466679692268372e-03
4.834555089473724365e-03
4.689868539571762085e-03
4.469247069209814072e-03
4.388413392007350922e-03
4.218242596834897995e-03
4.112503491342067719e-03
3.945291507989168167e-03
3.696945961564779282e-03
3.429809119552373886e-03
3.543942933902144432e-03
3.344825934618711472e-03
3.176589263603091240e-03
2.920218743383884430e-03
2.741483040153980255e-03
2.773165004327893257e-03
2.537532476708292961e-03
2.466737525537610054e-03
2.406034618616104126e-03
2.130211330950260162e-03
2.239318331703543663e-03
1.875114627182483673e-03
1.883888617157936096e-03
1.708217430859804153e-03
1.519469078630208969e-03
1.428785617463290691e-03
1.476545236073434353e-03
1.339800423011183739e-03
1.198716461658477783e-03
1.205197069793939590e-03
1.123875495977699757e-03
1.033685170114040375e-03
8.931856718845665455e-04
7.346794009208679199e-04
7.911864668130874634e-04
6.248772842809557915e-04
5.316907190717756748e-04
5.166542832739651203e-04
5.038550007157027721e-04
3.670933656394481659e-04
2.420047821942716837e-04
3.959222813136875629e-04
2.465205034241080284e-04
