-7.296687457710504532e-03
1.820067502558231354e-02
-5.803465843200683594e-02
-2.131510758772492409e-03
2.625782601535320282e-02
-1.281423773616552353e-02
-7.321308366954326630e-03
1.960501633584499359e-02
2.852452546358108521e-02
-1.124434731900691986e-02
-3.642706573009490967e-02
4.127125069499015808e-02
-1.906507648527622223e-02
2.949362806975841522e-02
-3.336721286177635193e-02
-2.690442837774753571e-03
-3.276783227920532227e-02
-5.679959803819656372e-02
2.493142336606979370e-02
-6.731212884187698364e-02
4.498974978923797607e-02
4.422309994697570801e-02
-6.029332987964153290e-03
-5.590603221207857132e-03
6.285708397626876831e-02
-2.165506780147552490e-02
3.241098672151565552e-02
-7.564697414636611938e-03
-8.913454948924481869e-04
-4.605131223797798157e-02
3.801405837293714285e-04
3.979172091931104660e-03
2.285038866102695465e-02
-7.367247343063354492e-02
5.896628275513648987e-02
-7.458063215017318726e-02
-2.868815138936042786e-02
3.495754301548004150e-02
-5.164078436791896820e-03
-1.311484072357416153e-02
1.196327060461044312e-02
1.975439226953312755e-04
1.721574924886226654e-02
-3.274389018770307302e-04
-2.445162972435355186e-04
3.293968737125396729e-03
4.069402813911437988e-02
2.811872214078903198e-02
-3.330420702695846558e-02
1.578784175217151642e-02
-2.773053012788295746e-03
1.412757392972707748e-02
-5.427007749676704407e-02
6.330396048724651337e-03
3.801476850640028715e-04
2.838624641299247742e-02
3.788902983069419861e-02
1.746300957165658474e-03
6.622765958309173584e-02
5.048206076025962830e-04
-4.289186908863484859e-04
1.670175418257713318e-02
3.265000879764556885e-02
9.418550133705139160e-02
1.501607039244845510e-04
5.563865229487419128e-02
2.823195653036236763e-03
1.045043114572763443e-02
6.983184721320867538e-04
5.902403220534324646e-02
6.829209625720977783e-02
2.247444726526737213e-02
1.590957678854465485e-02
7.004084438085556030e-02
6.477907299995422363e-02
7.049253582954406738e-02
3.978508710861206055e-02
2.521360479295253754e-02
2.294528111815452576e-02
8.199354261159896851e-02
1.063385326415300369e-02
-1.725021935999393463e-02
2.312728017568588257e-02
9.628185629844665527e-02
3.945118188858032227e-02
6.571419537067413330e-02
5.545235052704811096e-02
8.152718842029571533e-02
1.040021628141403198e-01
7.402545306831598282e-03
5.214700475335121155e-02
4.345272853970527649e-02
1.223445609211921692e-01
-6.174362264573574066e-03
6.009902432560920715e-02
3.642381727695465088e-02
8.985328674316406250e-02
3.393377363681793213e-02
1.519344933331012726e-02
1.220050174742937088e-02
1.000194326043128967e-01
7.206847518682479858e-02
5.273997411131858826e-02
1.280720382928848267e-01
5.066131427884101868e-02
5.359034985303878784e-02
7.622157782316207886e-02
1.414163410663604736e-02
7.763890177011489868e-02
2.155777812004089355e-02
8.479109406471252441e-02
5.654645338654518127e-02
5.548975616693496704e-02
4.949941113591194153e-02
1.907002925872802734e-02
2.900925278663635254e-02
1.775393448770046234e-02
1.234557628631591797e-01
7.315193116664886475e-02
-5.690030753612518311e-03
1.149568427354097366e-02
3.728331252932548523e-02
-7.120384834706783295e-04
5.580801144242286682e-02
1.977489143610000610e-02
4.485315084457397461e-02
5.150240659713745117e-02
9.158415347337722778e-02
7.175762206315994263e-02
1.718025282025337219e-02
-8.569469302892684937e-02
7.523245364427566528e-02
1.322455257177352905e-01
6.884969770908355713e-02
5.512596666812896729e-02
9.509186446666717529e-02
6.452806293964385986e-02
2.478765882551670074e-02
2.037491090595722198e-02
7.279326207935810089e-03
-1.790214329957962036e-02
-3.505993168801069260e-03
7.505647838115692139e-02
2.130931988358497620e-02
8.056540042161941528e-03
7.727037370204925537e-02
6.034353375434875488e-02
2.507758140563964844e-02
3.394749388098716736e-02
4.059412702918052673e-02
8.721924573183059692e-02
2.927028387784957886e-02
5.854031443595886230e-02
7.391995936632156372e-02
1.784890331327915192e-02
2.443412132561206818e-02
5.151331052184104919e-02
1.133772172033786774e-02
3.283040225505828857e-02
7.139801979064941406e-02
7.104942202568054199e-02
-3.859228687360882759e-03
6.667620618827641010e-04
-2.167208865284919739e-02
4.363988712430000305e-02
-2.153297513723373413e-02
-2.832950837910175323e-02
-7.879239507019519806e-03
1.060716733336448669e-01
-7.529662549495697021e-02
-5.351632833480834961e-02
3.655123338103294373e-02
-4.170719534158706665e-02
-1.009359676390886307e-02
8.119416423141956329e-03
-6.448978930711746216e-02
-2.624510601162910461e-02
4.609842225909233093e-02
4.437197372317314148e-02
-9.052085690200328827e-03
4.851072560995817184e-03
-3.398783504962921143e-02
1.028444245457649231e-01
2.647480927407741547e-02
1.081403158605098724e-02
-7.693584263324737549e-02
5.917600821703672409e-03
-4.193823318928480148e-03
-4.405532777309417725e-02
3.830930218100547791e-02
-4.747529514133930206e-03
4.565763473510742188e-02
5.124884657561779022e-03
2.356003783643245697e-02
-2.712212689220905304e-02
3.590149432420730591e-02
4.973343759775161743e-02
3.132269531488418579e-02
-9.593069553375244141e-03
-3.171544894576072693e-02
-6.444004178047180176e-02
6.246757693588733673e-03
5.583302583545446396e-03
-5.482945963740348816e-02
6.650629639625549316e-02
1.971184462308883667e-02
-1.865134984254837036e-01
5.040884716436266899e-04
-1.547138839960098267e-01
6.836198735982179642e-03
-3.112114267423748970e-03
1.988311856985092163e-02
2.500330656766891479e-02
4.305909387767314911e-03
7.464014925062656403e-03
-8.884453773498535156e-02
4.524679854512214661e-02
3.768476843833923340e-02
-8.208032697439193726e-03
-1.710948161780834198e-02
-2.419464755803346634e-03
2.019488066434860229e-02
7.265534996986389160e-02
1.072215959429740906e-01
7.507278583943843842e-03
6.535904109477996826e-02
4.920559003949165344e-03
4.437585175037384033e-02
-1.521235983818769455e-02
-4.425922408699989319e-02
-8.617150783538818359e-02
1.210403908044099808e-02
8.663606643676757812e-02
1.090704277157783508e-01
1.269211247563362122e-02
1.017233915627002716e-02
-1.214601751416921616e-02
2.070054039359092712e-02
-1.661098562180995941e-02
1.329062730073928833e-01
-3.241883218288421631e-02
-3.804001584649085999e-02
7.365310937166213989e-02
-7.358613424003124237e-03
-4.053023084998130798e-02
1.189166866242885590e-02
-2.090465091168880463e-02
-2.635174803435802460e-02
4.984134808182716370e-02
1.616960950195789337e-02
4.646882787346839905e-02
4.227823019027709961e-02
-1.970017142593860626e-02
2.571467682719230652e-02
1.390108838677406311e-02
9.494733810424804688e-02
-3.914583940058946609e-04
2.121254801750183105e-03
1.420171651989221573e-02
3.046599403023719788e-02
-2.724163047969341278e-02
4.933671653270721436e-02
-8.407547138631343842e-03
-2.396758645772933960e-03
6.066288799047470093e-03
-4.834053665399551392e-02
7.615340501070022583e-02
5.014926940202713013e-02
3.790153563022613525e-02
1.096724122762680054e-01
-1.316627021878957748e-02
7.429669797420501709e-02
7.315602153539657593e-02
1.130166500806808472e-01
-1.075461134314537048e-02
1.229052990674972534e-01
7.072459161281585693e-02
8.561668545007705688e-02
1.223659235984086990e-02
3.350114077329635620e-02
6.729821115732192993e-02
7.905054092407226562e-02
1.137944310903549194e-02
6.730271130800247192e-02
6.362553685903549194e-02
3.085830062627792358e-02
4.319886863231658936e-02
-1.559632271528244019e-02
4.940693080425262451e-02
5.984227359294891357e-02
8.207606524229049683e-02
1.120068654417991638e-01
5.004866793751716614e-02
9.557133167982101440e-02
1.042347475886344910e-01
3.379562124609947205e-02
7.739841938018798828e-02
1.169751361012458801e-01
-5.048161745071411133e-02
4.988464340567588806e-02
-4.063604772090911865e-02
-1.165186287835240364e-03
9.047438949346542358e-02
-2.226537466049194336e-02
2.576324343681335449e-02
1.079762540757656097e-02
7.146346848458051682e-03
2.139529585838317871e-02
5.684052407741546631e-02
2.260092832148075104e-02
8.718017488718032837e-02
2.633438445627689362e-02
1.697475090622901917e-02
6.695263832807540894e-02
3.006450273096561432e-02
9.081088006496429443e-03
5.040732026100158691e-02
2.503229491412639618e-02
-9.247226640582084656e-03
1.117981448769569397e-01
-3.266736492514610291e-02
8.101838640868663788e-03
7.701151818037033081e-02
1.281605213880538940e-01
-3.393826633691787720e-02
2.731349691748619080e-02
-4.386602342128753662e-02
4.707679618149995804e-03
5.066411569714546204e-02
-2.908149617724120617e-04
1.002505272626876831e-01
2.904198691248893738e-02
6.516271829605102539e-02
3.215214703232049942e-03
4.187091439962387085e-02
8.777136355638504028e-02
4.733231291174888611e-02
5.616656318306922913e-02
1.174818826257251203e-04
1.978081651031970978e-03
-1.212716195732355118e-02
4.584337584674358368e-03
3.373512253165245056e-02
7.387237250804901123e-02
2.337883785367012024e-02
3.713188227266073227e-03
1.220287289470434189e-02
2.728993445634841919e-02
1.897700829431414604e-03
-3.598754107952117920e-02
-6.782873999327421188e-03
4.975375533103942871e-02
9.681212902069091797e-02
3.594182198867201805e-04
2.057228982448577881e-02
5.821122787892818451e-03
2.606934681534767151e-02
1.187445223331451416e-02
6.699965451844036579e-04
4.459033079911023378e-04
6.682077795267105103e-02
-2.418836578726768494e-03
7.084722071886062622e-02
8.747071959078311920e-03
1.689764030743390322e-05
-5.629505030810832977e-04
2.004498237511143088e-04
-4.753370583057403564e-02
-1.470551796955987811e-04
-3.070685826241970062e-02
1.565279066562652588e-02
8.974238298833370209e-03
-1.618329065422585700e-06
4.083795065525919199e-04
-1.846754341386258602e-03
3.686806932091712952e-02
1.194981299340724945e-02
-2.743284031748771667e-02
-3.841551369987428188e-04
-1.718965475447475910e-03
-4.662648588418960571e-02
-9.432561695575714111e-03
-1.749880984425544739e-02
4.182417760603129864e-04
4.464791715145111084e-02
-5.816197022795677185e-03
2.148887701332569122e-02
-2.209454402327537537e-02
9.303405880928039551e-03
-1.829984830692410469e-03
-2.234252355992794037e-02
1.130011957138776779e-02
4.885435849428176880e-02
-3.796029835939407349e-02
-3.235965222120285034e-02
2.241789363324642181e-02
-2.388540888205170631e-03
-1.260998286306858063e-02
-6.271550431847572327e-03
-1.845208555459976196e-02
-3.720853710547089577e-03
