1.407810603268444538e-03
9.056636481545865536e-04
3.617923648562282324e-04
8.537963731214404106e-04
4.913837765343487263e-04
6.484851473942399025e-04
4.828654928132891655e-04
9.902917081490159035e-04
3.135467995889484882e-04
8.525452576577663422e-04
-3.746268703253008425e-05
1.355733373202383518e-03
1.659087720327079296e-03
8.106066961772739887e-04
3.628628910519182682e-04
4.772437096107751131e-04
5.767724942415952682e-04
2.325079694855958223e-04
9.845715248957276344e-04
7.279437850229442120e-04
8.074591169133782387e-04
2.367228153161704540e-04
6.742046680301427841e-04
9.057358256541192532e-04
5.600346485152840614e-04
7.643449935130774975e-04
1.730076852254569530e-03
8.334075682796537876e-04
8.472818299196660519e-04
7.066284888423979282e-04
1.074529020115733147e-03
1.347075914964079857e-03
4.835981235373765230e-04
7.629846222698688507e-04
6.307096336968243122e-04
9.885161416605114937e-04
5.242102197371423244e-04
3.353260399308055639e-04
4.584097478073090315e-04
6.344886496663093567e-04
1.293466659262776375e-03
1.063185394741594791e-03
1.107887015677988529e-03
4.507124249357730150e-04
7.758720894344151020e-04
5.015290225856006145e-04
7.807632209733128548e-04
5.717630265280604362e-04
1.088715624064207077e-03
7.798479055054485798e-04
8.204334881156682968e-04
8.132642833516001701e-04
7.791482494212687016e-04
7.857328746467828751e-04
1.000604359433054924e-03
1.264633494429290295e-03
5.433341138996183872e-04
7.871462730690836906e-04
1.086808042600750923e-03
5.877857911400496960e-04
8.171632653102278709e-04
9.856306714937090874e-04
1.016042195260524750e-03
7.147469441406428814e-04
9.042824967764317989e-04
9.986793156713247299e-04
8.686690707691013813e-04
1.121968845836818218e-03
1.025910954922437668e-03
1.020586816594004631e-03
1.243365230038762093e-03
6.627346738241612911e-04
1.200264669023454189e-03
8.338984334841370583e-04
9.243347449228167534e-04
4.566454153973609209e-04
1.237110991496592760e-04
6.136829033493995667e-04
1.326108118519186974e-03
9.016197873279452324e-04
1.090615405701100826e-03
9.102259064093232155e-04
9.981611510738730431e-04
1.318650436587631702e-03
1.198713434860110283e-03
9.765007416717708111e-04
1.189008238725364208e-03
1.033691340126097202e-03
6.509080412797629833e-04
6.305656279437243938e-04
4.340036539360880852e-04
1.231965841725468636e-03
1.108279102481901646e-03
1.037904061377048492e-03
8.180835866369307041e-04
9.408278856426477432e-04
9.037608397193253040e-04
7.023047073744237423e-04
1.222276478074491024e-03
9.990632534027099609e-04
5.602244054898619652e-04
4.473406297620385885e-04
3.964003699366003275e-04
8.049703319557011127e-04
1.028728554956614971e-03
1.443213666789233685e-03
1.193457748740911484e-03
5.096003878861665726e-04
9.265670669265091419e-04
1.574974041432142258e-03
9.392463252879679203e-04
8.999600540846586227e-04
1.124100177548825741e-03
9.608330437913537025e-04
1.138012856245040894e-03
1.858714036643505096e-02
2.329293172806501389e-03
2.544442005455493927e-02
1.561478618532419205e-02
3.023006580770015717e-02
2.585484273731708527e-02
4.176991060376167297e-02
4.405794292688369751e-02
4.682600498199462891e-02
6.391146779060363770e-02
5.310821905732154846e-02
6.525486707687377930e-02
8.012516051530838013e-02
6.469621509313583374e-02
1.016473248600959778e-01
6.966315209865570068e-02
9.589868783950805664e-02
9.601461142301559448e-02
9.026876091957092285e-02
1.088722199201583862e-01
9.192181378602981567e-02
1.056283041834831238e-01
1.012799218297004700e-01
1.118248999118804932e-01
9.167031943798065186e-02
1.162279546260833740e-01
8.509259670972824097e-02
1.017356589436531067e-01
8.350027352571487427e-02
8.664919435977935791e-02
7.389956712722778320e-02
7.064915448427200317e-02
6.841372698545455933e-02
5.171868950128555298e-02
5.680807679891586304e-02
3.750576078891754150e-02
3.730767592787742615e-02
2.911249175667762756e-02
2.094816230237483978e-02
2.464798279106616974e-02
3.731826320290565491e-03
6.929167546331882477e-03
2.887966576963663101e-03
1.113875652663409710e-03
1.181621104478836060e-03
9.516807040199637413e-04
1.078475732356309891e-03
7.840555626899003983e-04
8.227247162722051144e-04
1.486417371779680252e-03
1.232503564096987247e-03
9.722651448100805283e-04
9.431620128452777863e-04
1.066481810994446278e-03
1.327723963186144829e-03
1.042281393893063068e-03
1.346575794741511345e-03
1.150258001871407032e-03
7.327827624976634979e-04
1.338297850452363491e-03
9.930598316714167595e-04
1.226584077812731266e-03
8.908355957828462124e-04
6.233687163330614567e-04
7.110607111826539040e-04
9.518030565232038498e-04
4.524167452473193407e-04
4.616592486854642630e-04
5.417342763394117355e-04
3.733614867087453604e-04
1.011237909551709890e-04
-2.633350231917575002e-05
3.992400888819247484e-04
5.281270714476704597e-04
1.485826942371204495e-05
1.575905625941231847e-04
2.612071402836591005e-04
-9.559764293953776360e-06
2.531758509576320648e-04
3.213773015886545181e-04
5.848131841048598289e-04
4.732985107693821192e-04
2.976396353915333748e-04
-6.478110299212858081e-05
5.237418808974325657e-04
1.738743623718619347e-03
7.953284657560288906e-04
-3.285633647465147078e-05
-3.646528930403292179e-04
5.176914855837821960e-04
6.596833118237555027e-04
9.859225974651053548e-05
3.616688481997698545e-04
-2.711533452384173870e-04
-2.006776594498660415e-05
6.495717389043420553e-05
2.962381695397198200e-04
3.737590304808691144e-05
1.958097418537363410e-04
4.692804359365254641e-04
6.074708071537315845e-04
5.965174641460180283e-04
5.901379336137324572e-05
7.118158973753452301e-04
1.048231380991637707e-03
1.057118410244584084e-03
6.079810555092990398e-04
9.973024716600775719e-04
7.804003544151782990e-04
9.575673611834645271e-04
8.292366401292383671e-04
8.792981971055269241e-04
1.218618359416723251e-03
1.099738059565424919e-03
6.925801862962543964e-04
9.845014428719878197e-04
1.210309914313256741e-03
9.582497295923531055e-04
7.853927672840654850e-04
9.567419765517115593e-04
1.218531280755996704e-03
9.035465773195028305e-04
1.131705590523779392e-03
1.507665263488888741e-03
1.214893767610192299e-03
1.145142596215009689e-03
1.152950339019298553e-03
1.800169120542705059e-03
1.618417212739586830e-03
7.653142791241407394e-03
2.085541374981403351e-03
2.629590779542922974e-02
1.258448883891105652e-02
3.780263662338256836e-02
3.488864749670028687e-02
4.094914719462394714e-02
5.926628783345222473e-02
4.651640728116035461e-02
7.479703426361083984e-02
6.544358283281326294e-02
8.249242603778839111e-02
8.549910783767700195e-02
7.409332692623138428e-02
1.188166812062263489e-01
7.136133313179016113e-02
1.182580292224884033e-01
9.057009965181350708e-02
1.116766482591629028e-01
1.017139926552772522e-01
1.070848256349563599e-01
9.808123111724853516e-02
1.054224520921707153e-01
9.407150745391845703e-02
8.707138895988464355e-02
1.103877350687980652e-01
6.093206256628036499e-02
1.221472844481468201e-01
3.672125563025474548e-02
1.150254830718040466e-01
2.933519892394542694e-02
9.838258475065231323e-02
2.433875203132629395e-02
7.300870865583419800e-02
2.793088555335998535e-02
3.922872245311737061e-02
4.727816581726074219e-02
1.310229999944567680e-03
4.884757846593856812e-02
1.471496303565800190e-03
3.903473168611526489e-02
1.128102536313235760e-03
1.273014117032289505e-02
1.586546539328992367e-03
1.352867344394326210e-03
1.767166308127343655e-03
9.433279628865420818e-04
1.156532671302556992e-03
9.822677820920944214e-04
1.206018379889428616e-03
1.592677203007042408e-03
8.845151169225573540e-04
8.439553785137832165e-04
8.674304117448627949e-04
8.763427613303065300e-04
6.659076316282153130e-04
5.024305428378283978e-04
8.078918908722698689e-04
5.593353416770696640e-04
1.107902382500469685e-03
1.447124523110687733e-03
1.391112105920910835e-03
1.157358987256884575e-03
9.750034078024327755e-04
7.426872616633772850e-04
1.098355976864695549e-03
1.291846507228910923e-03
1.077197608537971973e-03
6.225961260497570038e-04
8.192714885808527470e-04
1.193138537928462029e-03
1.208910951390862465e-03
1.018919982016086578e-03
5.725866649299860001e-04
1.308121485635638237e-03
9.597809403203427792e-04
1.317326095886528492e-03
1.050414750352501869e-03
6.465803598985075951e-04
7.276202668435871601e-04
1.151379081420600414e-03
1.337737659923732281e-03
1.006365404464304447e-03
6.648058188147842884e-04
9.210700518451631069e-04
2.799974754452705383e-04
9.089915547519922256e-04
7.531913579441606998e-04
9.946495993062853813e-04
1.139822299592196941e-03
6.539077730849385262e-04
9.406807948835194111e-04
9.184097289107739925e-04
1.050875638611614704e-03
6.304223206825554371e-04
7.383637712337076664e-04
6.951537216082215309e-04
1.137643703259527683e-03
4.478835326153784990e-04
4.226948367431759834e-04
8.791013970039784908e-04
8.132128859870135784e-04
7.498615304939448833e-04
3.367108874954283237e-04
1.243839506059885025e-03
2.861658576875925064e-04
7.438343018293380737e-04
5.130415083840489388e-04
1.206578686833381653e-03
7.790371892042458057e-04
9.661773219704627991e-04
7.755052065476775169e-04
6.985067157074809074e-04
9.741877438500523567e-04
3.123125934507697821e-04
5.410499870777130127e-04
7.617037044838070869e-04
1.140838372521102428e-03
9.976516012102365494e-04
6.696172640658915043e-04
7.416204898618161678e-04
1.011225627735257149e-03
3.363879222888499498e-04
1.148821786046028137e-03
1.065377844497561455e-03
7.038147887215018272e-04
1.032140920870006084e-03
1.480742590501904488e-03
8.347986731678247452e-04
8.556736866012215614e-04
1.033470383845269680e-03
7.632481283508241177e-04
5.844979314133524895e-04
5.912453634664416313e-04
1.301291049458086491e-03
3.770518524106591940e-04
6.095194839872419834e-04
6.172964931465685368e-04
5.338840419426560402e-04
1.096349093131721020e-03
7.218720857053995132e-04
1.025102916173636913e-03
8.626094204373657703e-04
1.443261397071182728e-03
1.378102693706750870e-03
8.608416537754237652e-04
1.106133218854665756e-03
5.918135866522789001e-04
5.824326071888208389e-04
1.043143216520547867e-03
6.676755147054791451e-04
8.541645947843790054e-04
4.743151366710662842e-04
8.469451568089425564e-04
9.837493998929858208e-04
9.901772718876600266e-04
9.667288395576179028e-04
