7.993460167199373245e-04
5.728740361519157887e-04
1.155655365437269211e-03
6.930832751095294952e-04
5.984540912322700024e-04
6.295852363109588623e-04
2.517355314921587706e-04
8.959757396951317787e-04
2.565346076153218746e-04
6.959454040043056011e-04
-4.762935986946104094e-06
6.526192737510427833e-05
-2.032067095569800586e-05
5.008762818761169910e-04
4.699857381638139486e-04
3.448819334153085947e-04
5.097074335935758427e-06
1.639543188503012061e-04
8.435311610810458660e-04
2.806992270052433014e-04
1.620989496586844325e-04
3.826296888291835785e-04
1.311152482230681926e-05
-1.267125335289165378e-04
6.398896803148090839e-04
6.654055323451757431e-04
-9.769035386852920055e-06
2.477203088346868753e-04
3.314687928650528193e-04
1.533549511805176735e-04
8.150235516950488091e-04
4.315349506214261055e-04
5.112459766678512096e-04
-1.653010112931951880e-04
6.301020621322095394e-04
2.300308988196775317e-04
1.368130906485021114e-04
-9.488820069236680865e-05
-6.544966890942305326e-05
3.051257226616144180e-04
1.559838565299287438e-04
7.407213706756010652e-05
9.181149653159081936e-04
4.585745336953550577e-04
-2.784578246064484119e-04
-3.068819059990346432e-04
9.362120181322097778e-05
3.445855400059372187e-04
1.420529879396781325e-04
1.827098749345168471e-04
-8.148929919116199017e-04
3.538012679200619459e-04
-3.761990228667855263e-04
-3.769598260987550020e-04
2.224397612735629082e-04
6.137053424026817083e-05
-3.042420139536261559e-04
-1.010523646982619539e-05
-2.316593599971383810e-04
-1.115525301429443061e-04
-4.097664714208804071e-05
-2.578447165433317423e-04
3.053488326258957386e-04
-1.607111335033550858e-05
2.800107176881283522e-04
1.925712131196632981e-04
1.328993967035785317e-04
-1.556590432301163673e-04
2.290994962095282972e-05
-4.777899594046175480e-04
-4.416267038322985172e-04
-1.755890843924134970e-04
6.377825047820806503e-05
-3.734019119292497635e-04
-9.485954069532454014e-05
-3.414606544538401067e-05
-2.952382201328873634e-04
1.281021832255646586e-05
2.255350264022126794e-04
3.384044393897056580e-04
-3.020658914465457201e-04
-2.228699595434591174e-04
-3.226697153877466917e-04
-8.062172855716198683e-05
-1.114437254727818072e-04
-2.700519107747823000e-04
-1.838233135640621185e-02
-5.271396366879343987e-04
-5.995542742311954498e-04
-1.608269085409119725e-04
-7.267450913786888123e-03
-3.489433438517153263e-04
-1.126695773564279079e-03
-9.203911758959293365e-03
-2.857889339793473482e-04
-3.863371163606643677e-02
-4.813601553905755281e-04
-3.419567272067070007e-02
-1.328826765529811382e-04
-6.482463330030441284e-02
-1.179824676364660263e-02
-8.006679709069430828e-04
-4.856453090906143188e-02
-3.949128731619566679e-04
-6.462457776069641113e-02
-3.707277937792241573e-04
-5.977823212742805481e-02
-1.740345172584056854e-02
-6.708959490060806274e-02
-2.060009574051946402e-04
-8.480005711317062378e-02
-1.539945788681507111e-02
-7.580731809139251709e-02
-1.501063816249370575e-02
-8.308517932891845703e-02
-3.184698894619941711e-02
-5.768019706010818481e-02
-8.518528938293457031e-02
-2.329357666894793510e-03
-1.058071553707122803e-01
-3.007751703262329102e-02
-5.827931314706802368e-02
-9.040450304746627808e-02
-2.940950728952884674e-02
-7.768515497446060181e-02
-7.586897909641265869e-02
-3.497648611664772034e-02
-7.306373119354248047e-02
-6.155728548765182495e-02
-8.968669176101684570e-02
-4.660458117723464966e-02
-4.288086295127868652e-02
-9.845773875713348389e-02
-4.161731526255607605e-02
-5.776968598365783691e-02
-8.944058418273925781e-02
-3.123321384191513062e-02
-8.653823286294937134e-02
-4.270421713590621948e-02
-6.664013117551803589e-02
-3.310803696513175964e-02
-7.132325321435928345e-02
-2.059889957308769226e-02
-9.049395471811294556e-02
-1.227434258908033371e-02
-7.406719028949737549e-02
-1.404999848455190659e-02
-6.696475297212600708e-02
-2.831853367388248444e-02
-2.734627760946750641e-02
-4.477272182703018188e-02
-1.047498546540737152e-02
-4.025512933731079102e-02
-5.015210248529911041e-03
-3.241678699851036072e-02
-2.262067981064319611e-03
-2.817990630865097046e-02
-9.833804331719875336e-03
-5.866016726940870285e-04
-2.391341514885425568e-02
-1.256336690858006477e-04
-1.970360288396477699e-03
-3.793885465711355209e-03
-1.200225786305963993e-03
-2.555001701693981886e-04
-2.792233135551214218e-04
-7.071759318932890892e-04
-3.664683899842202663e-04
-4.963764222338795662e-04
-2.553679514676332474e-04
-2.184514887630939484e-04
5.698140012100338936e-05
1.035047353070694953e-05
-5.719620457966811955e-05
-1.282606681343168020e-04
-2.241942420369014144e-04
1.378281885990872979e-04
7.683677540626376867e-05
7.105161785148084164e-05
2.226930955657735467e-04
2.376705378992483020e-04
2.803253300953656435e-04
3.241712984163314104e-04
3.827075706794857979e-04
3.006871556863188744e-04
1.892872387543320656e-04
2.037203375948593020e-04
3.418288542889058590e-04
5.074653890915215015e-04
5.206619971431791782e-04
4.600350512191653252e-04
5.249762907624244690e-04
5.282275960780680180e-04
2.176524285459890962e-04
3.302165423519909382e-04
5.267203086987137794e-04
5.423618713393807411e-04
2.795202890411019325e-04
3.761239640880376101e-04
9.089685045182704926e-04
8.695743163116276264e-04
8.565524476580321789e-04
5.383063107728958130e-04
3.236003394704312086e-04
1.846215745899826288e-04
1.718533021630719304e-04
4.249676421750336885e-04
4.666908935178071260e-04
6.522409385070204735e-04
5.164980539120733738e-04
4.528810095507651567e-04
4.834716964978724718e-04
9.154817234957590699e-05
4.807686127605848014e-05
6.079913873691111803e-05
1.725727925077080727e-04
3.410203207749873400e-04
6.196661706781014800e-05
4.162263940088450909e-04
5.205879569984972477e-04
7.153117621783167124e-05
-1.638748653931543231e-05
8.157639967976137996e-05
2.407238789601251483e-04
2.052029012702405453e-04
1.914144086185842752e-04
1.280761644011363387e-04
1.381982438033446670e-04
5.387081546359695494e-05
-5.429468001239001751e-05
-9.153758583124727011e-05
-4.781894313055090606e-05
-1.723601599223911762e-04
-1.342020987067371607e-04
-5.364386597648262978e-04
-5.630177911370992661e-04
-8.918111416278406978e-05
-7.126305135898292065e-04
-9.737111395224928856e-04
-9.370485320687294006e-03
-1.149290590547025204e-03
-1.439276617020368576e-02
-8.137234486639499664e-03
-2.526110329199582338e-04
-4.848138988018035889e-02
-3.551961854100227356e-03
-1.392008271068334579e-02
-2.974355034530162811e-02
-2.236665971577167511e-02
-2.131133899092674255e-02
-4.407121986150741577e-02
-1.225287746638059616e-02
-5.439839139580726624e-02
-3.558453917503356934e-02
-4.376468434929847717e-02
-2.508919872343540192e-02
-6.904151290655136108e-02
-3.267925977706909180e-02
-4.675807431340217590e-02
-5.881658196449279785e-02
-6.673993915319442749e-02
-3.140965104103088379e-02
-7.568362355232238770e-02
-5.276487767696380615e-02
-5.729153007268905640e-02
-7.000146061182022095e-02
-5.450301244854927063e-02
-7.446211576461791992e-02
-4.674322903156280518e-02
-7.195801287889480591e-02
-6.271286308765411377e-02
-4.897407442331314087e-02
-8.365891128778457642e-02
-4.817990958690643311e-02
-7.201465964317321777e-02
-3.388217836618423462e-02
-1.070267409086227417e-01
-3.452906385064125061e-02
-6.305567920207977295e-02
-7.329252362251281738e-02
-4.960980266332626343e-02
-5.284629762172698975e-02
-3.810363262891769409e-02
-6.314583122730255127e-02
-5.495569109916687012e-02
-5.411739647388458252e-02
-2.940295264124870300e-02
-7.808633893728256226e-02
-3.314341977238655090e-02
-5.602084100246429443e-02
-3.139197081327438354e-02
-2.149213105440139771e-02
-6.306117027997970581e-02
-4.488362756092101336e-04
-1.000240072607994080e-01
-6.758556119166314602e-04
-2.121355198323726654e-02
-5.225326493382453918e-02
-2.088518999516963959e-02
-1.131440233439207077e-02
-5.186711624264717102e-02
-5.726751987822353840e-04
-4.390278086066246033e-02
-6.037357263267040253e-03
-2.603819034993648529e-02
-4.524241667240858078e-04
-2.571340650320053101e-02
-6.054483237676322460e-04
-2.342321386095136404e-04
-6.391695351339876652e-04
-3.393162623979151249e-04
-2.001939900219440460e-02
2.965134626720100641e-05
-1.824877969920635223e-02
-9.218470950145274401e-05
-6.975947180762887001e-04
-7.137593638617545366e-05
-1.701952278381213546e-04
-8.949734910856932402e-05
1.524436229374259710e-04
-2.927875320892781019e-04
-2.225294301752001047e-04
-8.447907166555523872e-04
-8.358710445463657379e-03
-1.636877568671479821e-04
1.812201517168432474e-04
1.549461740069091320e-04
-3.488900256343185902e-04
-2.265107323182746768e-04
-1.739159779390320182e-04
-4.059062048327177763e-04
1.638384565012529492e-04
-2.799052344926167279e-05
9.524454799247905612e-05
3.373659274075180292e-04
-8.856207568896934390e-05
-6.055323319742456079e-05
-2.462243537593167275e-05
2.000476088142022491e-04
1.266714825760573149e-04
1.649425976211205125e-04
3.754087374545633793e-04
-1.358723820885643363e-04
-5.484856956172734499e-05
-3.556765659595839679e-05
1.704680180409923196e-04
-4.391652473714202642e-04
-3.143894355162046850e-05
-1.845750011852942407e-05
7.897877367213368416e-05
2.924152940977364779e-04
8.556388638680800796e-05
3.168863258906640112e-05
-6.401845894288271666e-05
2.383994869887828827e-04
2.723155776038765907e-04
5.562808364629745483e-04
6.161748751765117049e-05
5.250976537354290485e-04
2.417072391835972667e-04
-3.389490011613816023e-04
-3.451886877883225679e-04
3.872479719575494528e-04
5.887246807105839252e-04
-2.190311934100463986e-04
-5.856442148797214031e-04
-4.055591853102669120e-05
-5.847440843353979290e-05
3.950213722418993711e-04
-5.636384012177586555e-04
1.829274551710113883e-04
6.003588787280023098e-04
2.165736514143645763e-04
1.358101435471326113e-04
7.181380060501396656e-04
1.914426247822120786e-04
4.043584340251982212e-04
-1.088104181690141559e-04
5.336533649824559689e-04
6.160259945318102837e-04
7.043230580165982246e-04
2.671656257007271051e-04
1.629279577173292637e-04
2.254561550216749310e-04
5.622431854135356843e-05
-5.787135451100766659e-04
-3.207861445844173431e-04
3.375775413587689400e-04
6.751884939149022102e-04
8.427074062637984753e-04
9.029370849020779133e-04
6.523787160404026508e-04
8.719695615582168102e-04
5.643287440761923790e-04
3.048475191462785006e-04
-5.956019740551710129e-04
6.362054846249520779e-04
-2.059616672340780497e-04
2.071196940960362554e-04
1.370555488392710686e-03
1.177722937427461147e-03
