-5.339350318536162376e-04
-3.288632491603493690e-03
2.988351276144385338e-03
-1.167114358395338058e-02
-2.719987882301211357e-03
7.215770892798900604e-03
2.643864601850509644e-03
1.585184712894260883e-03
5.203971639275550842e-03
-2.203017007559537888e-03
5.929260049015283585e-03
4.177629947662353516e-03
5.010493565350770950e-03
7.248120382428169250e-03
8.758179028518497944e-04
-8.799716597422957420e-04
1.837397227063775063e-03
-1.040737051516771317e-02
8.150573703460395336e-04
4.634704440832138062e-03
3.925149794667959213e-03
3.474246244877576828e-03
9.840323589742183685e-03
3.169770818203687668e-03
4.182999953627586365e-03
4.404765088111162186e-03
1.025126874446868896e-02
6.280521396547555923e-03
5.258040037006139755e-03
-1.133013749495148659e-03
3.221414610743522644e-02
1.938941143453121185e-02
5.093289073556661606e-03
6.322241388261318207e-03
8.466918952763080597e-03
4.461649339646100998e-03
3.468146314844489098e-03
6.987864617258310318e-03
4.051317926496267319e-03
7.811117917299270630e-03
5.080187693238258362e-03
8.208402432501316071e-03
3.416914492845535278e-03
1.027174759656190872e-02
4.168718121945858002e-03
1.094062253832817078e-02
1.088294759392738342e-02
1.894921250641345978e-02
1.041852589696645737e-02
1.182594057172536850e-02
7.188060786575078964e-03
1.845522201620042324e-03
8.290003985166549683e-03
8.877995423972606659e-03
2.978641423396766186e-04
3.786597400903701782e-02
1.288380380719900131e-02
9.804231114685535431e-03
4.601244814693927765e-03
4.274267237633466721e-03
5.071398336440324783e-03
2.406887710094451904e-02
1.210632268339395523e-02
2.263399772346019745e-03
7.058640010654926300e-03
1.113396976143121719e-02
-9.958531707525253296e-03
-6.708716973662376404e-03
5.598613992333412170e-03
6.422484293580055237e-03
6.206277292221784592e-03
4.014138539787381887e-04
7.461991161108016968e-03
6.806730758398771286e-03
1.603480661287903786e-03
6.555581931024789810e-03
4.137245938181877136e-03
7.232452742755413055e-03
9.059722535312175751e-03
9.726960211992263794e-03
1.068716216832399368e-02
1.071249321103096008e-02
5.591996479779481888e-03
-1.450133509933948517e-03
-4.876591847278177738e-04
-8.264949545264244080e-03
1.020221598446369171e-02
-7.689850404858589172e-03
-1.722917542792856693e-03
1.437625754624605179e-02
8.242352865636348724e-03
1.184932887554168701e-02
8.586684707552194595e-04
1.077474094927310944e-02
-1.419818773865699768e-02
4.181751282885670662e-04
7.652950473129749298e-03
3.120600245893001556e-03
3.112204140052199364e-03
8.960074745118618011e-03
2.287094102939590812e-04
8.729217574000358582e-03
7.336207665503025055e-03
5.106579978018999100e-03
2.858419204130768776e-03
-5.688274279236793518e-03
4.980057943612337112e-03
1.097015757113695145e-02
5.157094914466142654e-03
-7.027748506516218185e-03
-5.612635985016822815e-03
3.150946227833628654e-03
1.187720242887735367e-02
-2.373431995511054993e-02
8.260746486485004425e-03
-1.938776485621929169e-02
-1.162294065579771996e-03
1.034160051494836807e-02
5.040977615863084793e-03
-4.752593114972114563e-03
6.297216285020112991e-03
-5.809277296066284180e-03
-3.697789972648024559e-03
1.967893540859222412e-02
-3.483685140963643789e-04
8.125324733555316925e-03
7.641672622412443161e-03
3.770092269405722618e-03
1.022316864691674709e-03
1.731805317103862762e-02
9.471467696130275726e-03
-3.604962723329663277e-03
4.527001874521374702e-04
-1.358813233673572540e-02
-8.691587485373020172e-03
-1.907196827232837677e-03
-1.601813919842243195e-02
1.236878894269466400e-02
-2.116691088303923607e-03
5.379922222346067429e-03
4.595383536070585251e-03
6.141375051811337471e-04
-2.775117382407188416e-02
-1.370655372738838196e-02
2.346962131559848785e-02
-4.770709492731839418e-04
2.192003279924392700e-02
1.116274390369653702e-02
-3.088081488385796547e-03
-2.005500486120581627e-03
6.454741116613149643e-03
3.484343644231557846e-03
-3.173457086086273193e-02
-1.167344301939010620e-02
4.824867355637252331e-04
-3.832701593637466431e-02
1.186664868146181107e-02
-2.096685208380222321e-02
-5.216267704963684082e-02
-2.645493857562541962e-02
-3.173464164137840271e-02
-1.685612951405346394e-04
-7.186101749539375305e-03
-1.425367686897516251e-02
-2.304346114397048950e-02
-2.127200923860073090e-02
1.649382058531045914e-03
-2.218911424279212952e-02
-2.987478487193584442e-02
-9.472553618252277374e-03
-2.713584899902343750e-02
-3.291863575577735901e-02
5.106633994728326797e-03
-3.190139308571815491e-02
-2.758021652698516846e-02
1.152247888967394829e-03
-1.765016838908195496e-02
2.857719734311103821e-02
-2.488500066101551056e-02
-2.480930648744106293e-02
5.668238550424575806e-02
-1.931129954755306244e-02
-5.065701529383659363e-02
7.168618030846118927e-04
-2.139462344348430634e-02
-6.234997883439064026e-02
2.788396086543798447e-03
-2.105773612856864929e-02
-2.980051795020699501e-03
7.756549865007400513e-02
-6.294905394315719604e-02
-3.456612303853034973e-02
5.524403229355812073e-02
-5.282937362790107727e-02
-4.602048918604850769e-02
8.767792582511901855e-02
-7.656524330377578735e-02
6.082396581768989563e-02
6.644769757986068726e-02
-8.679203689098358154e-02
-4.348374903202056885e-02
4.754946380853652954e-02
3.962678462266921997e-02
3.110144287347793579e-02
7.342042028903961182e-02
8.196721971035003662e-02
2.421546354889869690e-02
2.313367277383804321e-02
-5.584556609392166138e-02
-3.602570155635476112e-03
-2.808701246976852417e-03
-6.660880893468856812e-02
-3.640098497271537781e-02
1.055616978555917740e-02
-7.016788702458143234e-03
3.881817311048507690e-02
-2.268735878169536591e-02
2.065122686326503754e-02
2.002723049372434616e-03
-1.414070464670658112e-02
-5.690880492329597473e-02
-5.765054747462272644e-02
4.149591922760009766e-02
-4.494397714734077454e-02
1.813896000385284424e-02
-1.971613243222236633e-02
2.882359363138675690e-02
9.657304733991622925e-03
1.962024904787540436e-02
6.288748234510421753e-03
1.755519211292266846e-02
-7.291319314390420914e-03
-2.715207822620868683e-02
-1.644830033183097839e-02
-5.085812881588935852e-03
1.764799468219280243e-02
-1.418671477586030960e-02
-2.659320831298828125e-03
-8.100789040327072144e-03
-1.228296756744384766e-02
3.171734744682908058e-03
-2.436780370771884918e-03
-1.856318209320306778e-03
-3.163413703441619873e-02
-2.332880161702632904e-03
-3.315807878971099854e-02
-1.483451342210173607e-03
1.426713541150093079e-02
5.437315441668033600e-03
-1.560581661760807037e-02
-9.094476699829101562e-03
1.257323776371777058e-03
-2.331638522446155548e-02
-9.581961669027805328e-03
-1.107302308082580566e-02
-3.127156815025955439e-04
-9.822751162573695183e-04
-1.247956790030002594e-02
-7.826694287359714508e-03
-1.371560152620077133e-02
8.359532803297042847e-03
-7.840863545425236225e-04
4.018697363790124655e-04
2.937035635113716125e-02
-4.025245551019906998e-03
-6.879119668155908585e-03
-1.660028100013732910e-02
-6.297284737229347229e-03
-1.152647659182548523e-02
-4.873432684689760208e-03
5.147784482687711716e-03
3.942079842090606689e-03
2.244049916043877602e-03
5.663380026817321777e-03
-3.884667996317148209e-03
1.723142224363982677e-03
8.987129665911197662e-03
2.686539199203252792e-03
6.050426978617906570e-03
1.185613498091697693e-02
6.101202685385942459e-03
2.545134397223591805e-03
-4.195531830191612244e-03
-1.540789497084915638e-03
-1.097603017115034163e-04
8.259062655270099640e-03
1.409091055393218994e-03
-1.100017782300710678e-02
1.804763305699452758e-04
-3.129565855488181114e-03
-7.373868953436613083e-03
1.920425333082675934e-02
4.591955803334712982e-03
3.982583992183208466e-03
1.004231348633766174e-02
1.244976278394460678e-02
1.726288720965385437e-02
-5.478454288095235825e-03
1.186530920676887035e-03
-7.310420274734497070e-03
1.134662423282861710e-03
6.962160579860210419e-03
-1.641163020394742489e-03
-1.427355222404003143e-03
-1.305008423514664173e-03
-4.955202806740999222e-03
9.049607906490564346e-04
-1.021304749883711338e-03
1.378740125801414251e-04
-5.002598278224468231e-03
-4.770058207213878632e-03
3.020504373125731945e-04
2.933133626356720924e-03
5.448690149933099747e-03
-5.659280344843864441e-03
3.628292353823781013e-03
1.118117128498852253e-03
-2.730286912992596626e-03
1.150478958152234554e-03
-7.067786529660224915e-03
-1.250721421092748642e-02
-2.493541454896330833e-03
-6.246730918064713478e-04
6.953323027119040489e-04
-1.638977322727441788e-03
-1.427053567022085190e-02
-2.155998721718788147e-03
-6.072649266570806503e-03
2.519557019695639610e-03
-4.945434629917144775e-03
-7.908270694315433502e-03
2.128404565155506134e-03
-5.748455412685871124e-03
-4.307746887207031250e-03
-4.981167614459991455e-03
-1.070509571582078934e-02
-4.398964345455169678e-03
-7.174323312938213348e-03
-3.407910838723182678e-02
-1.150877401232719421e-02
-5.078723654150962830e-03
-6.206356454640626907e-03
-1.881061121821403503e-03
-1.252783183008432388e-02
-1.019946672022342682e-02
-7.971300743520259857e-03
-3.409493016079068184e-03
-3.538236953318119049e-03
-4.086720291525125504e-03
-7.932282984256744385e-03
-3.604013472795486450e-02
-1.039149519056081772e-02
-6.431849300861358643e-02
-1.160478591918945312e-02
3.623025119304656982e-02
-2.675040392205119133e-03
-1.911781914532184601e-02
-1.870598644018173218e-02
-6.310349330306053162e-03
-1.038846094161272049e-02
9.853778406977653503e-03
-9.432632359676063061e-04
7.666705176234245300e-03
-9.944129735231399536e-03
-2.296894229948520660e-02
-9.245968423783779144e-03
-6.670284084975719452e-03
-1.956932013854384422e-03
-3.648519515991210938e-03
-2.023758739233016968e-02
-5.393141414970159531e-03
-3.639573697000741959e-03
-8.385047316551208496e-03
-5.436532199382781982e-03
3.047100454568862915e-02
-3.500065766274929047e-03
-1.963916048407554626e-02
-6.382145918905735016e-03
-6.112766452133655548e-03
-9.458962827920913696e-03
-7.714783772826194763e-03
-4.875471815466880798e-03
3.446744449320249259e-05
-4.406355787068605423e-03
-9.333780966699123383e-03
-9.391047642566263676e-04
7.342851604335010052e-04
-1.264568069018423557e-03
-9.325779974460601807e-03
-4.007444716989994049e-03
-3.673557890579104424e-03
-2.256324887275695801e-02
-8.639181964099407196e-03
-6.997642572969198227e-03
6.809828337281942368e-03
5.139206536114215851e-03
-4.169900435954332352e-03
-1.266423729248344898e-03
-7.501440588384866714e-03
-1.308312523178756237e-03
2.921696577686816454e-04
