-9.418802801519632339e-04
-9.544860804453492165e-04
-1.093029743060469627e-03
-1.020428375340998173e-03
-1.078473986126482487e-03
-1.111275167204439640e-03
-1.143845613114535809e-03
-1.440583961084485054e-03
-1.387773314490914345e-03
-1.624035299755632877e-03
-1.698710722848773003e-03
-1.464113127440214157e-03
-1.789357629604637623e-03
-1.843171310611069202e-03
-2.133419504389166832e-03
-2.047355053946375847e-03
-2.081635640934109688e-03
-2.495267428457736969e-03
-2.292042365297675133e-03
-2.868107752874493599e-03
-2.562256995588541031e-03
-2.483230782672762871e-03
-2.587608993053436279e-03
-2.568303607404232025e-03
-2.353738062083721161e-03
-2.693895017728209496e-03
-2.771944738924503326e-03
-2.827345859259366989e-03
-2.976392162963747978e-03
-2.973151160404086113e-03
-2.758626127615571022e-03
-2.744290279224514961e-03
-2.999889198690652847e-03
-3.902691183611750603e-03
-3.057179739698767662e-03
-3.935449756681919098e-03
-3.280868288129568100e-03
-3.345258068293333054e-03
-3.206226974725723267e-03
-3.103533294051885605e-03
-2.879948355257511139e-03
-3.149186260998249054e-03
-3.109625773504376411e-03
-3.042561002075672150e-03
-2.866746159270405769e-03
-2.947202650830149651e-03
-2.678600372746586800e-03
-2.770171267911791801e-03
-2.647625515237450600e-03
-2.473839791491627693e-03
-2.655052812770009041e-03
-2.477979520335793495e-03
-2.738664625212550163e-03
-2.338278573006391525e-03
-2.125258790329098701e-03
-2.051980467513203621e-03
-1.896691275760531425e-03
-1.899719354696571827e-03
-1.548298401758074760e-03
-1.483357395045459270e-03
-1.266865059733390808e-03
-1.246315427124500275e-03
-1.274446840398013592e-03
-5.096871755085885525e-04
-7.464944501407444477e-04
-5.141790607012808323e-04
-2.460604882799088955e-04
-3.103627823293209076e-04
1.497838384239003062e-04
1.123887195717543364e-04
3.140082408208400011e-04
8.768666884861886501e-04
1.053311163559556007e-03
1.639995258301496506e-03
1.804834231734275818e-03
1.813860144466161728e-03
1.706325798295438290e-03
2.254263032227754593e-03
2.280232263728976250e-03
2.418625634163618088e-03
2.773832995444536209e-03
2.336856443434953690e-03
2.824400085955858231e-03
3.861965145915746689e-03
3.493788884952664375e-03
3.876875620335340500e-03
4.201059695333242416e-03
4.396709147840738297e-03
4.536403343081474304e-03
4.446917679160833359e-03
4.611179698258638382e-03
4.818792454898357391e-03
5.710686091333627701e-03
4.801999311894178391e-03
5.349541082978248596e-03
4.661506973206996918e-03
5.151312332600355148e-03
4.921834450215101242e-03
5.118401721119880676e-03
5.591799505054950714e-03
5.389004945755004883e-03
5.130966659635305405e-03
5.461482331156730652e-03
5.792489740997552872e-03
5.107316654175519943e-03
5.357094574719667435e-03
5.411223042756319046e-03
5.071618128567934036e-03
4.724922124296426773e-03
4.745065700262784958e-03
5.305673927068710327e-03
4.973242525011301041e-03
4.512586165219545364e-03
4.586053546518087387e-03
3.957067150622606277e-03
4.315619822591543198e-03
3.214824013411998749e-03
4.420761950314044952e-03
3.766324371099472046e-03
2.762760268524289131e-03
2.912758151069283485e-03
2.953811548650264740e-03
3.828433342278003693e-03
3.865660866722464561e-03
2.998159267008304596e-03
3.529988694936037064e-03
3.417867934331297874e-03
3.936752676963806152e-03
2.813201397657394409e-03
2.728110877797007561e-03
1.032574684359133244e-03
3.580017713829874992e-03
3.804099513217806816e-03
3.043469041585922241e-03
3.339067567139863968e-03
4.096739459782838821e-03
3.744116052985191345e-03
2.491588704288005829e-03
4.221145063638687134e-03
3.398010041564702988e-03
3.460549516603350639e-03
4.644637461751699448e-03
6.198142189532518387e-03
6.145517807453870773e-03
7.670154795050621033e-03
9.221957996487617493e-03
1.175094023346900940e-02
1.043923664838075638e-02
1.142263971269130707e-02
1.368449255824089050e-02
1.488620135933160782e-02
1.292379945516586304e-02
1.509507931768894196e-02
1.629259251058101654e-02
1.340715028345584869e-02
1.421535667032003403e-02
1.295346114784479141e-02
1.390359643846750259e-02
1.481597311794757843e-02
1.955687254667282104e-02
1.320302486419677734e-02
7.955438457429409027e-03
4.391617607325315475e-03
6.569651886820793152e-03
8.818003349006175995e-03
-1.511607202701270580e-03
1.866573351435363293e-03
-3.786931512877345085e-03
1.074903644621372223e-02
-1.324135065078735352e-02
-1.870038546621799469e-02
-7.454660721123218536e-03
-1.599404029548168182e-02
-1.129604037851095200e-02
-4.880784545093774796e-03
-1.197882648557424545e-02
-1.489931438118219376e-02
1.740333251655101776e-02
2.151785232126712799e-02
-2.839622087776660919e-03
2.020514942705631256e-02
4.235179163515567780e-03
6.875687092542648315e-02
2.980290353298187256e-02
-1.922438736073672771e-03
-4.041130840778350830e-02
7.452976424247026443e-04
-3.098828904330730438e-02
-2.506534941494464874e-02
2.045911550521850586e-02
4.281059652566909790e-02
4.139227420091629028e-02
2.834718674421310425e-02
5.230575427412986755e-02
8.966880850493907928e-03
8.633809536695480347e-02
1.354492157697677612e-01
4.994508251547813416e-02
4.086929932236671448e-02
-4.323461279273033142e-02
-9.045650064945220947e-02
2.637111395597457886e-02
1.815516501665115356e-02
-2.965541742742061615e-02
7.298618555068969727e-02
2.632885426282882690e-02
-1.682677268981933594e-01
-2.152912691235542297e-02
-1.312630921602249146e-01
3.276265785098075867e-02
9.637472219765186310e-03
4.969744756817817688e-02
4.248582944273948669e-02
1.021813042461872101e-02
2.007540129125118256e-02
-4.241728037595748901e-02
3.137718513607978821e-02
3.627685084939002991e-02
-7.152205798774957657e-04
-7.822629064321517944e-03
1.699377037584781647e-02
2.877822518348693848e-02
3.782375156879425049e-02
4.582012444734573364e-02
1.982370577752590179e-02
2.406449057161808014e-02
9.744775481522083282e-03
1.508767809718847275e-02
7.611393928527832031e-03
-3.438056679442524910e-03
-4.163384437561035156e-03
9.957019239664077759e-03
1.145665440708398819e-02
1.474941428750753403e-02
5.405727773904800415e-03
4.276479128748178482e-03
9.689446596894413233e-05
1.810805872082710266e-03
-3.663329698611050844e-04
1.134025305509567261e-02
-3.764017252251505852e-03
-5.081754177808761597e-03
-3.370765829458832741e-03
-3.901702584698796272e-03
-9.087508544325828552e-03
-7.705620955675840378e-03
-8.592135272920131683e-03
-8.014474995434284210e-03
-6.251130253076553345e-03
-6.065534893423318863e-03
-4.342588130384683609e-03
-6.291051395237445831e-03
-6.275777705013751984e-03
-5.786075256764888763e-03
-4.719404969364404678e-03
-2.354214433580636978e-03
-4.221425391733646393e-03
-3.926055971533060074e-03
-3.428480122238397598e-03
-2.640971215441823006e-03
-3.336709924042224884e-03
-8.770064450800418854e-04
-1.567777129821479321e-03
-1.473019015975296497e-03
-1.478515798225998878e-03
1.057943081832490861e-04
1.305605052039027214e-03
1.560394070111215115e-03
1.683567883446812630e-03
1.933570369146764278e-03
2.319487975910305977e-03
2.586898393929004669e-03
2.182629425078630447e-03
2.872602548450231552e-03
2.020657528191804886e-03
3.755299840122461319e-03
2.801731461659073830e-03
2.996054477989673615e-03
1.823461847379803658e-03
2.061955863609910011e-03
1.721331151202321053e-03
1.872870489023625851e-03
1.500962185673415661e-03
2.042928710579872131e-03
1.510019763372838497e-03
9.693703032098710537e-04
1.221624668687582016e-03
1.233641291037201881e-03
1.610769424587488174e-03
1.263613812625408173e-03
8.512358763255178928e-04
1.313650398515164852e-03
8.654777193441987038e-04
3.384355513844639063e-04
8.880001842044293880e-04
3.861465374939143658e-04
2.323436638107523322e-04
3.821427526418119669e-04
-1.141196815297007561e-03
-7.528805872425436974e-04
-1.555175520479679108e-03
-5.677719600498676300e-04
-9.039872675202786922e-04
-6.805902230553328991e-04
-4.677837132476270199e-04
-3.925815399270504713e-04
-9.382427087984979153e-04
-5.385473486967384815e-04
-5.839515943080186844e-04
-6.334033096209168434e-04
-5.518291727639734745e-04
-5.237759323790669441e-04
-7.621066179126501083e-04
-5.858976510353386402e-04
-4.788510268554091454e-04
-3.835084498859941959e-04
-4.085210384801030159e-04
-4.102210805285722017e-04
-1.875461894087493420e-04
-1.036800167639739811e-04
-3.079448943026363850e-04
-1.956260894075967371e-05
1.280757442145841196e-05
3.901641466654837132e-04
-1.451756979804486036e-04
3.335979999974370003e-04
-3.382374998182058334e-04
7.995295891305431724e-05
1.689280616119503975e-04
4.326270209276117384e-05
8.163133752532303333e-04
3.393929509911686182e-04
4.878304316662251949e-04
3.306444850750267506e-04
2.755010500550270081e-04
6.368614849634468555e-04
3.965061623603105545e-04
2.167716738767921925e-04
4.920007195323705673e-04
4.989414592273533344e-04
4.317161801736801863e-04
2.720734337344765663e-04
3.840401768684387207e-04
7.067217375151813030e-04
4.217406967654824257e-04
5.836730124428868294e-04
5.239628953859210014e-04
4.285505565349012613e-04
5.499433027580380440e-04
2.802177623379975557e-04
5.586899351328611374e-04
4.827905504498630762e-04
1.165746478363871574e-03
6.042236927896738052e-04
8.349125855602324009e-04
5.448391893878579140e-04
4.430685949046164751e-04
5.695639410987496376e-04
4.188438470009714365e-04
5.338687915354967117e-04
4.247053875587880611e-04
3.332426713313907385e-04
8.208565413951873779e-04
2.001176035264506936e-04
1.431849959772080183e-04
3.696675121318548918e-04
3.964020288549363613e-04
-4.800874739885330200e-05
2.791866427287459373e-04
1.721872395137324929e-04
2.487272431608289480e-04
1.702131994534283876e-04
1.805033243726938963e-04
3.785344306379556656e-04
1.938242057804018259e-04
2.691353438422083855e-04
1.081170921679586172e-04
9.197835606755688787e-05
2.515768283046782017e-04
1.191665287478826940e-04
-3.032438980881124735e-04
-8.111792340059764683e-06
1.092670354410074651e-04
1.724965986795723438e-04
3.650299331638962030e-04
1.696594881650526077e-05
4.890622221864759922e-05
1.008406470646150410e-04
2.103448205161839724e-04
5.474661156767979264e-05
8.282954513560980558e-05
8.098991384031251073e-05
9.534065611660480499e-05
1.463600347051396966e-04
2.412589237792417407e-04
2.390593435848131776e-04
2.232422993984073400e-04
1.750803639879450202e-04
-1.180313411168754101e-04
9.257282363250851631e-05
1.132337929448112845e-04
