6.535758730024099350e-04
9.855719981715083122e-04
1.282383687794208527e-03
2.827285788953304291e-04
7.408292731270194054e-04
5.113556399010121822e-04
6.958671147003769875e-04
7.471992284990847111e-04
2.901153056882321835e-04
5.986207979731261730e-04
5.645473356707952917e-05
6.329847965389490128e-04
8.969361078925430775e-04
5.773967714048922062e-04
6.969645619392395020e-04
3.981977934017777443e-04
6.830126512795686722e-04
7.537177298218011856e-04
4.164962447248399258e-04
2.229922538390383124e-04
2.278671745443716645e-04
3.753448254428803921e-04
2.062381390715017915e-04
6.314467173069715500e-04
7.752468809485435486e-04
5.291693960316479206e-04
4.232316568959504366e-04
-2.386790292803198099e-04
6.659554201178252697e-04
3.918955626431852579e-04
1.952656748471781611e-04
9.662214433774352074e-04
7.149088778533041477e-04
4.054475284647196531e-04
8.384846150875091553e-04
7.241279818117618561e-04
2.600633888505399227e-04
5.101790884509682655e-04
2.519040135666728020e-04
2.987609186675399542e-04
3.750735486391931772e-04
7.707693730480968952e-04
4.893226432614028454e-04
-8.178075950127094984e-05
3.620590141508728266e-04
1.086727832444012165e-03
9.554220014251768589e-04
4.242570430506020784e-04
5.693121347576379776e-04
9.084457415156066418e-04
6.282697431743144989e-04
5.554253002628684044e-04
2.199630544055253267e-04
6.595228333026170731e-04
9.692384046502411366e-04
8.938197861425578594e-04
5.856358329765498638e-04
3.293787594884634018e-04
2.732491993810981512e-04
1.043920638039708138e-03
8.324614027515053749e-04
6.013606907799839973e-04
7.685821037739515305e-04
1.093002618290483952e-03
6.295408238656818867e-04
5.174373509362339973e-04
6.985684740357100964e-04
6.354539655148983002e-04
4.588754964061081409e-04
5.602486780844628811e-04
7.410570397041738033e-04
1.053761574439704418e-03
1.187575049698352814e-03
9.083117474801838398e-04
1.070031314156949520e-03
8.554802043363451958e-04
1.220605685375630856e-03
8.037840598262846470e-04
7.339942967519164085e-04
1.001989818178117275e-03
8.591084624640643597e-04
2.542436996009200811e-04
7.773325196467339993e-04
6.268238066695630550e-04
8.088455651886761189e-04
7.487451657652854919e-04
4.683036822825670242e-04
1.385985378874465823e-04
4.934950266033411026e-05
1.590724132256582379e-04
6.676756893284618855e-04
9.370653424412012100e-04
8.916740771383047104e-04
6.396817043423652649e-04
7.215524674393236637e-04
6.611280841752886772e-04
1.139410771429538727e-03
9.969201637431979179e-04
8.735616574995219707e-04
9.700944647192955017e-04
1.050328952260315418e-03
1.075690845027565956e-03
1.289199339225888252e-03
8.983992738649249077e-04
9.543814230710268021e-04
1.244011567905545235e-03
1.279099844396114349e-03
1.501925289630889893e-03
6.767604500055313110e-03
1.061025424860417843e-03
2.661983668804168701e-02
2.101663034409284592e-03
3.000183403491973877e-02
1.889661140739917755e-02
4.743301309645175934e-03
5.103319510817527771e-02
1.075362041592597961e-02
4.449870809912681580e-02
3.981873020529747009e-02
4.822299629449844360e-02
4.339513555169105530e-02
6.031266227364540100e-02
5.522086471319198608e-02
5.791432037949562073e-02
7.924349606037139893e-02
5.807286873459815979e-02
8.052212744951248169e-02
8.334791660308837891e-02
6.692145019769668579e-02
1.087203845381736755e-01
6.446875631809234619e-02
9.757949411869049072e-02
9.206750243902206421e-02
7.973112165927886963e-02
1.036320701241493225e-01
8.112584054470062256e-02
9.272288531064987183e-02
9.145399183034896851e-02
1.006866991519927979e-01
7.375563681125640869e-02
1.020716130733489990e-01
6.567180156707763672e-02
8.788704127073287964e-02
6.434297561645507812e-02
7.389986515045166016e-02
5.691492184996604919e-02
6.007304415106773376e-02
5.793636664748191833e-02
3.747152164578437805e-02
5.069258436560630798e-02
3.022984415292739868e-02
3.080685064196586609e-02
2.797970175743103027e-02
1.258646976202726364e-02
2.083423174917697906e-02
2.966876141726970673e-03
8.724111132323741913e-03
4.419268574565649033e-03
1.360514201223850250e-03
1.568180392496287823e-03
9.853235678747296333e-04
1.038924674503505230e-03
1.116755534894764423e-03
1.432516844943165779e-03
1.114872517064213753e-03
1.419465639628469944e-03
1.258485950529575348e-03
1.328625949099659920e-03
1.053109648637473583e-03
9.306691354140639305e-04
1.325353397987782955e-03
8.489337051287293434e-04
1.183380372822284698e-03
1.428416580893099308e-03
1.144477631896734238e-03
1.139497268013656139e-03
1.387484953738749027e-03
1.009092316962778568e-03
9.639522759243845940e-04
1.255931565538048744e-03
1.018959097564220428e-03
1.135547179728746414e-03
9.260321385227143764e-04
5.653874250128865242e-04
4.746479971799999475e-04
2.134255046257749200e-04
7.693807710893452168e-04
2.778352936729788780e-04
4.342381143942475319e-04
6.372873322106897831e-04
-1.600024261279031634e-04
-6.510032108053565025e-05
-2.850588680303189903e-05
4.800360475201159716e-04
6.669494177913293242e-05
1.775019190972670913e-04
6.257854693103581667e-05
1.864505247795023024e-05
-3.413342055864632130e-04
3.208645794074982405e-04
-1.368194643873721361e-04
-1.872280117822811007e-04
-1.719696883810684085e-04
-5.588980275206267834e-05
6.807288445997983217e-05
-3.314649802632629871e-05
2.553866361267864704e-04
1.764669723343104124e-04
-9.339130338048562407e-05
1.309159997617825866e-04
4.302115121390670538e-04
6.560519686900079250e-04
-4.889516858384013176e-04
-2.372696326347067952e-05
4.957328201271593571e-04
1.062291790731251240e-03
7.164840935729444027e-04
5.973653169348835945e-04
7.175225182436406612e-04
7.327829371206462383e-04
6.608995608985424042e-04
7.304363534785807133e-04
6.830937927588820457e-04
1.157923368737101555e-03
1.064835349097847939e-03
8.054756908677518368e-04
1.406769966706633568e-03
1.341745723038911819e-03
9.124393691308796406e-04
1.512505579739809036e-03
1.605350407771766186e-03
2.117829164490103722e-03
1.190699869766831398e-03
1.256218412891030312e-03
1.397818676196038723e-03
1.603005104698240757e-03
9.940919699147343636e-04
1.179386163130402565e-03
1.208422472700476646e-03
1.442546606995165348e-03
1.394148683175444603e-03
1.304705976508557796e-03
2.472812309861183167e-03
2.496532863005995750e-03
1.694499142467975616e-02
3.325906582176685333e-03
2.951854839920997620e-02
3.982135094702243805e-03
3.586197644472122192e-02
2.791840769350528717e-02
3.260323777794837952e-02
4.944311454892158508e-02
3.556679934263229370e-02
6.835310161113739014e-02
4.737781360745429993e-02
6.963361799716949463e-02
7.592804729938507080e-02
5.446640029549598694e-02
1.117030158638954163e-01
5.088295042514801025e-02
1.115270107984542847e-01
7.642423361539840698e-02
9.401871263980865479e-02
8.643795549869537354e-02
9.735109657049179077e-02
8.759562671184539795e-02
1.004071384668350220e-01
8.292325586080551147e-02
7.981322705745697021e-02
1.111958473920822144e-01
5.590555444359779358e-02
1.253532022237777710e-01
3.764499723911285400e-02
1.171525865793228149e-01
4.017957672476768494e-02
1.079789847135543823e-01
3.491414338350296021e-02
9.047683328390121460e-02
3.604408353567123413e-02
5.682693794369697571e-02
6.741873174905776978e-02
6.696658208966255188e-03
8.643897622823715210e-02
1.138704246841371059e-03
7.874467968940734863e-02
1.419389853253960609e-03
5.377334728837013245e-02
1.426928676664829254e-03
4.430659860372543335e-02
1.375920022837817669e-03
2.790814265608787537e-02
1.490036956965923309e-03
3.834835486486554146e-03
1.123640104196965694e-03
1.051961211487650871e-03
1.551782595925033092e-03
1.062605995684862137e-03
1.375239691697061062e-03
1.294110901653766632e-03
8.138159755617380142e-04
5.141653236933052540e-04
3.611604042816907167e-04
6.665929104201495647e-04
4.775717679876834154e-04
9.735865751281380653e-04
5.759000778198242188e-04
9.850009810179471970e-04
1.090107136406004429e-03
7.647659513168036938e-04
5.897800438106060028e-04
9.965902427211403847e-04
9.804642759263515472e-04
9.794336510822176933e-04
6.091404356993734837e-04
3.620667848736047745e-04
2.703443460632115602e-04
9.197054896503686905e-04
9.115672437474131584e-04
7.542994571849703789e-04
5.855169729329645634e-04
7.686630706302821636e-04
8.365816320292651653e-04
6.042138556949794292e-04
1.322890748269855976e-03
6.188176921568810940e-04
7.556197233498096466e-04
4.026257665827870369e-04
4.298528656363487244e-04
5.067215533927083015e-04
3.753835917450487614e-04
5.736725288443267345e-04
5.053484928794205189e-04
1.490816503064706922e-04
3.511568356771022081e-04
5.596545524895191193e-04
9.002603474073112011e-04
1.050143851898610592e-03
5.378397181630134583e-04
5.009503220207989216e-04
3.068858059123158455e-04
7.457481115125119686e-04
4.565872077364474535e-04
5.682925111614167690e-04
3.359366673976182938e-04
1.843885402195155621e-04
6.088301888667047024e-04
5.483179702423512936e-04
1.040150877088308334e-03
1.034780289046466351e-03
2.048077731160447001e-04
2.965362800750881433e-04
8.460874669253826141e-04
4.387297958601266146e-04
4.627830348908901215e-04
1.244009123183786869e-03
1.021538977511227131e-03
3.780366969294846058e-04
2.815083716996014118e-04
2.477993257343769073e-04
3.777005767915397882e-04
4.106620035599917173e-04
7.280892459675669670e-04
4.457132890820503235e-04
7.882518111728131771e-04
5.424693808890879154e-04
3.200015344191342592e-04
1.607805170351639390e-04
2.845829294528812170e-04
3.763666318263858557e-04
5.397930508479475975e-04
6.007178453728556633e-04
5.349324783310294151e-04
2.612757089082151651e-04
8.164622704498469830e-04
1.051467261277139187e-03
3.220395010430365801e-04
-6.213450888026272878e-06
-2.026694273808971047e-04
3.917613139492459595e-05
1.207423047162592411e-04
-1.573723602632526308e-05
-3.441536973696202040e-04
1.680039713392034173e-04
9.819979313760995865e-04
4.158256342634558678e-04
1.550111919641494751e-04
2.371800947003066540e-04
-1.849442778620868921e-04
4.966611741110682487e-04
4.697099939221516252e-05
1.828464446589350700e-04
2.658671583048999310e-04
-2.952171198558062315e-04
2.259478787891566753e-04
9.095849818550050259e-04
4.706709878519177437e-04
4.862351925112307072e-04
-1.254217386303935200e-05
9.232613228959962726e-05
7.569808512926101685e-04
9.289245936088263988e-04
