1.594850979745388031e-02
-8.130403002724051476e-04
3.391969250515103340e-03
1.190329203382134438e-03
3.216963633894920349e-02
7.223597727715969086e-03
2.651437651365995407e-03
1.923725940287113190e-03
1.164081040769815445e-03
5.822984501719474792e-03
5.210152012296020985e-04
-8.466160943498834968e-05
5.489687900990247726e-03
1.718634855933487415e-03
-6.986119551584124565e-04
-2.261298941448330879e-03
-8.030767785385251045e-04
-1.936265034601092339e-03
2.442154334858059883e-03
2.101766876876354218e-03
-1.062795706093311310e-02
7.576656062155961990e-04
1.948271761648356915e-03
-2.001256449148058891e-03
-4.591314122080802917e-03
2.903817687183618546e-03
5.056287045590579510e-04
-1.915466738864779472e-03
7.135441992431879044e-03
6.393031682819128036e-03
3.858305746689438820e-03
-5.622421158477663994e-04
-2.746289130300283432e-03
-3.318491857498884201e-03
3.064500167965888977e-03
1.017132401466369629e-02
2.998529002070426941e-03
8.065302972681820393e-04
4.451700951904058456e-03
-3.517414443194866180e-04
-1.086625643074512482e-02
5.232529947534203529e-04
3.544742474332451820e-03
-8.101076236926019192e-04
1.005482580512762070e-02
-1.286897715181112289e-02
-3.844317747280001640e-03
-3.817709162831306458e-03
-1.253833994269371033e-03
1.641484792344272137e-03
6.989555433392524719e-03
3.659244161099195480e-03
7.838129065930843353e-03
1.131171709857881069e-03
4.836551845073699951e-03
9.937739931046962738e-03
6.189899984747171402e-03
3.972152713686227798e-03
1.318470947444438934e-02
2.309888228774070740e-02
-1.641800045035779476e-04
3.545346669852733612e-03
-8.685379871167242527e-04
9.441924281418323517e-03
5.790590774267911911e-03
8.832451887428760529e-03
7.889525033533573151e-03
5.048136808909475803e-04
5.800922401249408722e-03
2.003116346895694733e-02
8.450401946902275085e-03
8.783029392361640930e-03
5.251810885965824127e-03
3.624286036938428879e-03
2.998035633936524391e-03
3.280445933341979980e-03
-1.308887032791972160e-03
4.220604430884122849e-03
-3.655599430203437805e-03
-2.531534060835838318e-03
-4.318794701248407364e-03
6.715203635394573212e-03
8.119149133563041687e-03
1.406327355653047562e-02
3.132676938548684120e-03
2.389130881056189537e-03
1.676671206951141357e-03
-3.709151875227689743e-03
-2.265949733555316925e-03
7.626474369317293167e-03
1.142871845513582230e-02
-6.821808405220508575e-03
-1.126071438193321228e-02
-1.842141384258866310e-03
-8.740141987800598145e-03
-4.688114393502473831e-03
-1.220574509352445602e-02
-1.819276995956897736e-02
-4.349190741777420044e-03
9.794623591005802155e-03
1.566399633884429932e-02
6.396710872650146484e-03
4.619066137820482254e-03
-1.935022510588169098e-02
8.858881890773773193e-03
-1.010394748300313950e-02
1.411973219364881516e-02
6.800517905503511429e-03
-5.680090747773647308e-03
-5.933523643761873245e-04
8.352703414857387543e-03
4.248511046171188354e-03
-4.337084479629993439e-03
-6.098066922277212143e-03
-1.985784992575645447e-02
-4.003249574452638626e-03
1.258454518392682076e-03
4.195567162241786718e-04
-1.236793305724859238e-02
9.504215791821479797e-03
-3.332970896735787392e-03
5.975007079541683197e-03
-1.032033842056989670e-02
1.092880265787243843e-03
-6.558553781360387802e-03
-5.700089503079652786e-03
-3.160190954804420471e-02
-7.602903060615062714e-03
5.649963859468698502e-03
-1.036600768566131592e-02
-8.946751244366168976e-03
-1.682958449237048626e-03
-1.390786841511726379e-02
-1.421136781573295593e-02
8.854716084897518158e-03
8.953591808676719666e-03
2.975817956030368805e-02
1.107219257391989231e-03
2.119855396449565887e-02
8.122003637254238129e-03
5.115071777254343033e-03
1.306934747844934464e-02
-2.851012861356139183e-03
4.070029128342866898e-03
1.374101731926202774e-02
7.106884848326444626e-03
6.794384215027093887e-03
-1.541400328278541565e-02
1.014466490596532822e-02
1.407977193593978882e-02
-8.208298822864890099e-04
-3.118515759706497192e-02
-7.119328714907169342e-03
-4.716393724083900452e-02
-5.906650330871343613e-03
-2.754008710326161236e-05
2.545638382434844971e-02
1.920481212437152863e-02
9.493508376181125641e-03
-3.507927060127258301e-02
3.572653234004974365e-02
-1.200636569410562515e-02
-2.462763153016567230e-02
1.429094467312097549e-02
-2.252797037363052368e-02
-2.881138026714324951e-02
-4.631877690553665161e-02
-2.693592384457588196e-02
3.267586231231689453e-02
-6.784447934478521347e-03
2.487194724380970001e-02
-1.348822377622127533e-02
-3.620614064857363701e-03
2.869100309908390045e-02
2.162965014576911926e-02
-1.732728816568851471e-02
4.374133795499801636e-02
2.022197702899575233e-03
-3.073130920529365540e-02
2.232416532933712006e-03
-4.017212986946105957e-02
2.897026203572750092e-02
-2.849150635302066803e-02
1.006080117076635361e-02
-2.293345704674720764e-02
-2.032829076051712036e-02
-4.316018149256706238e-02
-1.130075100809335709e-02
-4.575552791357040405e-02
-6.681560073047876358e-03
-3.801206499338150024e-02
-9.567873552441596985e-03
3.097746521234512329e-02
1.142914406955242157e-02
-4.287445917725563049e-02
-3.635167703032493591e-02
-6.316258013248443604e-02
-6.634264439344406128e-02
-1.701826900243759155e-01
4.179323017597198486e-01
4.167428612709045410e-01
-1.163321435451507568e-01
-1.276368200778961182e-01
-4.292982444167137146e-02
1.348257530480623245e-02
1.631273329257965088e-02
2.709304541349411011e-02
1.751247234642505646e-02
-2.054490521550178528e-02
7.121815346181392670e-03
-6.665570288896560669e-02
-1.322938948869705200e-01
-8.074300736188888550e-02
-2.206544019281864166e-02
-2.330395206809043884e-02
1.894274353981018066e-02
-9.745754301548004150e-03
-1.029606349766254425e-02
-2.444484643638134003e-02
-3.375199809670448303e-02
2.971680834889411926e-03
-3.064475767314434052e-02
5.592078901827335358e-03
-2.517848648130893707e-02
-2.372590452432632446e-02
-2.644707076251506805e-02
-3.225476667284965515e-02
-3.873284161090850830e-02
3.005435690283775330e-03
-4.682530462741851807e-02
-2.374090440571308136e-02
-1.407132600434124470e-03
-2.657647430896759033e-02
7.141093723475933075e-03
1.220522634685039520e-02
3.344842791557312012e-02
-4.863470327109098434e-03
-3.223875537514686584e-02
1.922426745295524597e-02
-2.935182675719261169e-02
2.414005808532238007e-02
1.700425520539283752e-03
-2.350110327824950218e-03
-2.047926560044288635e-02
-2.603866346180438995e-02
-1.970262452960014343e-02
2.580861933529376984e-02
1.481445413082838058e-02
2.798882313072681427e-02
3.201999142765998840e-02
3.819595649838447571e-02
-6.297226995229721069e-03
2.310661226511001587e-02
-1.755656208842992783e-03
4.475387278944253922e-03
1.699147187173366547e-02
-9.907972998917102814e-03
2.251256816089153290e-02
-1.082850247621536255e-02
-1.708445372059941292e-03
-1.275486871600151062e-02
2.339644730091094971e-02
-3.343259915709495544e-03
6.002759560942649841e-03
-1.636251807212829590e-02
1.221754588186740875e-03
2.137848362326622009e-02
1.481627300381660461e-02
4.493073094636201859e-03
9.576921351253986359e-03
2.039374783635139465e-03
8.216660469770431519e-03
-3.562559839338064194e-03
-2.673548879101872444e-03
1.163962762802839279e-02
-1.555378828197717667e-02
-1.356299617327749729e-03
1.378084649331867695e-03
-1.621646061539649963e-02
-4.460883326828479767e-03
-1.716497237794101238e-03
9.232765994966030121e-03
-1.097340136766433716e-02
-6.172364228405058384e-04
-3.146877977997064590e-03
1.343397423624992371e-03
2.444168319925665855e-03
1.022703247144818306e-03
-5.120635405182838440e-02
-7.208245340734720230e-03
-1.132819708436727524e-02
-1.357391849160194397e-02
-3.756113583222031593e-03
-1.209992077201604843e-02
9.075666894204914570e-04
-2.387963002547621727e-03
-9.797316975891590118e-03
-8.995857788249850273e-04
-3.826992819085717201e-03
1.760835642926394939e-03
-4.205168224871158600e-03
-1.236904133111238480e-02
-3.979761153459548950e-03
-1.811249414458870888e-03
5.350523628294467926e-03
4.181036725640296936e-03
-1.148032676428556442e-02
-4.349773284047842026e-03
1.969761680811643600e-03
9.523293003439903259e-03
6.704743136651813984e-04
-8.536675013601779938e-03
-8.572064340114593506e-03
-5.987408803775906563e-04
2.287395909661427140e-04
3.932984545826911926e-03
2.444672165438532829e-03
-2.158858254551887512e-02
2.133608562871813774e-03
-3.846629289910197258e-03
7.247545872814953327e-04
-1.721855602227151394e-03
-6.299294065684080124e-03
-5.243650637567043304e-03
5.107453092932701111e-03
-8.801234886050224304e-03
5.664956290274858475e-03
-3.619705792516469955e-03
2.815730404108762741e-03
-2.525854622945189476e-03
-2.762469230219721794e-03
-3.133329376578330994e-02
-1.230201451107859612e-03
4.027786664664745331e-03
-2.372678136453032494e-03
-6.359777413308620453e-03
-5.994420032948255539e-03
5.002943216823041439e-04
1.159050781279802322e-02
-3.218190744519233704e-03
-3.539599478244781494e-02
-3.484982298687100410e-03
1.295153517276048660e-03
4.124896600842475891e-03
-2.276106737554073334e-03
-3.027113154530525208e-02
3.948906378354877234e-04
-2.456868765875697136e-03
5.264384206384420395e-03
6.347834132611751556e-03
9.516102261841297150e-03
1.815383695065975189e-02
1.130409073084592819e-02
2.561764325946569443e-03
-1.420304458588361740e-02
1.648728386498987675e-03
4.855907522141933441e-03
1.239654328674077988e-02
-4.328437615185976028e-03
3.233051393181085587e-03
4.547132179141044617e-03
1.092500798404216766e-02
4.213225562125444412e-03
8.401283062994480133e-03
9.986580349504947662e-03
-5.536956712603569031e-03
8.939471095800399780e-03
1.052020699717104435e-03
7.324540521949529648e-03
4.729364067316055298e-03
1.021903008222579956e-02
2.812851453199982643e-03
1.678912900388240814e-03
1.618924201466143131e-03
4.744543228298425674e-03
5.594533402472734451e-03
7.118356414139270782e-03
2.411249838769435883e-02
9.114431217312812805e-03
1.512575335800647736e-02
2.066868357360363007e-03
2.626874484121799469e-03
1.077139098197221756e-02
2.704073861241340637e-02
5.293590947985649109e-03
1.983199035748839378e-03
-1.047919387929141521e-03
1.305055059492588043e-02
-1.755362376570701599e-02
1.862668432295322418e-03
6.292256526648998260e-03
1.677199034020304680e-03
1.364880148321390152e-02
-1.405111397616565228e-03
-9.421671275049448013e-04
1.405471353791654110e-03
8.494060602970421314e-04
3.711502940859645605e-04
2.011545700952410698e-03
2.214099047705531120e-03
-2.549053402617573738e-03
