1.267397456103935838e-04
-2.736158203333616257e-03
-2.521119546145200729e-03
-3.411634359508752823e-03
1.490511000156402588e-03
6.563594215549528599e-04
-3.850557608529925346e-03
-1.198180485516786575e-03
-2.513799583539366722e-03
9.758595377206802368e-03
-8.056024089455604553e-03
-1.282682293094694614e-03
-4.273056518286466599e-03
-2.659265883266925812e-03
-4.026256036013364792e-03
-6.902639754116535187e-03
-8.361542597413063049e-03
-1.122313458472490311e-02
-2.783586503937840462e-03
-2.357655437663197517e-03
-2.860308391973376274e-03
-3.617552341893315315e-03
-1.503633148968219757e-02
-7.190485950559377670e-03
-4.112476017326116562e-03
-6.835554260760545731e-03
-7.891032146289944649e-04
-3.902333090081810951e-03
-3.234650939702987671e-03
-6.709186360239982605e-03
-4.455339629203081131e-03
-6.556096021085977554e-03
-1.491513452492654324e-03
-2.295362763106822968e-03
-2.058126963675022125e-03
-8.981689810752868652e-03
-1.143258996307849884e-03
-2.928990870714187622e-02
-6.709331646561622620e-03
-5.867597647011280060e-03
-5.735212005674839020e-03
-4.439059179276227951e-03
-7.760637439787387848e-03
-3.658755915239453316e-03
-9.575490839779376984e-03
-1.244231127202510834e-02
-5.639299750328063965e-03
-7.521143648773431778e-03
-8.951631374657154083e-03
-1.309702172875404358e-02
-5.489763338118791580e-03
-8.360027335584163666e-03
-1.262026000767946243e-02
-1.112927310168743134e-02
-3.661861876025795937e-03
-4.129812587052583694e-03
-3.037339542061090469e-03
-5.378047935664653778e-03
-1.337885577231645584e-02
-8.324084803462028503e-03
-9.006190113723278046e-03
-1.565477065742015839e-02
-8.860087953507900238e-03
-1.352279819548130035e-02
2.176580252125859261e-03
-6.029964890331029892e-03
-5.871502216905355453e-03
1.778395962901413441e-03
-3.657559864223003387e-03
-1.486256020143628120e-03
-6.922266446053981781e-03
-9.670834057033061981e-03
2.894913544878363609e-03
-4.236749187111854553e-02
-7.420624140650033951e-03
-1.886133290827274323e-02
-3.420571796596050262e-03
2.462171204388141632e-02
-1.751444116234779358e-02
8.253087289631366730e-03
3.000552067533135414e-03
-6.688586901873350143e-03
-7.557032164186239243e-03
-1.341783441603183746e-03
-8.418898098170757294e-03
-5.216066492721438408e-04
-5.801863968372344971e-03
-2.449734834954142570e-03
8.579755201935768127e-03
1.057343524735188112e-05
5.330292973667383194e-03
-3.541421145200729370e-03
2.481820760294795036e-03
-1.011881511658430099e-02
1.037586759775876999e-02
-1.061987224966287613e-02
-4.120437894016504288e-03
-8.717638556845486164e-04
8.154889219440519810e-04
-2.281443914398550987e-03
4.238800611346960068e-03
1.953262835741043091e-04
-8.900227025151252747e-03
2.742713317275047302e-03
-1.065335352905094624e-03
3.488743910565972328e-03
2.098459983244538307e-03
1.724707894027233124e-02
5.090613663196563721e-02
1.678285188972949982e-02
1.315358839929103851e-02
-1.421000249683856964e-02
5.563837941735982895e-03
3.678531153127551079e-03
7.369420491158962250e-03
2.503405325114727020e-02
5.463206209242343903e-03
-3.632955253124237061e-03
-1.746816188097000122e-02
2.031366573646664619e-03
1.920658722519874573e-02
-8.701811544597148895e-03
1.310960738919675350e-03
1.579423085786402225e-03
1.084129791706800461e-02
4.805520176887512207e-03
1.640594750642776489e-02
1.004725415259599686e-02
-1.541339699178934097e-02
-1.286371611058712006e-03
1.107140723615884781e-02
1.256459299474954605e-02
-1.951167173683643341e-02
1.228422578424215317e-02
5.445772781968116760e-03
-2.139376290142536163e-02
-1.152149401605129242e-02
-9.764271788299083710e-03
-1.274051424115896225e-02
-1.234092749655246735e-02
9.951299056410789490e-03
-1.535963732749223709e-02
1.556393923237919807e-03
5.029223114252090454e-02
-2.123866602778434753e-02
-1.312159094959497452e-02
-9.288188070058822632e-03
8.789305575191974640e-03
-1.198110054247081280e-03
2.669782750308513641e-02
-1.031622476875782013e-02
1.879008486866950989e-03
-3.036843263544142246e-04
-7.601312245242297649e-04
-1.442156452685594559e-02
-6.924714398337528110e-05
-3.932598233222961426e-02
-2.077229321002960205e-02
-3.053845604881644249e-03
3.597452491521835327e-02
1.886957138776779175e-02
1.432285271584987640e-02
4.535911977291107178e-02
1.220196206122636795e-02
-2.252037450671195984e-02
1.679219305515289307e-02
3.125870600342750549e-02
-1.585986837744712830e-02
2.000717446208000183e-02
2.007153816521167755e-03
3.826709464192390442e-02
-1.999174244701862335e-02
-3.105450421571731567e-02
1.062394119799137115e-02
2.935897745192050934e-02
-5.777949001640081406e-03
5.160596594214439392e-02
2.025188319385051727e-02
2.757048420608043671e-02
-2.742080762982368469e-02
6.492712069302797318e-03
5.954992957413196564e-03
-1.968902768567204475e-03
5.638992786407470703e-02
2.450149320065975189e-02
-1.226027868688106537e-02
-5.140750482678413391e-02
4.237768054008483887e-02
3.661096841096878052e-02
-6.914545781910419464e-03
5.631840229034423828e-02
1.077724620699882507e-02
3.992792591452598572e-02
-2.904175408184528351e-02
-6.677895784378051758e-02
-2.491821348667144775e-02
-3.753797337412834167e-02
4.304558411240577698e-02
8.628329262137413025e-03
-3.683074563741683960e-02
-8.260133862495422363e-02
-2.363106422126293182e-02
-5.828025564551353455e-02
-3.010322898626327515e-02
5.476090684533119202e-02
-4.346604645252227783e-02
-1.088105216622352600e-01
6.854622811079025269e-02
-8.889627456665039062e-02
-3.363820258527994156e-03
-4.608936142176389694e-03
-7.528563961386680603e-03
-2.230380102992057800e-02
1.317055989056825638e-02
2.662584185600280762e-02
-1.706741005182266235e-02
-2.861280366778373718e-02
5.871680751442909241e-02
-2.371810935437679291e-02
-2.810359559953212738e-02
5.027813022024929523e-04
-5.908889696002006531e-02
3.212224319577217102e-02
2.275229059159755707e-02
-2.486468292772769928e-02
6.989839486777782440e-03
-1.860191230662167072e-03
-4.834654554724693298e-02
-3.435204178094863892e-02
2.934105135500431061e-02
1.896600238978862762e-02
4.365121945738792419e-02
-2.878242917358875275e-02
3.245617495849728584e-03
-2.282338775694370270e-02
-7.447728421539068222e-03
1.810317300260066986e-02
1.944314129650592804e-02
2.588183619081974030e-02
-1.860092580318450928e-02
1.675746316323056817e-04
-2.569535933434963226e-02
-2.543859556317329407e-02
6.704136729240417480e-03
1.040463335812091827e-02
-1.459348574280738831e-02
-1.011214591562747955e-02
-1.711837761104106903e-02
-2.694861218333244324e-02
3.322026133537292480e-02
-7.980345748364925385e-03
1.552902441471815109e-02
8.044373244047164917e-03
-3.136527084279805422e-04
2.724826568737626076e-03
5.411323625594377518e-03
9.460638277232646942e-03
8.722268976271152496e-03
-1.030560769140720367e-02
-1.311652548611164093e-02
-1.335649378597736359e-02
-1.983848772943019867e-02
-1.250392943620681763e-02
-4.220079630613327026e-03
1.387913152575492859e-02
-2.591801434755325317e-02
5.157065577805042267e-03
-1.436088001355528831e-03
-3.766002773772925138e-04
-3.240047022700309753e-02
1.130466931499540806e-03
-6.398610770702362061e-03
5.614979192614555359e-03
-1.016811653971672058e-02
-5.336072761565446854e-03
-1.351746730506420135e-02
-1.759845204651355743e-02
-4.694885108619928360e-03
-6.237044930458068848e-02
-1.236145105212926865e-02
-7.453480735421180725e-03
2.166193909943103790e-02
-3.558495780453085899e-03
-1.876868866384029388e-02
-3.202217165380716324e-03
1.918952097184956074e-03
-4.147490952163934708e-03
2.572658995632082224e-04
3.990855533629655838e-03
2.014644211158156395e-03
-1.429464574903249741e-02
-4.127005115151405334e-03
-9.564596228301525116e-03
8.748252876102924347e-03
-4.003247246146202087e-03
-9.670299477875232697e-03
-1.080169435590505600e-02
-1.359044923447072506e-03
-1.015220675617456436e-02
-5.540263373404741287e-03
1.448407303541898727e-02
-4.445923957973718643e-03
-3.402629168704152107e-03
8.906464092433452606e-03
-1.425114180892705917e-02
-1.748562604188919067e-02
-7.411124184727668762e-03
6.382694933563470840e-03
1.296371780335903168e-02
-6.720011588186025620e-03
-6.413155701011419296e-03
5.230741109699010849e-03
7.462940644472837448e-03
-3.506163507699966431e-02
5.847783759236335754e-03
-3.874503308907151222e-03
-5.439250729978084564e-03
-6.395991425961256027e-03
-1.032053586095571518e-02
-1.052997168153524399e-02
-4.148789867758750916e-02
-1.865909807384014130e-02
2.607050165534019470e-02
-7.822182029485702515e-03
-8.621124550700187683e-03
-3.421858418732881546e-04
-1.118266396224498749e-02
-7.440139539539813995e-03
-1.363056991249322891e-02
-9.485227055847644806e-03
-1.260905247181653976e-02
-1.577403629198670387e-03
8.368116803467273712e-03
-1.118048839271068573e-02
-7.864102721214294434e-03
-6.969181355088949203e-03
-9.806524962186813354e-03
-9.608034160919487476e-04
-2.480823080986738205e-03
-1.114802993834018707e-02
-1.212543062865734100e-02
-6.462439429014921188e-03
9.685134864412248135e-04
-1.389092858880758286e-02
-1.145631540566682816e-02
-9.215513244271278381e-03
-7.879991084337234497e-03
-1.153809577226638794e-02
-9.749668650329113007e-03
-7.397003937512636185e-03
-8.669649250805377960e-03
-2.181163802742958069e-02
-1.377614308148622513e-02
-1.623683236539363861e-02
-6.474028807133436203e-03
-5.580542143434286118e-03
-4.887566901743412018e-03
-5.249518435448408127e-03
-3.985410556197166443e-03
-5.169401410967111588e-03
-5.330131389200687408e-03
-5.818837787955999374e-03
-4.677700810134410858e-03
1.011363882571458817e-02
-2.698685741052031517e-03
-3.882592776790261269e-03
-4.733274225145578384e-03
-1.025844551622867584e-02
-5.899911746382713318e-03
-7.289293222129344940e-03
1.035878784023225307e-03
-4.846302792429924011e-02
-1.096346415579319000e-02
-1.074579730629920959e-02
-7.982230745255947113e-03
-5.040950607508420944e-03
-7.763726636767387390e-03
-6.140919867902994156e-03
-1.061737816780805588e-02
-6.232276093214750290e-03
-6.294538266956806183e-03
-4.928657319396734238e-03
-6.511058192700147629e-03
-3.934673964977264404e-03
-6.916970480233430862e-03
-4.240151960402727127e-03
-4.025518428534269333e-03
-9.088746272027492523e-03
-1.148522086441516876e-02
-9.487843490205705166e-04
-6.938826292753219604e-03
-2.505494048818945885e-03
-6.308652926236391068e-03
-4.408617503941059113e-03
-5.752288736402988434e-03
-3.846988780423998833e-03
-4.055452067404985428e-03
1.138409506529569626e-02
-3.139997832477092743e-03
-3.126113442704081535e-03
4.495420027524232864e-03
