-7.033507426967844367e-05
-9.635162132326513529e-05
-4.958460340276360512e-05
-1.871172935352660716e-05
-5.226489065535133705e-06
-1.266006001969799399e-04
1.999089545279275626e-05
-2.011914330068975687e-05
5.678227171301841736e-05
-8.254199201473966241e-05
7.607904262840747833e-05
3.285845014033839107e-05
9.633256013330537826e-06
9.569904068484902382e-05
7.030036067590117455e-05
1.312001404585316777e-04
1.438401668565347791e-04
1.871267013484612107e-04
1.397993764840066433e-04
1.980441593332216144e-04
1.870968117145821452e-04
1.724422472761943936e-04
2.276820450788363814e-04
2.727442770265042782e-04
2.283196226926520467e-04
3.251992457080632448e-04
4.010131233371794224e-04
3.688393044285476208e-04
4.247031465638428926e-04
4.559793451335281134e-04
6.120377802290022373e-04
4.890096024610102177e-04
6.105427164584398270e-04
6.200447096489369869e-04
7.319130236282944679e-04
7.559721707366406918e-04
7.656728266738355160e-04
7.921695942059159279e-04
9.170564590021967888e-04
9.465831099078059196e-04
9.622665820643305779e-04
1.068844110704958439e-03
1.107694930396974087e-03
1.224007341079413891e-03
1.269420958124101162e-03
1.355874002911150455e-03
1.327973557636141777e-03
1.353015890344977379e-03
1.570273656398057938e-03
1.484808046370744705e-03
1.618669950403273106e-03
1.775764510966837406e-03
1.823005964979529381e-03
1.914233900606632233e-03
1.941762631759047508e-03
2.088224515318870544e-03
2.081947401165962219e-03
2.280817134305834770e-03
2.297443104907870293e-03
2.404365688562393188e-03
2.490945858880877495e-03
2.610748633742332458e-03
2.755118766799569130e-03
2.850725082680583000e-03
2.874927828088402748e-03
3.072896972298622131e-03
3.222801955416798592e-03
3.251411952078342438e-03
3.347540972754359245e-03
3.533935174345970154e-03
3.570976201444864273e-03
3.693462582305073738e-03
3.815975505858659744e-03
3.873283974826335907e-03
4.059310536831617355e-03
4.086248110979795456e-03
4.231083672493696213e-03
4.235653672367334366e-03
4.399536643177270889e-03
4.547500982880592346e-03
4.577253479510545731e-03
4.669283051043748856e-03
4.822786431759595871e-03
4.922163672745227814e-03
5.003575701266527176e-03
5.066463723778724670e-03
5.159350112080574036e-03
5.260027013719081879e-03
5.314521491527557373e-03
5.311527755111455917e-03
5.558035336434841156e-03
5.502542946487665176e-03
5.596612114459276199e-03
5.668871570378541946e-03
5.703987553715705872e-03
5.835037212818861008e-03
5.938226822763681412e-03
6.014763843268156052e-03
5.858786404132843018e-03
5.886403843760490417e-03
6.084948312491178513e-03
6.041723769158124924e-03
5.995251238346099854e-03
6.110127083957195282e-03
6.011268589645624161e-03
6.046000868082046509e-03
6.163997575640678406e-03
6.093529984354972839e-03
6.102552637457847595e-03
6.032625678926706314e-03
5.985415074974298477e-03
5.946920253336429596e-03
5.911927670240402222e-03
5.821595434099435806e-03
5.607673432677984238e-03
5.679678637534379959e-03
5.411819554865360260e-03
5.400998517870903015e-03
5.347085185348987579e-03
5.163869354873895645e-03
4.879275802522897720e-03
4.740942735224962234e-03
4.438158590346574783e-03
4.397068172693252563e-03
4.216301254928112030e-03
3.784836502745747566e-03
3.741245251148939133e-03
3.445193171501159668e-03
3.369520884007215500e-03
3.065745113417506218e-03
2.904806518927216530e-03
2.716610673815011978e-03
2.526395721361041069e-03
2.412851201370358467e-03
2.071191556751728058e-03
2.019815379753708839e-03
1.822208985686302185e-03
1.528989640064537525e-03
1.421877997927367687e-03
1.373176113702356815e-03
1.341897295787930489e-03
1.290023676119744778e-03
1.387729076668620110e-03
1.433288445696234703e-03
1.679477863945066929e-03
1.897890702821314335e-03
2.183178672567009926e-03
2.423481550067663193e-03
3.054780187085270882e-03
3.387346863746643066e-03
3.976212814450263977e-03
4.324853420257568359e-03
4.672447685152292252e-03
5.524331703782081604e-03
5.842110607773065567e-03
6.029456853866577148e-03
6.433775648474693298e-03
6.088665220886468887e-03
5.326216574758291245e-03
5.059206392616033554e-03
4.662591498345136642e-03
3.245803061872720718e-03
2.989556407555937767e-03
1.712658908218145370e-03
1.362932147458195686e-03
-5.414468978415243328e-05
-1.416385290212929249e-03
-7.194656645879149437e-04
-8.628685027360916138e-04
-1.403961097821593285e-03
-1.806578133255243301e-03
-1.142556662671267986e-03
1.840542303398251534e-03
2.319954102858901024e-03
1.545936567708849907e-03
1.546512125059962273e-03
-2.424668200546875596e-04
-2.270961645990610123e-03
7.029692642390727997e-03
1.788701163604855537e-03
5.061847623437643051e-03
-1.572159677743911743e-02
-8.829591388348490000e-05
2.495770109817385674e-03
-4.992170259356498718e-03
2.165202796459197998e-02
5.157914385199546814e-02
9.847448207437992096e-03
6.241200026124715805e-03
7.051448523998260498e-02
2.667854353785514832e-02
4.728136211633682251e-02
1.112461462616920471e-02
-6.538303196430206299e-02
1.565547659993171692e-02
4.492470249533653259e-02
-2.760838530957698822e-02
6.127735134214162827e-03
2.727034501731395721e-03
2.496435865759849548e-02
-2.938588522374629974e-02
1.682868786156177521e-02
2.835023216903209686e-02
-6.226204335689544678e-02
-7.683420926332473755e-02
1.081971917301416397e-02
-4.969930648803710938e-02
-2.776075713336467743e-02
-2.964905090630054474e-02
-1.910092495381832123e-02
-1.519240252673625946e-02
2.686979062855243683e-02
1.123469695448875427e-02
-1.848919503390789032e-02
-4.119685385376214981e-03
-3.105763345956802368e-03
1.216913107782602310e-03
-1.980985328555107117e-02
-1.092470902949571609e-02
-1.863924972712993622e-02
-1.135502289980649948e-02
-1.048953551799058914e-02
-8.274631574749946594e-03
-1.060338784009218216e-02
-1.226100139319896698e-02
-1.441579312086105347e-02
-1.517127640545368195e-02
-1.440076529979705811e-02
-1.476367376744747162e-02
-1.480560563504695892e-02
-1.440697349607944489e-02
-1.578498631715774536e-02
-1.425624173134565353e-02
-1.356393471360206604e-02
-1.266468502581119537e-02
-1.161660067737102509e-02
-1.118055451661348343e-02
-9.693303145468235016e-03
-9.500056505203247070e-03
-8.988356217741966248e-03
-8.601825684309005737e-03
-8.103914558887481689e-03
-7.313219830393791199e-03
-6.446839775890111923e-03
-5.388744641095399857e-03
-5.135680548846721649e-03
-4.155711736530065536e-03
-3.729479853063821793e-03
-2.950894413515925407e-03
-2.111026318743824959e-03
-2.002205466851592064e-03
-1.803155639208853245e-03
-1.434249454177916050e-03
-1.510087749920785427e-03
-1.124141621403396130e-03
-1.396997598931193352e-03
-1.453492441214621067e-03
-1.865489757619798183e-03
-2.097591990604996681e-03
-2.408173866569995880e-03
-2.694885712116956711e-03
-2.928906120359897614e-03
-3.305826801806688309e-03
-3.728035138919949532e-03
-4.201134201139211655e-03
-4.563308786600828171e-03
-4.944622516632080078e-03
-5.374716129153966904e-03
-5.692335776984691620e-03
-5.770539864897727966e-03
-6.091814488172531128e-03
-6.603092886507511139e-03
-6.926856469362974167e-03
-7.336480543017387390e-03
-7.428650744259357452e-03
-7.826516404747962952e-03
-8.183134719729423523e-03
-8.410288020968437195e-03
-8.517869748175144196e-03
-8.954423479735851288e-03
-9.025034494698047638e-03
-9.290943853557109833e-03
-9.504155255854129791e-03
-9.592758491635322571e-03
-9.707982651889324188e-03
-9.867071174085140228e-03
-1.007053907960653305e-02
-1.011488959193229675e-02
-1.024273037910461426e-02
-1.032201107591390610e-02
-1.040132064372301102e-02
-1.047924067825078964e-02
-1.053377985954284668e-02
-1.051976159214973450e-02
-1.057136151939630508e-02
-1.060379389673471451e-02
-1.053804345428943634e-02
-1.068931259214878082e-02
-1.060654502362012863e-02
-1.059173792600631714e-02
-1.052027475088834763e-02
-1.052626501768827438e-02
-1.043892838060855865e-02
-1.042813342064619064e-02
-1.040087826550006866e-02
-1.040762476623058319e-02
-1.031434629112482071e-02
-1.033146679401397705e-02
-1.015920843929052353e-02
-1.008049771189689636e-02
-1.002116408199071884e-02
-1.006525196135044098e-02
-9.796897880733013153e-03
-9.700411930680274963e-03
-9.727828204631805420e-03
-9.635376743972301483e-03
-9.593154303729534149e-03
-9.335361421108245850e-03
-9.249242022633552551e-03
-9.182449430227279663e-03
-8.982274681329727173e-03
-8.951187133789062500e-03
-8.747695945203304291e-03
-8.645101450383663177e-03
-8.544847369194030762e-03
-8.326779119670391083e-03
-8.246547542512416840e-03
-8.041466586291790009e-03
-7.886026054620742798e-03
-7.596572395414113998e-03
-7.612453773617744446e-03
-7.380753289908170700e-03
-7.175139151513576508e-03
-7.055298890918493271e-03
-6.872264202684164047e-03
-6.792740896344184875e-03
-6.529937963932752609e-03
-6.464081350713968277e-03
-6.167981773614883423e-03
-6.076354533433914185e-03
-5.825608503073453903e-03
-5.793293938040733337e-03
-5.542354192584753036e-03
-5.408616270869970322e-03
-5.277575459331274033e-03
-5.043389275670051575e-03
-4.905298352241516113e-03
-4.700367338955402374e-03
-4.612634889781475067e-03
-4.524713847786188126e-03
-4.236573353409767151e-03
-4.219643305987119675e-03
-4.009900614619255066e-03
-3.866180311888456345e-03
-3.802840365096926689e-03
-3.663182258605957031e-03
-3.448282135650515556e-03
-3.365607932209968567e-03
-3.233862807974219322e-03
-3.077031578868627548e-03
-2.918257610872387886e-03
-2.872131299227476120e-03
-2.703779609873890877e-03
-2.634993055835366249e-03
-2.597508020699024200e-03
-2.419273136183619499e-03
-2.301545348018407822e-03
-2.200876828283071518e-03
-2.081676619127392769e-03
-2.107046544551849365e-03
-1.899494789540767670e-03
-1.741093583405017853e-03
-1.784128951840102673e-03
-1.651114202104508877e-03
-1.596704241819679737e-03
-1.487498404458165169e-03
-1.402846071869134903e-03
-1.302442396990954876e-03
-1.260712044313549995e-03
-1.208577537909150124e-03
-1.129929441958665848e-03
-1.108302967622876167e-03
-9.718181681819260120e-04
-9.244570392183959484e-04
-9.040202130563557148e-04
-8.333628065884113312e-04
-7.889106054790318012e-04
-6.772109190933406353e-04
-6.765876896679401398e-04
-6.334322388283908367e-04
-6.485822377726435661e-04
-5.010513123124837875e-04
-5.088278558105230331e-04
-4.740422882605344057e-04
-4.665830347221344709e-04
-4.021606873720884323e-04
-3.882689052261412144e-04
-3.086128272116184235e-04
-3.234820615034550428e-04
-3.119845350738614798e-04
-2.748238621279597282e-04
