1.213406721944920719e-04
1.155533536802977324e-04
-5.012770270695909858e-05
6.050987576600164175e-05
-2.927836976596154273e-05
-8.124992018565535545e-05
-3.110212564934045076e-04
-2.399180521024391055e-04
-2.800753572955727577e-04
-3.325406287331134081e-04
-3.741969994734972715e-04
-4.380171303637325764e-04
-4.110889276489615440e-04
-5.076688830740749836e-04
-2.137674600817263126e-04
-1.413843856425955892e-04
-9.943829354597255588e-06
-4.040598469146061689e-06
-1.053465530276298523e-04
-8.415780757786706090e-05
-2.609530929476022720e-04
-4.965541884303092957e-04
-7.363220211118459702e-04
-7.675070664845407009e-04
-8.215997950173914433e-04
-7.863900973461568356e-04
-6.762508419342339039e-04
-5.419029039330780506e-04
-4.997653304599225521e-04
-5.428956937976181507e-04
-3.415076062083244324e-04
-4.859222099184989929e-03
1.296601549256592989e-04
2.414724003756418824e-04
2.100262354360893369e-04
2.288938994752243161e-04
2.272724523209035397e-04
-4.612891934812068939e-03
-1.026228619593894109e-05
-2.402785758022218943e-04
-6.875163526274263859e-04
-7.685514283366501331e-04
-5.798943457193672657e-04
-1.394016109406948090e-02
-6.010330980643630028e-05
4.462436891117249615e-07
-6.870235665701329708e-05
-1.122823523473925889e-04
-1.192799900309182703e-04
-4.154761880636215210e-02
-1.394454593537375331e-04
-2.432839246466755867e-04
-2.392807946307584643e-04
-3.692655591294169426e-04
-2.313295938074588776e-02
-5.987927783280611038e-03
-1.636073866393417120e-04
-6.045672489563003182e-05
-3.868226485792547464e-05
-3.746516630053520203e-02
9.952498658094555140e-05
8.036097278818488121e-05
8.674008131492882967e-05
-4.088750481605529785e-02
-1.924871176015585661e-04
-2.279907639604061842e-04
-3.192212025169283152e-04
-3.620052710175514221e-02
-2.874244237318634987e-04
-1.242030702996999025e-04
-3.273980319499969482e-02
-1.064331829547882080e-02
5.216240970185026526e-05
6.531707913381978869e-05
4.289568460080772638e-05
-5.634929239749908447e-02
2.125765895470976830e-04
1.873309229267761111e-04
8.333512960234656930e-05
-8.194751292467117310e-02
-1.053714659065008163e-04
-8.178406278602778912e-05
-1.486645778641104698e-03
-3.348656743764877319e-02
-2.389127947390079498e-02
-6.301641697064042091e-04
-4.069072380661964417e-02
-6.242941017262637615e-04
-1.166504714637994766e-02
-6.073268875479698181e-02
-3.220607060939073563e-03
-3.176548052579164505e-03
-8.500050171278417110e-04
-4.599447175860404968e-02
-4.789599776268005371e-02
6.401883729267865419e-05
3.289419400971382856e-04
3.938003501389175653e-04
-1.063896864652633667e-01
3.245103289373219013e-04
2.647217188496142626e-04
2.626351197250187397e-04
-4.229535907506942749e-02
-4.586169496178627014e-02
6.169450352899730206e-05
-2.840784436557441950e-04
-5.984871834516525269e-02
-2.000908926129341125e-02
-4.105439584236592054e-04
5.717744215871789493e-07
-6.299108266830444336e-02
2.290562406415119767e-04
-7.426474243402481079e-02
-5.172707606106996536e-04
-3.521621227264404297e-03
-1.915095024742186069e-03
-5.858090589754283428e-04
-9.936679154634475708e-02
-2.694876457098871469e-04
-1.572582684457302094e-02
-9.364123456180095673e-03
-1.222143601626157761e-02
-5.057141970610246062e-05
-5.642989650368690491e-02
-8.124685846269130707e-04
-2.753206645138561726e-04
-5.190045759081840515e-02
-3.858028503600507975e-04
-7.868882268667221069e-03
-5.000299424864351749e-04
-3.997609310317784548e-04
-6.990861892700195312e-02
-2.582705346867442131e-04
-5.076387431472539902e-03
-1.099976478144526482e-03
-1.483976608142256737e-03
-1.384564093314111233e-03
-3.363942727446556091e-02
-4.977263510227203369e-03
-2.222204493591561913e-04
-8.364390581846237183e-03
-1.423540990799665451e-03
-6.255055312067270279e-03
-3.790887305513024330e-03
-3.357224341016262770e-04
-8.981665450846776366e-05
5.389988655224442482e-05
-1.102588512003421783e-02
1.307518978137522936e-04
1.268863270524889231e-04
9.395862434757873416e-05
1.663305738475173712e-04
3.328283200971782207e-04
4.672286449931561947e-04
5.104966694489121437e-04
5.157147534191608429e-04
4.700300924014300108e-04
4.172267799731343985e-04
2.716368180699646473e-04
8.151613292284309864e-05
-2.956766729766968638e-05
-5.097902612760663033e-05
3.625679164542816579e-05
3.333604254294186831e-04
5.328471306711435318e-04
6.908982177264988422e-04
9.888795902952551842e-04
9.741770918481051922e-04
9.383616852574050426e-04
9.462192538194358349e-04
8.675658027641475201e-04
7.952261366881430149e-04
6.737939547747373581e-04
3.827167092822492123e-04
1.994940248550847173e-04
1.528615539427846670e-04
2.718899631872773170e-04
5.399406654760241508e-04
8.080083644017577171e-04
9.742483380250632763e-04
1.027522841468453407e-03
9.027497726492583752e-04
4.278353590052574873e-04
-1.569809683132916689e-04
-4.572620964609086514e-04
-8.669051458127796650e-04
-1.106155803427100182e-03
-1.294848509132862091e-03
-1.412736717611551285e-03
-1.435502665117383003e-03
-1.675906474702060223e-03
-1.604217803105711937e-03
-1.338297617621719837e-03
-1.323008909821510315e-03
-9.915961418300867081e-04
-3.643403761088848114e-04
-7.148170698201283813e-05
-2.803904935717582703e-04
-9.583210921846330166e-04
-1.225998159497976303e-03
-1.233708928339183331e-03
-9.806603193283081055e-04
-5.096071399748325348e-04
-3.160673659294843674e-04
4.527108394540846348e-04
7.196625811047852039e-04
1.903582983686646912e-06
-4.515753826126456261e-04
-6.231258739717304707e-04
-1.059884438291192055e-03
-3.153642755933105946e-04
1.871417043730616570e-04
2.560456341598182917e-04
1.642233255552127957e-04
3.321018084534443915e-05
1.892022846732288599e-04
-1.471646737627452239e-05
-2.280178159708157182e-04
-1.938160130521282554e-04
-1.612217311048880219e-04
-9.374490764457732439e-05
-4.680775236920453608e-05
7.569124863948673010e-05
1.946539705386385322e-04
2.581816224846988916e-04
1.687322219368070364e-04
8.911030454328283668e-05
1.640891423448920250e-04
3.048865764867514372e-04
3.565203514881432056e-04
4.812071274500340223e-04
5.797324702143669128e-04
5.374492029659450054e-04
5.108591867610812187e-04
4.964763647876679897e-04
5.676305154338479042e-04
4.892796277999877930e-04
2.276058221468701959e-04
1.919193455250933766e-04
5.472576049214694649e-06
-2.196466084569692612e-05
-1.271910878131166101e-05
1.313781649514567107e-05
7.150263991206884384e-05
1.857775932876393199e-04
2.124891761923208833e-04
-1.129100564867258072e-05
-9.536987636238336563e-05
-1.663343718973919749e-04
-1.222066202899441123e-04
-1.384276431053876877e-02
-3.247873564760084264e-06
-4.460213531274348497e-04
-1.634445041418075562e-03
-4.092060029506683350e-03
-5.131203215569257736e-04
-4.242513386998325586e-04
-3.795059747062623501e-04
-2.219453745055943727e-04
-5.275038257241249084e-02
-2.607775968499481678e-04
-3.440592554397881031e-04
-1.524165272712707520e-03
-1.933911931701004505e-03
4.187620652373880148e-05
2.022928674705326557e-04
-8.440028131008148193e-02
1.244778250111266971e-04
4.123728649574331939e-05
-7.190947420895099640e-03
-9.694175678305327892e-04
-1.645660586655139923e-02
-2.967315539717674255e-02
2.306891110492870212e-04
-7.068584114313125610e-02
2.960070560220628977e-04
2.493439824320375919e-04
1.770503149600699544e-04
-6.275481730699539185e-02
2.300339110661298037e-04
2.274066355312243104e-04
-7.728578150272369385e-02
-2.272379212081432343e-02
-4.751001688418909907e-05
-5.873380723642185330e-05
-1.292270171688869596e-04
-8.903356641530990601e-02
-4.339464381337165833e-02
-3.762054257094860077e-04
-3.534867137204855680e-04
-1.860516518354415894e-02
-7.914753950899466872e-05
-1.101021617650985718e-01
6.276576186792226508e-06
-3.726602066308259964e-03
-3.766328096389770508e-02
-1.103054825216531754e-02
-1.233541988767683506e-03
-6.620471179485321045e-02
-2.045488916337490082e-02
-1.276010368019342422e-02
-3.826947882771492004e-02
-4.370070237200707197e-04
-5.625576153397560120e-02
-1.161731634056195617e-04
-3.689019009470939636e-02
-4.884167574346065521e-04
1.060698632500134408e-04
-1.115878224372863770e-01
-9.244521061191335320e-05
-4.632008131011389196e-05
-5.956534296274185181e-03
7.071172876749187708e-05
-8.659166097640991211e-02
1.609600731171667576e-04
1.886032696347683668e-04
-7.514887303113937378e-02
1.658574765315279365e-04
2.629839291330426931e-04
1.690809731371700764e-04
3.357707100803963840e-05
-1.188410520553588867e-01
-3.345005388837307692e-04
-3.197292971890419722e-04
-5.979873239994049072e-04
-3.140150755643844604e-02
-1.089760567992925644e-02
-3.125986084342002869e-02
-8.136754331644624472e-05
-6.325425056274980307e-05
-5.812207981944084167e-02
1.308663195231929421e-04
-2.720163017511367798e-02
3.057545836782082915e-05
-5.305095328367315233e-05
-1.430509146302938461e-02
-1.420554035576060414e-04
-5.793745443224906921e-02
-1.402200141455978155e-04
-1.418769097654148936e-04
-1.944807736435905099e-04
-6.582967471331357956e-03
-2.239190216641873121e-04
-5.181156098842620850e-02
-3.568278334569185972e-04
-3.006193146575242281e-04
-3.221442457288503647e-04
-4.690477217081934214e-04
-6.281130481511354446e-04
-3.842401504516601562e-02
-5.750936106778681278e-04
-4.691520298365503550e-04
-2.316781028639525175e-04
-3.643382713198661804e-02
-9.132386912824586034e-05
-1.032124637276865542e-04
-6.742029654560610652e-05
1.361428003292530775e-04
-7.686278317123651505e-03
-8.051610551774501801e-03
2.138499257853254676e-04
2.461919211782515049e-04
2.522534050513058901e-04
1.542476384202018380e-04
1.870170235633850098e-04
-2.887096442282199860e-02
2.006793147302232683e-05
-2.343612432014197111e-04
-5.646399804390966892e-04
-6.396254175342619419e-04
-5.291320849210023880e-04
-6.101076724007725716e-04
-4.258048138581216335e-04
-2.738663752097636461e-04
1.572583096276503056e-05
1.338408474111929536e-04
-2.509639831259846687e-03
-3.881774318870157003e-04
-5.503320717252790928e-04
-8.817385532893240452e-04
-8.818387286737561226e-04
-7.266125758178532124e-04
-5.856258794665336609e-04
-2.892582560889422894e-04
-1.388692326145246625e-04
-2.306104433955624700e-04
-1.634884538361802697e-04
-2.200871531385928392e-04
-2.784900716505944729e-04
-2.418298827251419425e-04
-2.509628247935324907e-04
-2.973685914184898138e-04
-2.393725153524428606e-04
-1.083340539480559528e-04
-1.686233299551531672e-04
-2.902449923567473888e-04
-1.340914168395102024e-04
1.060507420334033668e-04
9.909919754136353731e-05
1.238657714566215873e-04
5.175552723812870681e-05
