-1.624420110601931810e-04
-3.094834682997316122e-04
5.038151721237227321e-05
-4.275770625099539757e-04
2.686345251277089119e-04
1.099797955248504877e-04
-6.584635702893137932e-04
-1.650204649195075035e-04
-3.711010213010013103e-04
5.275081093714106828e-06
-2.637687139213085175e-04
-5.228832596912980080e-04
-4.955719341523945332e-04
-4.573870974127203226e-04
-3.717639192473143339e-04
-1.073866034857928753e-03
-3.689597651828080416e-04
-5.219343584030866623e-04
-2.112695947289466858e-04
-4.050798015668988228e-04
-1.649261394049972296e-04
-5.160626024007797241e-04
-5.280523328110575676e-04
-5.258216988295316696e-04
-5.998109118081629276e-04
-2.406817511655390263e-04
-4.368963127490133047e-04
-4.253568768035620451e-04
-5.495328223332762718e-04
-4.647244059015065432e-04
-7.283821469172835350e-04
-9.711904567666351795e-05
-2.958733239211142063e-04
-2.796073677018284798e-04
-3.717540530487895012e-04
-4.076207114849239588e-04
-1.506275020801695064e-05
-5.743064102716743946e-04
-5.187317728996276855e-04
-2.217419678345322609e-04
-4.786208737641572952e-04
-8.379977080039680004e-04
-1.379523746436461806e-04
-3.479770675767213106e-04
-4.111962916795164347e-04
-1.353860716335475445e-04
-1.770414091879501939e-04
-2.880137471947818995e-04
-8.216520654968917370e-06
-2.625785418786108494e-04
-3.664351534098386765e-04
-3.020139120053499937e-04
-2.297042519785463810e-04
-6.846675532869994640e-04
-2.078991528833284974e-04
-4.132953181397169828e-04
-4.697756667155772448e-04
-4.325837362557649612e-04
-3.308077866677194834e-04
-3.425934701226651669e-04
-4.854709550272673368e-04
-4.031508415937423706e-02
-3.024424659088253975e-04
-4.996596253477036953e-04
-8.250025566667318344e-04
-3.598494804464280605e-04
-3.376596141606569290e-04
-5.321095813997089863e-04
-6.415754323825240135e-04
-9.686503908596932888e-04
-9.779916144907474518e-04
-4.892048891633749008e-04
-7.144733797758817673e-03
-7.421949994750320911e-04
-3.263542603235691786e-04
-4.576102946884930134e-04
-7.997086504474282265e-04
-7.748836651444435120e-04
-3.435814380645751953e-02
-1.147232178482227027e-04
-1.954014413058757782e-03
-2.576588653028011322e-02
-1.275943475775420666e-03
-5.614538863301277161e-02
-2.076952951028943062e-04
-1.969437114894390106e-02
-2.406663261353969574e-02
-1.059475587680935860e-03
-4.333103820681571960e-02
-7.589118904434144497e-04
-4.576397687196731567e-02
-6.365837529301643372e-03
-8.883769623935222626e-04
-9.637559205293655396e-02
-9.912289679050445557e-04
-5.838600918650627136e-02
-1.700768992304801941e-02
-2.848107926547527313e-02
-2.222335897386074066e-02
-7.710949331521987915e-02
-1.582438126206398010e-02
-6.397325545549392700e-02
-3.999462723731994629e-02
-3.371956199407577515e-02
-5.191120877861976624e-02
-4.686227440834045410e-02
-7.014170289039611816e-02
-3.851500526070594788e-02
-5.378139764070510864e-02
-8.268347382545471191e-02
-3.599679470062255859e-02
-3.237816691398620605e-02
-1.046290174126625061e-01
-4.463171213865280151e-02
-6.140406057238578796e-02
-4.513790458440780640e-02
-8.111265301704406738e-02
-2.681255154311656952e-02
-9.346961230039596558e-02
-6.810014694929122925e-02
-5.156510323286056519e-02
-1.132726743817329407e-01
-1.945571228861808777e-02
-9.557112306356430054e-02
-5.811071023344993591e-02
-6.911043077707290649e-02
-4.201190918684005737e-02
-7.360786944627761841e-02
-8.022149652242660522e-02
-4.679847136139869690e-02
-6.211182847619056702e-02
-5.737977102398872375e-02
-8.158704638481140137e-02
-4.566042870283126831e-02
-2.175137400627136230e-02
-9.168951958417892456e-02
-2.979250065982341766e-02
-6.389443576335906982e-02
-4.622898250818252563e-02
-3.841577470302581787e-02
-3.321578353643417358e-02
-4.675798490643501282e-02
-3.945574909448623657e-02
-1.813865080475807190e-02
-3.338456526398658752e-02
-3.008296154439449310e-02
-8.687420748174190521e-03
-2.534879557788372040e-02
-8.555477485060691833e-03
-1.313575543463230133e-02
-5.637335125356912613e-03
-7.496774662286043167e-03
-3.862955607473850250e-03
-3.035064088180661201e-03
-1.572450972162187099e-03
-1.456749392673373222e-03
-1.505378750152885914e-03
-1.518245204351842403e-03
-1.667769975028932095e-03
-1.714914338663220406e-03
-1.294872141443192959e-03
-1.348622958175837994e-03
-1.160883461125195026e-03
-1.387151307426393032e-03
-1.059681759215891361e-03
-8.360255160368978977e-04
-1.164880464784801006e-03
-1.217445125803351402e-03
-1.105585368350148201e-03
-1.120465691201388836e-03
-6.470813532359898090e-04
-1.300236675888299942e-03
-7.552455062977969646e-04
-9.258609497919678688e-04
-7.298329728655517101e-04
-7.420912734232842922e-04
-5.396042834036052227e-04
-3.721442189998924732e-04
-1.317301357630640268e-04
-2.463353157509118319e-04
-7.167069124989211559e-04
-5.300377961248159409e-04
1.482763473177328706e-04
3.689106961246579885e-04
3.552381822373718023e-04
2.190558880101889372e-04
2.855815982911735773e-04
-3.783045758609659970e-05
4.090078291483223438e-04
1.246320753125473857e-04
5.301482160575687885e-04
3.406225005164742470e-04
3.393342194613069296e-04
4.651711496990174055e-04
3.556530282367020845e-04
1.253102323971688747e-03
1.476769917644560337e-03
2.536071930080652237e-03
1.881340984255075455e-03
1.601660624146461487e-03
8.268023957498371601e-04
8.629783987998962402e-04
1.183477579616010189e-03
1.248316490091383457e-03
1.092785154469311237e-03
1.127920811995863914e-03
9.330281172879040241e-04
1.480259525123983622e-04
3.449477371759712696e-04
2.315763267688453197e-04
5.254527786746621132e-04
7.247402681969106197e-04
1.751524541759863496e-04
6.466371705755591393e-04
2.550364006310701370e-04
4.520193615462630987e-04
-3.322571865282952785e-04
1.522897655377164483e-04
-1.826730585889890790e-04
1.254012313438579440e-04
-5.377076449804008007e-04
-6.687238928861916065e-04
9.898376447381451726e-06
-6.151435081847012043e-04
-9.903744794428348541e-04
-9.949685772880911827e-04
-1.133586163632571697e-03
-6.299688830040395260e-04
-6.259728688746690750e-04
-9.323058184236288071e-04
-1.217833836562931538e-03
-1.093018683604896069e-03
-1.346669392660260201e-03
-1.285524922423064709e-03
-1.511175651103258133e-03
-1.318494207225739956e-03
-1.722732675261795521e-03
-1.770110218785703182e-03
-1.618810230866074562e-03
-1.149353221990168095e-03
-1.154679921455681324e-03
-1.360076828859746456e-03
-1.631588907912373543e-03
-2.552020596340298653e-03
-1.673519145697355270e-03
-1.612600986845791340e-03
-5.766874644905328751e-03
-2.561586443334817886e-03
-1.326736714690923691e-02
-3.136550076305866241e-03
-1.087014842778444290e-02
-1.190554164350032806e-02
-2.574198693037033081e-02
-2.916724048554897308e-02
-2.453738590702414513e-03
-5.608346685767173767e-02
-2.178421709686517715e-03
-5.387719720602035522e-02
-2.113796770572662354e-02
-6.181918084621429443e-02
-1.304049417376518250e-02
-8.225540071725845337e-02
-1.960792392492294312e-02
-7.673749327659606934e-02
-3.553283587098121643e-02
-7.212319970130920410e-02
-3.955700621008872986e-02
-7.234100997447967529e-02
-5.903770774602890015e-02
-5.194057896733283997e-02
-5.250535532832145691e-02
-8.625280112028121948e-02
-4.830048605799674988e-02
-9.441335499286651611e-02
-3.217559307813644409e-02
-1.136823371052742004e-01
-2.659683488309383392e-02
-9.753931313753128052e-02
-4.350460693240165710e-02
-7.631767541170120239e-02
-6.069700419902801514e-02
-6.014620140194892883e-02
-6.505099684000015259e-02
-6.943359971046447754e-02
-7.767704129219055176e-02
-3.967742994427680969e-02
-4.924437031149864197e-02
-8.113840967416763306e-02
-6.660481542348861694e-02
-5.168731883168220520e-02
-5.287604033946990967e-02
-5.124071612954139709e-02
-7.305991649627685547e-02
-3.820920735597610474e-02
-5.053875967860221863e-02
-3.552606701850891113e-02
-8.646602928638458252e-02
-1.868184655904769897e-02
-6.664548069238662720e-02
-3.518876805901527405e-02
-1.884111016988754272e-02
-5.688183009624481201e-02
-6.074385717511177063e-02
-1.203996711410582066e-03
-6.529514491558074951e-02
-1.135079772211611271e-03
-6.034302338957786560e-02
-3.563921153545379639e-02
-1.712941215373575687e-03
-7.238596677780151367e-02
-9.942420292645692825e-04
-9.738987428136169910e-04
-5.814074352383613586e-02
-8.489028550684452057e-04
-5.741266999393701553e-03
-1.824652962386608124e-02
-1.591808907687664032e-02
-1.999525912106037140e-02
-4.083749663550406694e-04
-2.298929542303085327e-02
-4.394203133415430784e-04
-4.134997352957725525e-02
-6.756813381798565388e-04
-1.075123785994946957e-03
-1.410699822008609772e-02
-5.802036030218005180e-04
-5.923925200477242470e-04
-6.723280064761638641e-03
-7.863724604249000549e-04
-5.581946461461484432e-04
-1.095654815435409546e-02
-8.672413532622158527e-04
-5.565341096371412277e-03
-4.073024319950491190e-04
-4.177954397164285183e-04
-5.992052028886973858e-04
-7.686004042625427246e-03
-3.776793892029672861e-04
-3.509576199576258659e-04
-4.587793664541095495e-04
-8.879246306605637074e-04
-6.200571660883724689e-04
-6.151972338557243347e-04
-5.885286955162882805e-04
-3.134904254693537951e-04
-5.396087653934955597e-04
-6.354615325108170509e-04
-6.229282589629292488e-04
-1.618774980306625366e-02
-4.087673150934278965e-04
-4.845358780585229397e-04
-5.937740788795053959e-04
-5.004269187338650227e-04
-2.638570731505751610e-03
-4.782988980878144503e-04
-1.026092562824487686e-03
-1.937737106345593929e-04
-5.865644197911024094e-04
-4.819036403205245733e-04
-9.507128852419555187e-04
-3.278202493675053120e-04
-6.608072435483336449e-04
-4.850042751058936119e-04
-3.305518184788525105e-04
-5.667919758707284927e-04
-5.356550100259482861e-04
-3.588431573007255793e-04
-4.312533565098419785e-05
-5.232563125900924206e-04
-2.055349468719214201e-04
-2.097922406392171979e-04
-7.171084871515631676e-04
-2.942101855296641588e-04
-8.832778985379263759e-05
-2.233353880001232028e-04
-3.555130679160356522e-04
-1.382068003294989467e-04
-4.798946320079267025e-04
-4.605035937856882811e-04
-2.787058183457702398e-04
-5.504731670953333378e-04
2.671097754500806332e-04
-2.464634890202432871e-04
-1.787129440344870090e-04
-2.227662043878808618e-04
2.812493476085364819e-04
-5.452376790344715118e-04
-2.243481576442718506e-04
-1.635580410948023200e-04
-3.472003154456615448e-04
-4.678700497606769204e-05
-3.496353747323155403e-04
-4.499255446717143059e-04
-9.350898326374590397e-04
-1.173799901152960956e-04
-6.490020896308124065e-04
-3.323699929751455784e-04
-5.121998256072402000e-04
-7.123324903659522533e-04
-8.590748184360563755e-04
1.579338859301060438e-04
